          step              r      E_metad_r      n_cont_CA   n_cont_heavy       n_saltbr        n_hbond           SASA           RMSD             Rg 
             0   6.038347e-01   0.000000e+00              1             64              0              2   1.591040e+01   0.000000e+00   7.282113e-01
           500   6.052553e-01   9.930030e-01              1             62              0              3   1.600713e+01   5.002964e-02   7.254147e-01
          1000   6.094824e-01   1.859496e+00              1             67              0              1   1.601423e+01   5.944855e-02   7.372343e-01
          1500   6.077084e-01   2.965134e+00              0             66              0              2   1.610767e+01   6.520538e-02   7.422682e-01
          2000   5.956962e-01   3.682387e+00              1             63              0              2   1.587103e+01   6.535834e-02   7.262236e-01
          2500   6.461472e-01   4.928390e+00              1             64              0              3   1.576731e+01   7.370146e-02   7.137114e-01
          3000   6.208679e-01   5.925955e+00              1             64              0              1   1.573355e+01   6.650979e-02   7.182118e-01
          3500   6.305261e-01   6.922413e+00              0             64              0              3   1.594435e+01   6.656656e-02   7.240109e-01
          4000   6.487359e-01   6.859991e+00              1             63              0              1   1.640372e+01   7.447077e-02   7.337947e-01
          4500   6.263840e-01   8.890838e+00              0             63              0              3   1.597591e+01   7.177646e-02   7.268459e-01
          5000   6.272874e-01   9.876514e+00              1             65              0              2   1.625048e+01   8.380428e-02   7.260857e-01
          5500   6.356068e-01   1.087279e+01              1             68              0              2   1.679191e+01   8.698127e-02   7.260132e-01
          6000   6.256016e-01   1.186801e+01              1             61              0              2   1.663770e+01   9.143356e-02   7.425647e-01
          6500   6.110288e-01   1.286381e+01              1             64              0              2   1.658018e+01   9.427629e-02   7.361572e-01
          7000   6.389716e-01   1.385798e+01              1             64              0              4   1.636210e+01   8.132473e-02   7.345316e-01
          7500   6.255815e-01   1.484494e+01              1             64              0              3   1.631258e+01   7.997859e-02   7.324435e-01
          8000   6.246149e-01   1.583611e+01              1             68              0              3   1.617155e+01   8.320189e-02   7.330023e-01
          8500   6.378680e-01   1.682985e+01              0             61              0              3   1.610283e+01   8.692235e-02   7.309877e-01
          9000   6.423841e-01   1.576763e+01              1             67              0              2   1.665655e+01   8.841373e-02   7.422405e-01
          9500   6.143085e-01   1.881322e+01              1             68              0              4   1.650241e+01   8.154976e-02   7.418454e-01
         10000   6.450893e-01   1.979998e+01              1             68              0              4   1.674418e+01   8.385915e-02   7.505276e-01
         10500   6.177513e-01   2.078487e+01              1             67              0              4   1.625301e+01   9.061759e-02   7.270233e-01
         11000   6.057309e-01   1.925307e+01              1             65              0              4   1.655820e+01   8.302144e-02   7.467176e-01
         11500   6.218906e-01   2.276201e+01              0             65              0              3   1.659225e+01   1.230478e-01   7.547616e-01
         12000   6.209240e-01   2.375527e+01              1             64              0              2   1.660305e+01   1.124861e-01   7.613054e-01
         12500   6.241573e-01   2.474991e+01              1             61              0              2   1.664116e+01   1.175444e-01   7.564911e-01
         13000   6.378307e-01   2.574546e+01              1             64              0              3   1.648439e+01   1.003668e-01   7.449354e-01
         13500   6.057372e-01   2.673219e+01              1             58              0              4   1.647247e+01   8.974296e-02   7.436688e-01
         14000   6.074801e-01   2.770033e+01              1             66              0              4   1.616935e+01   8.877761e-02   7.290079e-01
         14500   6.156780e-01   2.869316e+01              1             67              0              4   1.649925e+01   9.705698e-02   7.360076e-01
         15000   6.240087e-01   2.968552e+01              1             65              0              3   1.629202e+01   9.878787e-02   7.398339e-01
         15500   6.373371e-01   3.067997e+01              1             62              0              3   1.675844e+01   9.383494e-02   7.404731e-01
         16000   6.078182e-01   3.166600e+01              1             69              0              3   1.667221e+01   1.075819e-01   7.464601e-01
         16500   6.112839e-01   3.265899e+01              1             64              0              2   1.652580e+01   8.909132e-02   7.461040e-01
         17000   6.265829e-01   3.364900e+01              1             62              0              3   1.651381e+01   9.027107e-02   7.460832e-01
         17500   6.154409e-01   3.464261e+01              1             64              0              4   1.660581e+01   7.404722e-02   7.468795e-01
         18000   6.179103e-01   3.562811e+01              1             64              0              3   1.655397e+01   9.533312e-02   7.493720e-01
         18500   6.454493e-01   3.193103e+01              1             65              0              4   1.655292e+01   8.733570e-02   7.437499e-01
         19000   6.245343e-01   3.759520e+01              1             67              0              3   1.618463e+01   8.491570e-02   7.379027e-01
         19500   6.275261e-01   3.858799e+01              1             67              0              3   1.690595e+01   9.321591e-02   7.627285e-01
         20000   6.121192e-01   3.957977e+01              1             66              0              3   1.669609e+01   9.316976e-02   7.426479e-01
         20500   6.275580e-01   4.057181e+01              1             66              0              3   1.637974e+01   8.686726e-02   7.351076e-01
         21000   6.362029e-01   4.156183e+01              1             62              0              3   1.670825e+01   1.027450e-01   7.568128e-01
         21500   6.465775e-01   4.249121e+01              1             59              0              3   1.654048e+01   1.007762e-01   7.425372e-01
         22000   6.277257e-01   4.343614e+01              1             61              0              2   1.653987e+01   9.516075e-02   7.454540e-01
         22500   6.241411e-01   4.442989e+01              1             62              0              1   1.655564e+01   1.058680e-01   7.518168e-01
         23000   6.262273e-01   4.541939e+01              1             60              0              2   1.635208e+01   9.534332e-02   7.417242e-01
         23500   6.045457e-01   4.138480e+01              0             63              0              3   1.627791e+01   8.900607e-02   7.453942e-01
         24000   5.896521e-01   4.235542e+01              0             61              0              3   1.663935e+01   1.065802e-01   7.528773e-01
         24500   6.034535e-01   4.831016e+01              1             62              0              2   1.638311e+01   1.186184e-01   7.494503e-01
         25000   6.258480e-01   4.930097e+01              1             65              0              3   1.677764e+01   1.145789e-01   7.498825e-01
         25500   6.169463e-01   5.029826e+01              1             63              0              2   1.654886e+01   1.076066e-01   7.524273e-01
         26000   6.342278e-01   5.129503e+01              0             59              0              3   1.623901e+01   1.253179e-01   7.393091e-01
         26500   6.364405e-01   5.228495e+01              1             65              0              2   1.647089e+01   1.196734e-01   7.454487e-01
         27000   6.312578e-01   5.327896e+01              1             63              0              3   1.647194e+01   1.252412e-01   7.418346e-01
         27500   6.237119e-01   5.427679e+01              1             59              0              2   1.615886e+01   1.221467e-01   7.409182e-01
         28000   6.349578e-01   5.527050e+01              0             58              0              2   1.618978e+01   1.188804e-01   7.393562e-01
         28500   6.293148e-01   5.625799e+01              0             60              0              2   1.680308e+01   1.253269e-01   7.581174e-01
         29000   6.082572e-01   5.723242e+01              1             65              0              3   1.656496e+01   1.188464e-01   7.576688e-01
         29500   6.348716e-01   5.821439e+01              1             61              0              1   1.663956e+01   1.410295e-01   7.545229e-01
         30000   6.653227e-01   5.194945e+01              1             60              0              2   1.667401e+01   1.295845e-01   7.500446e-01
         30500   6.559345e-01   5.293651e+01              1             66              0              2   1.643250e+01   1.160690e-01   7.386880e-01
         31000   6.336517e-01   6.101069e+01              1             64              0              3   1.618879e+01   1.236908e-01   7.354827e-01
         31500   6.277957e-01   6.200213e+01              0             64              0              3   1.644948e+01   1.307696e-01   7.402457e-01
         32000   6.241166e-01   6.298644e+01              1             64              0              2   1.634139e+01   1.202175e-01   7.481283e-01
         32500   6.445244e-01   6.396084e+01              1             61              0              2   1.640386e+01   1.339246e-01   7.446307e-01
         33000   6.912698e-01   4.021703e+01              1             63              0              2   1.648649e+01   1.355575e-01   7.513193e-01
         33500   6.639845e-01   5.853726e+01              0             62              0              4   1.649349e+01   1.073972e-01   7.450409e-01
         34000   6.720247e-01   5.952854e+01              1             63              0              3   1.654986e+01   1.228899e-01   7.427922e-01
         34500   6.486414e-01   6.049338e+01              1             63              0              3   1.656153e+01   1.149562e-01   7.481642e-01
         35000   6.535203e-01   6.146984e+01              0             58              0              1   1.648391e+01   1.044536e-01   7.491018e-01
         35500   6.441935e-01   6.246547e+01              0             61              0              3   1.643397e+01   8.969460e-02   7.412172e-01
         36000   6.411775e-01   7.019501e+01              1             63              0              3   1.619175e+01   9.061264e-02   7.379157e-01
         36500   6.395883e-01   6.442379e+01              1             60              0              4   1.616157e+01   8.076035e-02   7.384901e-01
         37000   6.846752e-01   6.540401e+01              1             58              0              3   1.637506e+01   9.193081e-02   7.432111e-01
         37500   6.507599e-01   6.639219e+01              1             59              0              4   1.639289e+01   9.285776e-02   7.319652e-01
         38000   6.283592e-01   7.389377e+01              0             61              0              3   1.629573e+01   1.037041e-01   7.345204e-01
         38500   6.373017e-01   7.488728e+01              0             63              0              4   1.641648e+01   1.000219e-01   7.428733e-01
         39000   6.610677e-01   6.922778e+01              1             64              0              3   1.644152e+01   9.653422e-02   7.476321e-01
         39500   6.624975e-01   7.022236e+01              0             61              0              3   1.622931e+01   8.789701e-02   7.373058e-01
         40000   6.407931e-01   7.121606e+01              1             63              0              4   1.619663e+01   8.741146e-02   7.468740e-01
         40500   6.759317e-01   7.217781e+01              0             62              0              4   1.650257e+01   9.382417e-02   7.511843e-01
         41000   6.838612e-01   7.312031e+01              1             60              0              3   1.650180e+01   1.181138e-01   7.465811e-01
         41500   6.884015e-01   7.407493e+01              0             59              0              4   1.673951e+01   1.063526e-01   7.606487e-01
         42000   7.323412e-01   5.535240e+01              1             58              0              3   1.668303e+01   1.116927e-01   7.459655e-01
         42500   7.074130e-01   5.632244e+01              1             62              0              4   1.642330e+01   9.970432e-02   7.332531e-01
         43000   7.173984e-01   5.730882e+01              1             60              0              2   1.673653e+01   1.071231e-01   7.491116e-01
         43500   7.018639e-01   5.830684e+01              1             62              0              2   1.631583e+01   9.266827e-02   7.357448e-01
         44000   7.442267e-01   3.626696e+01              1             54              0              2   1.656337e+01   9.195888e-02   7.413232e-01
         44500   7.696748e-01   3.726367e+01              1             57              0              2   1.687489e+01   1.093353e-01   7.431537e-01
         45000   7.514425e-01   3.825773e+01              1             60              0              2   1.661945e+01   1.152360e-01   7.486327e-01
         45500   7.208245e-01   6.194097e+01              0             62              0              2   1.667316e+01   1.046457e-01   7.420244e-01
         46000   7.370485e-01   6.291106e+01              0             60              0              2   1.624758e+01   9.549931e-02   7.337334e-01
         46500   7.131816e-01   6.389093e+01              0             62              0              3   1.678639e+01   9.871667e-02   7.511624e-01
         47000   7.404114e-01   6.484611e+01              0             58              0              2   1.655022e+01   1.066034e-01   7.528313e-01
         47500   7.825892e-01   2.368303e+01              0             58              0              3   1.706949e+01   1.267231e-01   7.484970e-01
         48000   7.745945e-01   4.403729e+01              0             59              0              2   1.672404e+01   1.293731e-01   7.439044e-01
         48500   7.804657e-01   4.502210e+01              0             56              0              3   1.658181e+01   1.112364e-01   7.476665e-01
         49000   7.414176e-01   6.814108e+01              0             58              0              2   1.646352e+01   1.131494e-01   7.356844e-01
         49500   7.702875e-01   4.699765e+01              0             54              0              3   1.653816e+01   1.270373e-01   7.395264e-01
         50000   7.583036e-01   4.799446e+01              0             55              0              2   1.658616e+01   1.199353e-01   7.409107e-01
         50500   7.207924e-01   7.081836e+01              0             57              0              2   1.665083e+01   1.321007e-01   7.454323e-01
         51000   7.410839e-01   4.988482e+01              0             53              0              2   1.657062e+01   1.283477e-01   7.372124e-01
         51500   7.622287e-01   5.088124e+01              0             60              0              2   1.692254e+01   1.479034e-01   7.563271e-01
         52000   7.539501e-01   5.187742e+01              0             59              0              2   1.693092e+01   1.549323e-01   7.540322e-01
         52500   7.137330e-01   7.454391e+01              0             60              0              1   1.669924e+01   1.444117e-01   7.464365e-01
         53000   7.242593e-01   7.553518e+01              1             63              0              3   1.684141e+01   1.318527e-01   7.558755e-01
         53500   7.403697e-01   5.470914e+01              0             58              0              2   1.668571e+01   1.138181e-01   7.482869e-01
         54000   7.375922e-01   5.569103e+01              1             63              0              2   1.647779e+01   1.183305e-01   7.411954e-01
         54500   7.194312e-01   7.838063e+01              0             59              0              2   1.622063e+01   1.175679e-01   7.258941e-01
         55000   7.557349e-01   5.760866e+01              0             58              0              2   1.642051e+01   1.212863e-01   7.388782e-01
         55500   8.014563e-01   3.689057e+01              0             49              0              2   1.626909e+01   1.318388e-01   7.297552e-01
         56000   7.660986e-01   5.953687e+01              0             58              0              2   1.604864e+01   1.125114e-01   7.189206e-01
         56500   7.616541e-01   6.049155e+01              0             51              0              1   1.617727e+01   1.243701e-01   7.286606e-01
         57000   7.757070e-01   6.144830e+01              0             54              0              2   1.617835e+01   1.277788e-01   7.288494e-01
         57500   7.456637e-01   6.242542e+01              0             53              0              2   1.628794e+01   1.243948e-01   7.363672e-01
         58000   7.505365e-01   6.342062e+01              1             54              0              2   1.605237e+01   1.251884e-01   7.363617e-01
         58500   7.376135e-01   8.508934e+01              1             55              0              1   1.644482e+01   1.195252e-01   7.340981e-01
         59000   7.769021e-01   6.539842e+01              0             45              0              0   1.610266e+01   1.384462e-01   7.162489e-01
         59500   7.745379e-01   6.638839e+01              0             43              0              0   1.607303e+01   1.376046e-01   7.121708e-01
         60000   7.851442e-01   6.735937e+01              0             45              0              1   1.604862e+01   1.452164e-01   7.110097e-01
         60500   8.309907e-01   2.681475e+01              0             38              0              1   1.599955e+01   1.606647e-01   7.132926e-01
         61000   8.123996e-01   4.705418e+01              0             41              0              1   1.619362e+01   1.471416e-01   7.152648e-01
         61500   7.654936e-01   6.995251e+01              0             46              0              1   1.619539e+01   1.591337e-01   7.175237e-01
         62000   7.872552e-01   7.092338e+01              0             39              0              1   1.586798e+01   1.482446e-01   7.059018e-01
         62500   7.758869e-01   7.191126e+01              0             39              0              1   1.629781e+01   1.494382e-01   7.093389e-01
         63000   8.295996e-01   3.073750e+01              0             40              0              1   1.609513e+01   1.446327e-01   7.004004e-01
         63500   8.177321e-01   5.183113e+01              0             41              0              1   1.617297e+01   1.472961e-01   7.066679e-01
         64000   8.858138e-01   1.719327e+01              0             36              0              1   1.627491e+01   1.750970e-01   7.205460e-01
         64500   8.767762e-01   1.816657e+01              0             38              0              1   1.571380e+01   1.782213e-01   6.970362e-01
         65000   8.821406e-01   3.455173e+01              0             37              0              0   1.615397e+01   1.544447e-01   7.117361e-01
         65500   8.702253e-01   3.554365e+01              0             38              0              1   1.615684e+01   1.598383e-01   7.112200e-01
         66000   8.954971e-01   2.096771e+01              0             37              0              1   1.665749e+01   1.514900e-01   7.255868e-01
         66500   8.898439e-01   2.191115e+01              0             35              0              1   1.651518e+01   1.596913e-01   7.232312e-01
         67000   8.633552e-01   3.843930e+01              0             36              0              1   1.606781e+01   1.713622e-01   6.991598e-01
         67500   8.381611e-01   3.943045e+01              0             38              0              1   1.614863e+01   1.522345e-01   7.281108e-01
         68000   8.372142e-01   5.926789e+01              0             41              0              1   1.605891e+01   1.574308e-01   7.110428e-01
         68500   8.898631e-01   2.539623e+01              0             31              0              0   1.608712e+01   1.664862e-01   7.145826e-01
         69000   8.632742e-01   4.236286e+01              0             33              0              0   1.611327e+01   1.663568e-01   7.108482e-01
         69500   8.509636e-01   4.335399e+01              0             46              0              1   1.628423e+01   1.550554e-01   7.158756e-01
         70000   8.827088e-01   2.804580e+01              0             37              0              2   1.576508e+01   1.819768e-01   7.144064e-01
         70500   8.757649e-01   4.533390e+01              0             35              0              1   1.615560e+01   1.752460e-01   7.193399e-01
         71000   8.750773e-01   4.630022e+01              0             39              0              0   1.594955e+01   1.653031e-01   7.126709e-01
         71500   8.519630e-01   4.729591e+01              0             40              0              0   1.584156e+01   1.477759e-01   7.148225e-01
         72000   8.787315e-01   3.166677e+01              0             35              0              0   1.625405e+01   1.507885e-01   7.289300e-01
         72500   9.008211e-01   3.261744e+01              0             32              0              0   1.617562e+01   1.581949e-01   7.263700e-01
         73000   9.142179e-01   3.361577e+01              0             26              0              0   1.608926e+01   1.459311e-01   7.123978e-01
         73500   8.706272e-01   5.109813e+01              0             36              0              0   1.607654e+01   1.692875e-01   7.214282e-01
         74000   8.891587e-01   5.204838e+01              0             30              0              0   1.608303e+01   1.528496e-01   7.227995e-01
         74500   8.829480e-01   5.301069e+01              0             32              0              0   1.603195e+01   1.574793e-01   7.200514e-01
         75000   9.159026e-01   3.745166e+01              0             32              0              0   1.610542e+01   1.584601e-01   7.252302e-01
         75500   9.137106e-01   3.844279e+01              0             27              0              0   1.616189e+01   1.614702e-01   7.184708e-01
         76000   9.028668e-01   3.944048e+01              0             29              0              0   1.563113e+01   1.506006e-01   7.045129e-01
         76500   9.092589e-01   4.042056e+01              0             24              0              0   1.599663e+01   1.442435e-01   7.043005e-01
         77000   8.924927e-01   4.141216e+01              0             29              0              0   1.593758e+01   1.341916e-01   7.032858e-01
         77500   8.907640e-01   4.237809e+01              0             29              0              0   1.590796e+01   1.281252e-01   7.084501e-01
         78000   8.973778e-01   4.333492e+01              0             25              0              0   1.608268e+01   1.371238e-01   7.110761e-01
         78500   9.035397e-01   4.432986e+01              0             26              0              0   1.615503e+01   1.345117e-01   7.074634e-01
         79000   9.085926e-01   4.531077e+01              0             28              0              0   1.623438e+01   1.368617e-01   7.135197e-01
         79500   9.180836e-01   4.629495e+01              0             28              0              0   1.590817e+01   1.455441e-01   7.064941e-01
         80000   9.094424e-01   4.728602e+01              0             39              0              0   1.579244e+01   1.379618e-01   7.113748e-01
         80500   9.365521e-01   3.199557e+01              0             28              0              0   1.552345e+01   1.455418e-01   6.922062e-01
         81000   9.555474e-01   3.297055e+01              0             32              0              0   1.582356e+01   1.424897e-01   7.003978e-01
         81500   9.504728e-01   3.396396e+01              0             26              0              0   1.591889e+01   1.422512e-01   6.967916e-01
         82000   9.920021e-01   3.495139e+01              0             36              0              0   1.595732e+01   1.430968e-01   7.101799e-01
         82500   9.785081e-01   3.592788e+01              0             31              0              0   1.589654e+01   1.275697e-01   7.065692e-01
         83000   9.914149e-01   2.236238e+01              0             30              0              0   1.561106e+01   1.328077e-01   6.934610e-01
         83500   9.859022e-01   3.786900e+01              0             26              0              0   1.582936e+01   1.345090e-01   7.060255e-01
         84000   9.706332e-01   3.884913e+01              0             29              0              0   1.598087e+01   1.365923e-01   7.085327e-01
         84500   9.937520e-01   2.519609e+01              0             26              0              0   1.606981e+01   1.390774e-01   7.029782e-01
         85000   9.489900e-01   4.082312e+01              0             25              0              0   1.615203e+01   1.370491e-01   7.098907e-01
         85500   9.787904e-01   4.181041e+01              0             22              0              0   1.616902e+01   1.401863e-01   7.069869e-01
         86000   9.786245e-01   4.278282e+01              0             24              0              0   1.606231e+01   1.547164e-01   7.066509e-01
         86500   9.203311e-01   5.833905e+01              0             27              0              0   1.594849e+01   1.423274e-01   7.182095e-01
         87000   8.989117e-01   5.933652e+01              0             28              0              0   1.592885e+01   1.482933e-01   7.096135e-01
         87500   9.135293e-01   6.032722e+01              0             33              0              0   1.592906e+01   1.283057e-01   7.145418e-01
         88000   9.248400e-01   6.131931e+01              0             31              0              0   1.583896e+01   1.427988e-01   7.020438e-01
         88500   8.936659e-01   6.230056e+01              0             36              0              0   1.583948e+01   1.341434e-01   7.001700e-01
         89000   9.002531e-01   6.326952e+01              0             27              0              0   1.544966e+01   1.490716e-01   6.883071e-01
         89500   8.414614e-01   7.601989e+01              0             34              0              0   1.551979e+01   1.606387e-01   6.894029e-01
         90000   8.771277e-01   7.699444e+01              0             33              0              0   1.555530e+01   1.674914e-01   6.920382e-01
         90500   8.897531e-01   7.797967e+01              0             29              0              0   1.579691e+01   1.667237e-01   6.962184e-01
         91000   8.993441e-01   6.691233e+01              0             32              0              0   1.557187e+01   1.745090e-01   6.935151e-01
         91500   8.534209e-01   7.983436e+01              0             36              0              0   1.532007e+01   1.614749e-01   6.893220e-01
         92000   8.602278e-01   8.082410e+01              0             33              0              0   1.519695e+01   1.566516e-01   6.889338e-01
         92500   8.622446e-01   8.182346e+01              0             34              0              0   1.529099e+01   1.621576e-01   6.856305e-01
         93000   8.688681e-01   8.281363e+01              0             29              0              0   1.505376e+01   1.693559e-01   6.870261e-01
         93500   8.444940e-01   8.380529e+01              0             37              0              0   1.547200e+01   1.825748e-01   6.845505e-01
         94000   8.406481e-01   9.280278e+01              0             32              0              0   1.491821e+01   1.854092e-01   6.746468e-01
         94500   8.255824e-01   9.379215e+01              0             32              0              1   1.530466e+01   1.847156e-01   6.867311e-01
         95000   8.355387e-01   9.478158e+01              0             36              0              1   1.526878e+01   1.910350e-01   6.794513e-01
         95500   7.877010e-01   9.575030e+01              0             46              0              1   1.544184e+01   1.711272e-01   6.911569e-01
         96000   8.479853e-01   8.822646e+01              0             37              0              0   1.521306e+01   1.947589e-01   6.772165e-01
         96500   8.537661e-01   8.920845e+01              0             33              0              0   1.553432e+01   1.889473e-01   6.840097e-01
         97000   8.468903e-01   9.861331e+01              0             39              0              1   1.551599e+01   1.838523e-01   6.849309e-01
         97500   8.694900e-01   9.117850e+01              0             34              0              0   1.536340e+01   1.946840e-01   6.767493e-01
         98000   8.636964e-01   9.217090e+01              0             36              0              1   1.507644e+01   1.978366e-01   6.737788e-01
         98500   8.842167e-01   9.315158e+01              0             34              0              1   1.523022e+01   1.985382e-01   6.790672e-01
         99000   8.537803e-01   9.414498e+01              0             36              0              1   1.537018e+01   1.932804e-01   6.822023e-01
         99500   8.533821e-01   9.513577e+01              0             36              0              1   1.481874e+01   1.994910e-01   6.719616e-01
        100000   8.486232e-01   9.611115e+01              0             37              0              0   1.523947e+01   1.887895e-01   6.848586e-01
        100500   8.279124e-01   1.048939e+02              0             42              0              0   1.524480e+01   1.913689e-01   6.841567e-01
        101000   7.793574e-01   1.093815e+02              0             45              0              1   1.550842e+01   1.757283e-01   7.035093e-01
        101500   7.534383e-01   1.103742e+02              0             46              0              2   1.519456e+01   1.685828e-01   6.949825e-01
        102000   7.229838e-01   1.131117e+02              0             53              0              2   1.531754e+01   1.705094e-01   6.974494e-01
        102500   7.133476e-01   1.141053e+02              0             50              0              3   1.530126e+01   1.756795e-01   6.965776e-01
        103000   6.966931e-01   1.126740e+02              0             54              0              3   1.543400e+01   1.756746e-01   7.011166e-01
        103500   6.745288e-01   1.136659e+02              0             54              0              2   1.542996e+01   1.727590e-01   6.990084e-01
        104000   6.799374e-01   1.146634e+02              0             55              0              1   1.547933e+01   1.756257e-01   6.968440e-01
        104500   6.657375e-01   1.156417e+02              0             53              0              3   1.549346e+01   1.695994e-01   7.011367e-01
        105000   6.722026e-01   1.166286e+02              0             53              0              3   1.567796e+01   1.643750e-01   6.988737e-01
        105500   6.763543e-01   1.176147e+02              0             55              0              2   1.564241e+01   1.736871e-01   6.979942e-01
        106000   7.176440e-01   1.201792e+02              0             52              0              1   1.561744e+01   1.748706e-01   7.057085e-01
        106500   6.898867e-01   1.195663e+02              0             57              0              1   1.537420e+01   1.753627e-01   7.029433e-01
        107000   6.801762e-01   1.205625e+02              0             59              0              3   1.565948e+01   1.700312e-01   7.074623e-01
        107500   6.875854e-01   1.215544e+02              0             58              0              1   1.540843e+01   1.705133e-01   6.879093e-01
        108000   6.763307e-01   1.225519e+02              1             60              0              3   1.555166e+01   1.678398e-01   6.961541e-01
        108500   6.697332e-01   1.235406e+02              0             60              0              1   1.530854e+01   1.728399e-01   6.948558e-01
        109000   6.474340e-01   1.111833e+02              0             59              0              2   1.518072e+01   1.770171e-01   6.926493e-01
        109500   6.505951e-01   1.121468e+02              1             58              0              2   1.520620e+01   1.767807e-01   6.913212e-01
        110000   6.354921e-01   1.131338e+02              0             58              0              3   1.520633e+01   1.802123e-01   6.840892e-01
        110500   6.238974e-01   1.141188e+02              0             64              0              2   1.512480e+01   1.766021e-01   6.914923e-01
        111000   6.408677e-01   1.151081e+02              0             62              0              2   1.514419e+01   1.823317e-01   6.849005e-01
        111500   6.303070e-01   1.161005e+02              0             58              0              3   1.524197e+01   1.775761e-01   6.880288e-01
        112000   6.162535e-01   9.015648e+01              1             60              0              3   1.506761e+01   1.843435e-01   6.867188e-01
        112500   6.034632e-01   9.115016e+01              1             60              0              2   1.490416e+01   1.872541e-01   6.895785e-01
        113000   6.194177e-01   9.214508e+01              1             58              0              3   1.508002e+01   1.836314e-01   6.857041e-01
        113500   6.052817e-01   9.313919e+01              1             62              0              3   1.539916e+01   1.681532e-01   7.061689e-01
        114000   6.180621e-01   9.412104e+01              1             62              0              4   1.513184e+01   1.729457e-01   6.913017e-01
        114500   6.073226e-01   9.511537e+01              1             61              0              3   1.513065e+01   1.647474e-01   7.000987e-01
        115000   6.027172e-01   9.611123e+01              1             60              0              3   1.536042e+01   1.627697e-01   7.145750e-01
        115500   5.867787e-01   9.710713e+01              1             60              0              4   1.516128e+01   1.833391e-01   6.966020e-01
        116000   6.028933e-01   9.810059e+01              1             60              0              2   1.491951e+01   1.915117e-01   6.867342e-01
        116500   5.686588e-01   6.505035e+01              1             60              0              4   1.498372e+01   1.838228e-01   6.897286e-01
        117000   5.825601e-01   6.596159e+01              1             58              0              3   1.479731e+01   1.835243e-01   6.878563e-01
        117500   6.184767e-01   1.010398e+02              0             56              0              3   1.502004e+01   1.882542e-01   6.949002e-01
        118000   6.183865e-01   1.276770e+02              0             59              0              3   1.482692e+01   1.871318e-01   6.863405e-01
        118500   6.095454e-01   1.029726e+02              0             59              0              3   1.476762e+01   1.785395e-01   6.865317e-01
        119000   6.101802e-01   1.039685e+02              0             58              0              3   1.492959e+01   1.863732e-01   6.838333e-01
        119500   5.740177e-01   7.012625e+01              1             60              0              3   1.491278e+01   1.906211e-01   6.798816e-01
        120000   5.792240e-01   7.109064e+01              1             61              0              3   1.508298e+01   2.068183e-01   6.741330e-01
        120500   5.853867e-01   1.069080e+02              1             58              0              3   1.494086e+01   1.974309e-01   6.843233e-01
        121000   5.754926e-01   1.078600e+02              1             62              0              3   1.507596e+01   1.955221e-01   6.868865e-01
        121500   5.538812e-01   7.400900e+01              0             61              0              5   1.476046e+01   1.908372e-01   6.793374e-01
        122000   5.720204e-01   7.498988e+01              1             60              0              3   1.504640e+01   1.830331e-01   6.974712e-01
        122500   5.600467e-01   7.598296e+01              1             62              0              4   1.496743e+01   1.951692e-01   6.833349e-01
        123000   5.869329e-01   1.115504e+02              0             58              0              4   1.508230e+01   1.806987e-01   6.959075e-01
        123500   5.706287e-01   7.789568e+01              0             59              0              3   1.490972e+01   1.821770e-01   6.936321e-01
        124000   5.740184e-01   1.134810e+02              1             59              0              3   1.499819e+01   1.768795e-01   6.983736e-01
        124500   5.784508e-01   7.982224e+01              1             59              0              2   1.520055e+01   1.788658e-01   6.942803e-01
        125000   5.659716e-01   8.075584e+01              1             61              0              3   1.492737e+01   1.860175e-01   6.825006e-01
        125500   5.849521e-01   1.164093e+02              1             59              0              2   1.499576e+01   1.858598e-01   6.876558e-01
        126000   5.915765e-01   1.173949e+02              0             56              0              3   1.467430e+01   1.841035e-01   6.855599e-01
        126500   5.741532e-01   1.183479e+02              1             57              0              3   1.465063e+01   1.901800e-01   6.820274e-01
        127000   5.796317e-01   1.193025e+02              0             59              0              3   1.488354e+01   2.009503e-01   6.788538e-01
        127500   5.811659e-01   1.202872e+02              0             60              0              3   1.484518e+01   1.947387e-01   6.827459e-01
        128000   5.804788e-01   8.648086e+01              1             62              0              4   1.521966e+01   1.917413e-01   6.913879e-01
        128500   5.816149e-01   1.222666e+02              1             62              0              3   1.500659e+01   1.829007e-01   6.887490e-01
        129000   5.870203e-01   1.232587e+02              1             61              0              3   1.490653e+01   1.886186e-01   6.840832e-01
        129500   5.770970e-01   8.926165e+01              0             64              0              4   1.476462e+01   1.821429e-01   6.859654e-01
        130000   5.639851e-01   9.022406e+01              1             58              0              3   1.519492e+01   1.791733e-01   7.088226e-01
        130500   6.088968e-01   1.471797e+02              1             57              0              3   1.512095e+01   1.858283e-01   7.046021e-01
        131000   5.738558e-01   9.204535e+01              1             60              0              3   1.495869e+01   1.893283e-01   6.977579e-01
        131500   6.007364e-01   1.281374e+02              1             61              0              3   1.498539e+01   1.949355e-01   6.874936e-01
        132000   5.922114e-01   1.291345e+02              1             56              0              2   1.481582e+01   1.928077e-01   6.810770e-01
        132500   5.910147e-01   1.301248e+02              0             60              0              3   1.470282e+01   1.914535e-01   6.818212e-01
        133000   5.957237e-01   1.311237e+02              1             59              0              2   1.496845e+01   1.942436e-01   6.874218e-01
        133500   5.930097e-01   1.321180e+02              1             61              0              2   1.485150e+01   1.873575e-01   6.860008e-01
        134000   5.844840e-01   1.330712e+02              0             64              0              4   1.526713e+01   1.961555e-01   7.026276e-01
        134500   5.892246e-01   1.340563e+02              1             62              0              3   1.476379e+01   1.911490e-01   6.944081e-01
        135000   5.704285e-01   9.936435e+01              1             62              0              3   1.512472e+01   1.909124e-01   6.937148e-01
        135500   5.534785e-01   1.003449e+02              1             63              0              3   1.484472e+01   2.011756e-01   6.987991e-01
        136000   5.450101e-01   1.013383e+02              1             62              0              3   1.491912e+01   1.847332e-01   7.042221e-01
        136500   5.684971e-01   1.023349e+02              0             59              0              2   1.524278e+01   1.898111e-01   7.106125e-01
        137000   5.627215e-01   1.033302e+02              1             62              0              2   1.516181e+01   1.844005e-01   7.085319e-01
        137500   5.657627e-01   1.043225e+02              0             59              0              3   1.502438e+01   2.031141e-01   6.905338e-01
        138000   5.457025e-01   1.053191e+02              1             64              0              3   1.465911e+01   1.941238e-01   6.883437e-01
        138500   5.632886e-01   1.063114e+02              1             65              0              3   1.518170e+01   2.037141e-01   7.039225e-01
        139000   5.661838e-01   1.073011e+02              1             65              0              3   1.546270e+01   1.911485e-01   7.208422e-01
        139500   5.532671e-01   1.082929e+02              1             64              0              3   1.518388e+01   2.038668e-01   7.040945e-01
        140000   5.652755e-01   1.438869e+02              1             61              0              3   1.498750e+01   2.070444e-01   6.917924e-01
        140500   5.640663e-01   1.102548e+02              0             64              0              4   1.504685e+01   1.971685e-01   6.962307e-01
        141000   5.672102e-01   1.112456e+02              1             62              0              3   1.515146e+01   2.012890e-01   6.903978e-01
        141500   5.705369e-01   1.122348e+02              0             64              0              3   1.527799e+01   1.941716e-01   7.085346e-01
        142000   5.561867e-01   1.132195e+02              1             63              0              2   1.518559e+01   2.011817e-01   7.163132e-01
        142500   5.681752e-01   1.142106e+02              1             60              0              3   1.514157e+01   1.911350e-01   7.087700e-01
        143000   5.612203e-01   1.151891e+02              1             62              0              3   1.490024e+01   2.017190e-01   6.935482e-01
        143500   5.608473e-01   1.161812e+02              0             61              0              3   1.466508e+01   1.994171e-01   6.931986e-01
        144000   5.647440e-01   1.171748e+02              1             62              0              3   1.483017e+01   1.983164e-01   6.978415e-01
        144500   5.774752e-01   1.521509e+02              1             62              0              4   1.494264e+01   1.993518e-01   7.032551e-01
        145000   5.721221e-01   1.191339e+02              1             61              0              3   1.489845e+01   1.987255e-01   6.998220e-01
        145500   5.738836e-01   1.540404e+02              1             64              0              3   1.487877e+01   2.050221e-01   7.026763e-01
        146000   5.612996e-01   1.210794e+02              0             62              0              2   1.455104e+01   2.019314e-01   6.854920e-01
        146500   5.805576e-01   1.559023e+02              2             65              0              3   1.498919e+01   1.949951e-01   7.035757e-01
        147000   5.634872e-01   1.229965e+02              1             60              0              2   1.506288e+01   1.991179e-01   6.884350e-01
        147500   5.601058e-01   1.239939e+02              1             59              0              3   1.515362e+01   1.982552e-01   7.023185e-01
        148000   5.677034e-01   1.586233e+02              0             62              0              3   1.529108e+01   1.918068e-01   7.006749e-01
        148500   5.824661e-01   1.259537e+02              0             62              0              4   1.479325e+01   1.902216e-01   6.857128e-01
        149000   5.685952e-01   1.269391e+02              0             65              0              3   1.514856e+01   1.844968e-01   7.058928e-01
        149500   5.655248e-01   1.279301e+02              0             57              0              2   1.477652e+01   2.012063e-01   6.852048e-01
        150000   5.756352e-01   1.289235e+02              1             58              0              2   1.541499e+01   2.014969e-01   7.069494e-01
        150500   5.494404e-01   1.299186e+02              1             62              0              4   1.500479e+01   1.938630e-01   6.945820e-01
        151000   5.387857e-01   1.309066e+02              1             62              0              2   1.505072e+01   1.960588e-01   6.944030e-01
        151500   5.660832e-01   1.319014e+02              2             62              0              3   1.495490e+01   2.089310e-01   6.942876e-01
        152000   5.899735e-01   1.657572e+02              2             64              0              3   1.569242e+01   1.800100e-01   7.156185e-01
        152500   5.954322e-01   1.667489e+02              1             61              0              4   1.577445e+01   1.950255e-01   7.213224e-01
        153000   5.575442e-01   1.346216e+02              2             65              0              3   1.501294e+01   2.060705e-01   6.909048e-01
        153500   5.630977e-01   1.356157e+02              2             67              0              2   1.492066e+01   2.021527e-01   6.930684e-01
        154000   5.589152e-01   1.366124e+02              2             63              0              4   1.508401e+01   2.039005e-01   6.894347e-01
        154500   5.736168e-01   1.376034e+02              2             65              0              3   1.496341e+01   1.990680e-01   6.948145e-01
        155000   5.356781e-01   1.385804e+02              2             66              0              4   1.531899e+01   2.029242e-01   7.041141e-01
        155500   5.489371e-01   1.395653e+02              3             67              0              3   1.525107e+01   2.023147e-01   7.118608e-01
        156000   5.717002e-01   1.405619e+02              1             63              0              3   1.535336e+01   1.922401e-01   7.062168e-01
        156500   5.489039e-01   1.415520e+02              2             67              0              3   1.525209e+01   2.009970e-01   7.076048e-01
        157000   5.406674e-01   1.425457e+02              2             66              0              2   1.515416e+01   1.956838e-01   6.944684e-01
        157500   5.582538e-01   1.435171e+02              2             67              0              2   1.476165e+01   2.031165e-01   6.837708e-01
        158000   5.554395e-01   1.445110e+02              2             67              0              3   1.524024e+01   1.989227e-01   6.988384e-01
        158500   5.149607e-01   1.001346e+02              2             66              0              2   1.530525e+01   2.046515e-01   6.975061e-01
        159000   5.367712e-01   1.463914e+02              1             65              0              2   1.523589e+01   2.032870e-01   6.977319e-01
        159500   5.365643e-01   1.020629e+02              2             67              0              3   1.510671e+01   1.961444e-01   6.986469e-01
        160000   5.320185e-01   1.030434e+02              2             66              0              2   1.456764e+01   2.055847e-01   6.824193e-01
        160500   5.625422e-01   1.492595e+02              2             65              0              3   1.502694e+01   1.943087e-01   7.071870e-01
        161000   5.465249e-01   1.502561e+02              2             67              0              3   1.480105e+01   1.880849e-01   6.996395e-01
        161500   5.370604e-01   1.512481e+02              2             67              0              3   1.481263e+01   2.020878e-01   6.896440e-01
        162000   5.394562e-01   1.522228e+02              2             66              0              3   1.479724e+01   2.046917e-01   6.827877e-01
        162500   5.601370e-01   1.532097e+02              2             65              0              3   1.502801e+01   1.982634e-01   7.022018e-01
        163000   5.489526e-01   1.542061e+02              1             65              0              2   1.483811e+01   2.002090e-01   6.858987e-01
        163500   5.594460e-01   1.552027e+02              1             65              0              3   1.485505e+01   1.981320e-01   6.919795e-01
        164000   5.508945e-01   1.561982e+02              0             65              0              3   1.480440e+01   1.865514e-01   6.890725e-01
        164500   5.685936e-01   1.571919e+02              1             67              0              3   1.467776e+01   1.996630e-01   6.807912e-01
        165000   5.508077e-01   1.581849e+02              1             65              0              3   1.467129e+01   1.926459e-01   6.908327e-01
        165500   5.707329e-01   1.884957e+02              1             65              0              3   1.495303e+01   1.917682e-01   6.965686e-01
        166000   5.521211e-01   1.601439e+02              2             66              0              3   1.486706e+01   1.823332e-01   6.964578e-01
        166500   5.700684e-01   1.902620e+02              1             64              0              3   1.508407e+01   1.892855e-01   7.024274e-01
        167000   5.704954e-01   1.621103e+02              2             65              0              3   1.477156e+01   1.919514e-01   6.934338e-01
        167500   5.548500e-01   1.631065e+02              0             63              0              4   1.481242e+01   1.947656e-01   7.049613e-01
        168000   5.534929e-01   1.640929e+02              0             62              0              3   1.507567e+01   1.841297e-01   7.004311e-01
        168500   5.450516e-01   1.182998e+02              1             67              0              3   1.499216e+01   1.882711e-01   7.044549e-01
        169000   5.499875e-01   1.660424e+02              1             66              0              4   1.511178e+01   2.072625e-01   6.903158e-01
        169500   5.601224e-01   1.670182e+02              2             65              0              3   1.515116e+01   2.022805e-01   6.883120e-01
        170000   5.287451e-01   1.210699e+02              3             66              0              3   1.538393e+01   1.972601e-01   6.996606e-01
        170500   5.219685e-01   1.220431e+02              3             66              0              2   1.546193e+01   1.997370e-01   7.021283e-01
        171000   5.530306e-01   1.699220e+02              0             64              0              4   1.547431e+01   1.943258e-01   7.036837e-01
        171500   5.618991e-01   1.709165e+02              1             63              0              3   1.543184e+01   2.001569e-01   7.085311e-01
        172000   5.528770e-01   1.718913e+02              1             65              0              3   1.511570e+01   1.881557e-01   7.065104e-01
        172500   5.796320e-01   2.002694e+02              1             61              0              3   1.502850e+01   1.940286e-01   6.993547e-01
        173000   5.555928e-01   1.738459e+02              1             65              0              3   1.525765e+01   2.041833e-01   7.059895e-01
        173500   5.488292e-01   1.273493e+02              2             66              0              4   1.534391e+01   2.071779e-01   6.974980e-01
        174000   5.538222e-01   1.757976e+02              2             64              0              2   1.522863e+01   1.944464e-01   7.102902e-01
        174500   5.513129e-01   1.767899e+02              2             65              0              3   1.521123e+01   2.080264e-01   7.023764e-01
        175000   5.568417e-01   1.777875e+02              1             63              0              3   1.522755e+01   1.976200e-01   7.047084e-01
        175500   5.482603e-01   1.787839e+02              1             67              0              3   1.557058e+01   1.984336e-01   7.126151e-01
        176000   5.863175e-01   2.063037e+02              0             61              0              3   1.516280e+01   2.056260e-01   7.075585e-01
        176500   5.550749e-01   1.807138e+02              1             65              0              2   1.526572e+01   1.983301e-01   7.052880e-01
        177000   5.462473e-01   1.817079e+02              0             62              0              3   1.553614e+01   1.975985e-01   7.169722e-01
        177500   5.576929e-01   1.827033e+02              1             67              0              3   1.523711e+01   1.925478e-01   7.002631e-01
        178000   5.576408e-01   1.836828e+02              2             66              0              3   1.546001e+01   1.991654e-01   7.108691e-01
        178500   5.547268e-01   1.846399e+02              1             66              0              3   1.517197e+01   2.009956e-01   7.052822e-01
        179000   5.722876e-01   2.117043e+02              1             67              0              3   1.522345e+01   1.894981e-01   7.084115e-01
        179500   6.044066e-01   2.126946e+02              1             62              0              3   1.538923e+01   1.970103e-01   7.010630e-01
        180000   6.439729e-01   1.855247e+02              1             58              0              3   1.538047e+01   2.004215e-01   7.069806e-01
        180500   6.569267e-01   1.865000e+02              1             56              0              3   1.527772e+01   1.894440e-01   7.039656e-01
        181000   6.478901e-01   1.874985e+02              1             54              0              3   1.506902e+01   1.921539e-01   6.920978e-01
        181500   6.910801e-01   1.583937e+02              0             49              0              3   1.532409e+01   2.050342e-01   6.970869e-01
        182000   6.834752e-01   1.593878e+02              0             53              0              2   1.550622e+01   2.089205e-01   6.953195e-01
        182500   6.510708e-01   1.903622e+02              0             55              0              1   1.543304e+01   2.109309e-01   6.921843e-01
        183000   6.685820e-01   1.913542e+02              0             57              0              2   1.501365e+01   2.062090e-01   6.914183e-01
        183500   6.708972e-01   1.621385e+02              0             53              0              3   1.520116e+01   2.043265e-01   6.936048e-01
        184000   6.788996e-01   1.631144e+02              0             57              0              2   1.530838e+01   2.257925e-01   6.890885e-01
        184500   6.196827e-01   2.173666e+02              1             60              0              3   1.474590e+01   2.004507e-01   6.892660e-01
        185000   6.199816e-01   2.183578e+02              0             61              0              3   1.468535e+01   1.912900e-01   6.911597e-01
        185500   5.912340e-01   2.199636e+02              1             62              0              2   1.533474e+01   1.914260e-01   6.985082e-01
        186000   5.776073e-01   2.209569e+02              1             63              0              3   1.512167e+01   1.889350e-01   7.038210e-01
        186500   6.040334e-01   2.210001e+02              0             60              0              2   1.533528e+01   2.072898e-01   6.932468e-01
        187000   6.172245e-01   2.219989e+02              0             59              0              3   1.554218e+01   2.019947e-01   7.130331e-01
        187500   6.054256e-01   2.229952e+02              0             64              0              4   1.543865e+01   2.001959e-01   6.987967e-01
        188000   6.138544e-01   2.239911e+02              1             60              0              1   1.534132e+01   1.907608e-01   7.026636e-01
        188500   6.313161e-01   2.249866e+02              1             57              0              3   1.531551e+01   2.032537e-01   6.937438e-01
        189000   6.359263e-01   2.259630e+02              1             58              0              2   1.554325e+01   2.038258e-01   6.967347e-01
        189500   6.166248e-01   2.269597e+02              1             57              0              3   1.515367e+01   1.927146e-01   6.982486e-01
        190000   6.608525e-01   2.033904e+02              1             54              0              3   1.555122e+01   1.912473e-01   7.089795e-01
        190500   6.698714e-01   2.043649e+02              0             53              0              2   1.556948e+01   1.841982e-01   7.032717e-01
        191000   6.857213e-01   1.721770e+02              1             54              0              2   1.537259e+01   2.070603e-01   6.900615e-01
        191500   6.656524e-01   2.062545e+02              1             55              0              1   1.566858e+01   1.973841e-01   7.067551e-01
        192000   6.581603e-01   2.072409e+02              0             54              0              2   1.538960e+01   1.920182e-01   7.015978e-01
        192500   7.016821e-01   1.750168e+02              0             54              0              1   1.539540e+01   2.150150e-01   6.923314e-01
        193000   7.243390e-01   1.759867e+02              0             47              0              1   1.525459e+01   2.015168e-01   6.901733e-01
        193500   7.479056e-01   1.473989e+02              1             48              0              1   1.558432e+01   2.027112e-01   7.062162e-01
        194000   7.591806e-01   1.483942e+02              0             49              0              1   1.562471e+01   1.989909e-01   7.003154e-01
        194500   7.219319e-01   1.787554e+02              1             49              0              1   1.587444e+01   2.006585e-01   7.049290e-01
        195000   7.154650e-01   1.797370e+02              0             53              0              1   1.553818e+01   2.120501e-01   7.010527e-01
        195500   7.304253e-01   1.806939e+02              0             51              0              1   1.535393e+01   2.032984e-01   7.013336e-01
        196000   7.531909e-01   1.522818e+02              0             48              0              1   1.562552e+01   1.902281e-01   7.054404e-01
        196500   7.325452e-01   1.532727e+02              0             54              0              1   1.579361e+01   1.886652e-01   7.008206e-01
        197000   7.236470e-01   1.542503e+02              0             50              0              1   1.583318e+01   1.912579e-01   7.118193e-01
        197500   7.366343e-01   1.552174e+02              0             50              0              1   1.595439e+01   1.960451e-01   7.106317e-01
        198000   7.714686e-01   1.562102e+02              0             48              0              1   1.556900e+01   1.823758e-01   7.096209e-01
        198500   7.897120e-01   1.571573e+02              0             40              0              1   1.560131e+01   1.836740e-01   7.130290e-01
        199000   7.874844e-01   1.580709e+02              0             40              0              1   1.558002e+01   1.822630e-01   7.051525e-01
        199500   7.582726e-01   1.590407e+02              0             48              0              1   1.569432e+01   1.671288e-01   7.197296e-01
        200000   8.411545e-01   1.141083e+02              1             37              0              1   1.556276e+01   1.970957e-01   6.962715e-01
        200500   8.625543e-01   1.151067e+02              0             35              0              1   1.595110e+01   1.813474e-01   7.090617e-01
        201000   8.286726e-01   1.380844e+02              0             40              0              2   1.564699e+01   1.942195e-01   7.020125e-01
        201500   8.438515e-01   1.170492e+02              0             37              0              1   1.565171e+01   1.900731e-01   7.011816e-01
        202000   8.152941e-01   1.400405e+02              0             45              0              2   1.573861e+01   1.848763e-01   7.054788e-01
        202500   8.061777e-01   1.410361e+02              1             46              0              1   1.557693e+01   1.796877e-01   7.126470e-01
        203000   8.143244e-01   1.420325e+02              1             48              0              2   1.553311e+01   1.927880e-01   7.144784e-01
        203500   8.470955e-01   1.207376e+02              1             45              0              2   1.536755e+01   2.041430e-01   7.015130e-01
        204000   8.257700e-01   1.439056e+02              0             49              0              2   1.503385e+01   2.025414e-01   6.928143e-01
        204500   8.749834e-01   9.670724e+01              0             44              0              1   1.553852e+01   2.046195e-01   6.932352e-01
        205000   8.387807e-01   1.236746e+02              1             46              0              1   1.548697e+01   1.872279e-01   7.154848e-01
        205500   8.712583e-01   9.846577e+01              0             43              0              2   1.536962e+01   1.996856e-01   7.131811e-01
        206000   9.239774e-01   7.007932e+01              0             36              0              1   1.526653e+01   1.873368e-01   6.970667e-01
        206500   9.741705e-01   7.106713e+01              0             29              0              1   1.507527e+01   1.944793e-01   6.947713e-01
        207000   1.040501e+00   2.361365e+01              0             21              0              1   1.487387e+01   2.000576e-01   6.929223e-01
        207500   1.041951e+00   2.459735e+01              0             22              0              1   1.507701e+01   2.212898e-01   6.903616e-01
        208000   1.038279e+00   4.646962e+01              0             30              0              1   1.519500e+01   2.069308e-01   6.955412e-01
        208500   1.041703e+00   4.742438e+01              0             26              0              0   1.504038e+01   2.078417e-01   6.871552e-01
        209000   1.013055e+00   4.840562e+01              0             27              0              1   1.537849e+01   2.144447e-01   6.952279e-01
        209500   1.069379e+00   2.845969e+01              0             21              0              1   1.524384e+01   2.023889e-01   6.960050e-01
        210000   1.071112e+00   2.945132e+01              0             25              0              1   1.529109e+01   2.119778e-01   6.940803e-01
        210500   1.063126e+00   3.044604e+01              0             25              0              1   1.540148e+01   2.061567e-01   6.961402e-01
        211000   1.093432e+00   3.143057e+01              0             24              0              1   1.555546e+01   2.050125e-01   7.002537e-01
        211500   1.107235e+00   1.817067e+01              0             25              0              1   1.527890e+01   1.928616e-01   6.959879e-01
        212000   1.123639e+00   1.916295e+01              0             25              0              1   1.515312e+01   2.097275e-01   6.967016e-01
        212500   1.105032e+00   2.015485e+01              0             25              0              1   1.515743e+01   2.123073e-01   6.877785e-01
        213000   1.086794e+00   3.500337e+01              0             22              0              1   1.495781e+01   2.141563e-01   6.843698e-01
        213500   1.111202e+00   2.210835e+01              0             27              0              0   1.490059e+01   2.090254e-01   6.831468e-01
        214000   1.132384e+00   2.308087e+01              0             23              0              1   1.494118e+01   1.983675e-01   6.818455e-01
        214500   1.149633e+00   2.405054e+01              0             22              0              0   1.509994e+01   2.141409e-01   6.801381e-01
        215000   1.187189e+00   1.548976e+01              0             18              0              0   1.526309e+01   2.041456e-01   6.869012e-01
        215500   1.143858e+00   1.647751e+01              0             23              0              1   1.512067e+01   1.943620e-01   6.852467e-01
        216000   1.162778e+00   1.745918e+01              0             18              0              0   1.547046e+01   2.086193e-01   6.792812e-01
        216500   1.149151e+00   1.845248e+01              0             22              0              0   1.552127e+01   2.162950e-01   6.869697e-01
        217000   1.190038e+00   1.943473e+01              0             19              0              0   1.594787e+01   1.931740e-01   7.055773e-01
        217500   1.154254e+00   2.041954e+01              0             21              0              0   1.539072e+01   1.918179e-01   7.010265e-01
        218000   1.120337e+00   3.034867e+01              0             25              0              0   1.572201e+01   1.959250e-01   7.112937e-01
        218500   1.156529e+00   3.128140e+01              0             21              0              0   1.565953e+01   2.000642e-01   7.144177e-01
        219000   1.154523e+00   2.330035e+01              0             23              0              0   1.587753e+01   2.120775e-01   7.286228e-01
        219500   1.166937e+00   2.429733e+01              0             23              0              0   1.573419e+01   2.301311e-01   7.145687e-01
        220000   1.189366e+00   2.528922e+01              0             25              0              0   1.560595e+01   2.401547e-01   7.127868e-01
        220500   1.171503e+00   2.626629e+01              0             18              0              0   1.587489e+01   2.368251e-01   7.283796e-01
        221000   1.162764e+00   2.726374e+01              0             22              0              0   1.557615e+01   2.529384e-01   7.229312e-01
        221500   1.176284e+00   2.825931e+01              0             22              0              0   1.544101e+01   2.334630e-01   7.168029e-01
        222000   1.184904e+00   2.924682e+01              0             24              0              0   1.544196e+01   2.310299e-01   7.109216e-01
        222500   1.106808e+00   3.823718e+01              0             29              0              0   1.546624e+01   2.355340e-01   7.047962e-01
        223000   1.092144e+00   4.851911e+01              0             31              0              0   1.556625e+01   2.170569e-01   7.160368e-01
        223500   1.099524e+00   4.014735e+01              0             33              0              0   1.571040e+01   2.406410e-01   7.112393e-01
        224000   1.140582e+00   3.249964e+01              0             27              0              0   1.585241e+01   2.202845e-01   7.138385e-01
        224500   1.181798e+00   3.348249e+01              0             27              0              0   1.630020e+01   2.223433e-01   7.189212e-01
        225000   1.174416e+00   3.447117e+01              0             28              0              0   1.558218e+01   2.249810e-01   7.021414e-01
        225500   1.159255e+00   3.546592e+01              0             27              0              0   1.572463e+01   2.419598e-01   7.090656e-01
        226000   1.183551e+00   3.645916e+01              0             25              0              0   1.547714e+01   2.518350e-01   7.005280e-01
        226500   1.145920e+00   3.744188e+01              0             26              0              0   1.580050e+01   2.473151e-01   7.226745e-01
        227000   1.181393e+00   3.843596e+01              0             28              0              0   1.569696e+01   2.461365e-01   7.101508e-01
        227500   1.203722e+00   2.927103e+01              0             26              0              0   1.587251e+01   2.451365e-01   7.024594e-01
        228000   1.263223e+00   1.922457e+01              0             24              0              0   1.604459e+01   2.214453e-01   7.154624e-01
        228500   1.286299e+00   2.021002e+01              0             25              0              0   1.571174e+01   2.456380e-01   6.889132e-01
        229000   1.273699e+00   2.117776e+01              0             27              0              0   1.620633e+01   2.396909e-01   7.101249e-01
        229500   1.352400e+00   6.463760e+00              0             22              0              0   1.585668e+01   2.359143e-01   7.020228e-01
        230000   1.355567e+00   7.457721e+00              0             19              0              0   1.551508e+01   2.359941e-01   6.839519e-01
        230500   1.324090e+00   1.473836e+01              0             23              0              0   1.533976e+01   2.045583e-01   6.923397e-01
        231000   1.322133e+00   1.573525e+01              0             25              0              0   1.594318e+01   1.991027e-01   7.097479e-01
        231500   1.315695e+00   1.673186e+01              0             22              0              0   1.585148e+01   2.096729e-01   7.075885e-01
        232000   1.335111e+00   1.771944e+01              0             26              0              0   1.553008e+01   2.251602e-01   6.975779e-01
        232500   1.306602e+00   1.871181e+01              0             27              0              0   1.563616e+01   2.288161e-01   6.939567e-01
        233000   1.300880e+00   1.969878e+01              0             26              0              0   1.532929e+01   2.315744e-01   6.897261e-01
        233500   1.331815e+00   2.068306e+01              0             26              0              0   1.589795e+01   2.239275e-01   7.145751e-01
        234000   1.355795e+00   1.457023e+01              0             24              0              0   1.566519e+01   2.183379e-01   7.156568e-01
        234500   1.332035e+00   2.262738e+01              0             22              0              0   1.593693e+01   2.305526e-01   7.122416e-01
        235000   1.392995e+00   1.650805e+01              0             20              0              0   1.599677e+01   2.373816e-01   7.147018e-01
        235500   1.367346e+00   1.749422e+01              0             22              0              0   1.548624e+01   2.448736e-01   6.914946e-01
        236000   1.364310e+00   1.848528e+01              0             21              0              0   1.539378e+01   2.296734e-01   7.045345e-01
        236500   1.368196e+00   1.948019e+01              0             21              0              0   1.544051e+01   2.288692e-01   7.035667e-01
        237000   1.410961e+00   1.384721e+01              0             21              0              0   1.523980e+01   2.374271e-01   6.927097e-01
        237500   1.427168e+00   1.483483e+01              0             17              0              0   1.536594e+01   2.203702e-01   7.078428e-01
        238000   1.390116e+00   2.222717e+01              0             16              0              0   1.561460e+01   2.174825e-01   7.116169e-01
        238500   1.442961e+00   1.056158e+01              0             13              0              0   1.522824e+01   2.230322e-01   7.078552e-01
        239000   1.462131e+00   1.146634e+01              0             19              0              0   1.514184e+01   2.316316e-01   7.001691e-01
        239500   1.484778e+00   1.246213e+01              0             17              0              0   1.530739e+01   2.255342e-01   7.044995e-01
        240000   1.507150e+00   8.078913e+00              0             12              0              0   1.520806e+01   2.278403e-01   7.120557e-01
        240500   1.467376e+00   1.441872e+01              0             16              0              0   1.512724e+01   2.368371e-01   6.980511e-01
        241000   1.489586e+00   1.540588e+01              0             15              0              0   1.545414e+01   2.373229e-01   7.065824e-01
        241500   1.508117e+00   1.637185e+01              0             15              0              0   1.570279e+01   2.311077e-01   7.089886e-01
        242000   1.577872e+00   7.224424e+00              0             13              0              0   1.562777e+01   2.119326e-01   7.173850e-01
        242500   1.514265e+00   1.273696e+01              0             17              0              0   1.563478e+01   2.266211e-01   7.060215e-01
        243000   1.496123e+00   1.370595e+01              0             19              0              0   1.563596e+01   2.212785e-01   7.220837e-01
        243500   1.510212e+00   1.470311e+01              0             14              0              0   1.571206e+01   2.276712e-01   7.133555e-01
        244000   1.476465e+00   2.061603e+01              0             16              0              0   1.573679e+01   2.102397e-01   7.365680e-01
        244500   1.510125e+00   1.658169e+01              0             11              0              0   1.590398e+01   2.047622e-01   7.360144e-01
        245000   1.493766e+00   2.250872e+01              0             15              0              0   1.564178e+01   2.041881e-01   7.329085e-01
        245500   1.447961e+00   2.715458e+01              0             14              0              0   1.526695e+01   2.043935e-01   7.146796e-01
        246000   1.482482e+00   2.446735e+01              0             16              0              0   1.584439e+01   2.093872e-01   7.351053e-01
        246500   1.536632e+00   2.022509e+01              0             13              0              0   1.591256e+01   2.083553e-01   7.340242e-01
        247000   1.492642e+00   2.121485e+01              0             15              0              0   1.565455e+01   1.884955e-01   7.157203e-01
        247500   1.508668e+00   2.218284e+01              0             15              0              0   1.551295e+01   2.035670e-01   7.286308e-01
        248000   1.504741e+00   2.317163e+01              0             16              0              0   1.565609e+01   1.904062e-01   7.181372e-01
        248500   1.508579e+00   2.415488e+01              0             15              0              0   1.539262e+01   1.902743e-01   7.188265e-01
        249000   1.517494e+00   2.513605e+01              0             20              0              0   1.556045e+01   1.924410e-01   7.193138e-01
        249500   1.509184e+00   2.612130e+01              0             18              0              1   1.507376e+01   1.893400e-01   7.074816e-01
        250000   1.519778e+00   2.710710e+01              0             15              0              0   1.536966e+01   1.934390e-01   7.294685e-01
        250500   1.587535e+00   1.299350e+01              0             13              0              0   1.529845e+01   1.817966e-01   7.123812e-01
        251000   1.565136e+00   2.182176e+01              0             18              0              0   1.557235e+01   1.909912e-01   7.221736e-01
        251500   1.636245e+00   1.479373e+01              0             13              0              0   1.546819e+01   2.008995e-01   7.291723e-01
        252000   1.592053e+00   2.365930e+01              0             15              0              0   1.543863e+01   1.946913e-01   7.142424e-01
        252500   1.625985e+00   1.676816e+01              0             14              0              0   1.567258e+01   2.000109e-01   7.230872e-01
        253000   1.648887e+00   1.062170e+01              0             12              0              1   1.562999e+01   2.009650e-01   7.260621e-01
        253500   1.686817e+00   1.160895e+01              0             12              0              0   1.586216e+01   2.130711e-01   7.289233e-01
        254000   1.701494e+00   7.221066e+00              0             12              0              0   1.570331e+01   2.215787e-01   7.325507e-01
        254500   1.732784e+00   8.206241e+00              0             10              0              0   1.588397e+01   2.017727e-01   7.353349e-01
        255000   1.717598e+00   9.180295e+00              0              9              0              0   1.565569e+01   2.213973e-01   7.173696e-01
        255500   1.659544e+00   1.528019e+01              0             13              0              0   1.569501e+01   2.190543e-01   7.247092e-01
        256000   1.625201e+00   2.240215e+01              0             12              0              0   1.569228e+01   2.114004e-01   7.274672e-01
        256500   1.684004e+00   1.714762e+01              0             13              0              1   1.560502e+01   2.353740e-01   7.327937e-01
        257000   1.746723e+00   1.249981e+01              0             13              0              0   1.572877e+01   2.396511e-01   7.385908e-01
        257500   1.768540e+00   8.755065e+00              0              9              0              0   1.559936e+01   2.312918e-01   7.232189e-01
        258000   1.751824e+00   9.749091e+00              0              8              0              0   1.537590e+01   2.311046e-01   7.256789e-01
        258500   1.732637e+00   1.531341e+01              0              8              0              0   1.553081e+01   2.291568e-01   7.205508e-01
        259000   1.718360e+00   1.630297e+01              0             11              0              0   1.576694e+01   2.385169e-01   7.337818e-01
        259500   1.738219e+00   1.729336e+01              0             11              0              0   1.509751e+01   2.388473e-01   7.054831e-01
        260000   1.695880e+00   2.269365e+01              0              9              0              0   1.524368e+01   2.367356e-01   7.193257e-01
        260500   1.722203e+00   1.927736e+01              0             10              0              0   1.561768e+01   2.339970e-01   7.340416e-01
        261000   1.749598e+00   1.522852e+01              0              9              0              0   1.517826e+01   2.227352e-01   7.212979e-01
        261500   1.778085e+00   1.622022e+01              0             15              0              1   1.509113e+01   2.186811e-01   7.099458e-01
        262000   1.807154e+00   1.160242e+01              0             14              0              1   1.512606e+01   2.149744e-01   7.113233e-01
        262500   1.758075e+00   1.817746e+01              0             13              0              1   1.506971e+01   2.087462e-01   7.094410e-01
        263000   1.768460e+00   1.917269e+01              0             13              0              1   1.534090e+01   2.192884e-01   7.169908e-01
        263500   1.756534e+00   2.017117e+01              0             14              0              1   1.558487e+01   2.225889e-01   7.281533e-01
        264000   1.779393e+00   2.116245e+01              0             12              0              1   1.552112e+01   2.300977e-01   7.230604e-01
        264500   1.783991e+00   2.214411e+01              0             18              0              1   1.535109e+01   2.175042e-01   7.200945e-01
        265000   1.786071e+00   2.311593e+01              0             17              0              1   1.539028e+01   2.201741e-01   7.123469e-01
        265500   1.768808e+00   2.411015e+01              0             17              0              1   1.516611e+01   2.113555e-01   6.952496e-01
        266000   1.779119e+00   2.510187e+01              0             15              0              1   1.509861e+01   2.209098e-01   6.941485e-01
        266500   1.782590e+00   2.609594e+01              0             15              0              1   1.569474e+01   2.251321e-01   7.186859e-01
        267000   1.832090e+00   2.063837e+01              0             15              0              1   1.540689e+01   2.232511e-01   7.222410e-01
        267500   1.835526e+00   2.162164e+01              0             13              0              0   1.560463e+01   2.325528e-01   7.212675e-01
        268000   1.805092e+00   2.261927e+01              0             15              0              1   1.545173e+01   2.273865e-01   7.148877e-01
        268500   1.808036e+00   2.360353e+01              0             16              0              0   1.529891e+01   2.205769e-01   7.162310e-01
        269000   1.822110e+00   2.459581e+01              0             15              0              1   1.532720e+01   2.297759e-01   7.183062e-01
        269500   1.833773e+00   2.558749e+01              0             13              0              1   1.501401e+01   2.326003e-01   7.101063e-01
        270000   1.821792e+00   2.658217e+01              0             14              0              1   1.583444e+01   2.296678e-01   7.366261e-01
        270500   1.840097e+00   2.757518e+01              0             13              0              1   1.538189e+01   2.525934e-01   7.205774e-01
        271000   1.848620e+00   2.020763e+01              0             13              0              1   1.575443e+01   2.458235e-01   7.410434e-01
        271500   1.857315e+00   2.119039e+01              0             14              0              1   1.561377e+01   2.513676e-01   7.382501e-01
        272000   1.849848e+00   2.218072e+01              0             14              0              1   1.582397e+01   2.523749e-01   7.533422e-01
        272500   1.876916e+00   2.317631e+01              0             13              0              1   1.608862e+01   2.394454e-01   7.430206e-01
        273000   1.884366e+00   2.416709e+01              0             12              0              1   1.558106e+01   2.468936e-01   7.253766e-01
        273500   1.896851e+00   1.618862e+01              0             14              0              1   1.573224e+01   2.305449e-01   7.401159e-01
        274000   1.939488e+00   1.717685e+01              0              9              0              0   1.558146e+01   2.332839e-01   7.157434e-01
        274500   2.002492e+00   5.345208e+00              0             11              0              0   1.562915e+01   2.403478e-01   7.211752e-01
        275000   2.034554e+00   6.332046e+00              0              9              0              0   1.596839e+01   2.562396e-01   7.383448e-01
        275500   2.032990e+00   7.302326e+00              0             12              0              0   1.581250e+01   2.378436e-01   7.168374e-01
        276000   2.033792e+00   8.291065e+00              0             10              0              0   1.530395e+01   2.416574e-01   6.945366e-01
        276500   2.043423e+00   9.278264e+00              0              9              0              0   1.531227e+01   2.197009e-01   7.070640e-01
        277000   2.088324e+00   7.005257e+00              0              8              0              0   1.499778e+01   2.061152e-01   6.959153e-01
        277500   2.087990e+00   7.983924e+00              0              9              0              0   1.545092e+01   1.996991e-01   7.091322e-01
        278000   2.067075e+00   8.966567e+00              0             10              0              0   1.560941e+01   2.131764e-01   7.077120e-01
        278500   2.102213e+00   9.948593e+00              0             11              0              0   1.534737e+01   2.203814e-01   7.072637e-01
        279000   2.108205e+00   1.084451e+01              0             13              0              0   1.534225e+01   2.052322e-01   7.174490e-01
        279500   2.143419e+00   9.128249e+00              0             15              0              0   1.551532e+01   1.911990e-01   7.218304e-01
        280000   2.099277e+00   1.010155e+01              0             12              0              0   1.524077e+01   2.066709e-01   7.063298e-01
        280500   2.125251e+00   1.108944e+01              0             15              0              0   1.538046e+01   2.018482e-01   7.162702e-01
        281000   2.138014e+00   1.208415e+01              0             15              0              0   1.484449e+01   1.915865e-01   6.948658e-01
        281500   2.137010e+00   1.303933e+01              0             13              0              0   1.525373e+01   1.821503e-01   7.025801e-01
        282000   2.072503e+00   1.599608e+01              0             14              0              0   1.519345e+01   1.913771e-01   7.028773e-01
        282500   2.103854e+00   1.493605e+01              0             15              0              0   1.533511e+01   1.839771e-01   6.983964e-01
        283000   2.133129e+00   1.592406e+01              0             15              0              0   1.498668e+01   1.818448e-01   6.897903e-01
        283500   2.138686e+00   1.690141e+01              0             14              0              0   1.538918e+01   1.856430e-01   7.001053e-01
        284000   2.129210e+00   1.788371e+01              0             14              0              0   1.525428e+01   1.862657e-01   6.952205e-01
        284500   2.120558e+00   1.887288e+01              0             14              0              0   1.534884e+01   1.934777e-01   6.967108e-01
        285000   2.113091e+00   1.986784e+01              0             14              0              0   1.548740e+01   2.077994e-01   6.938668e-01
        285500   2.132679e+00   2.085778e+01              0             14              0              0   1.518616e+01   2.068440e-01   6.894615e-01
        286000   2.180148e+00   1.740082e+01              0              9              0              0   1.505087e+01   1.948503e-01   6.831510e-01
        286500   2.239351e+00   1.229269e+01              0              9              0              0   1.522854e+01   1.878776e-01   6.977828e-01
        287000   2.259831e+00   7.686568e+00              0              8              0              0   1.552208e+01   1.774159e-01   7.086400e-01
        287500   2.274291e+00   8.683909e+00              0             10              0              0   1.557000e+01   1.741591e-01   7.075242e-01
        288000   2.293288e+00   9.663965e+00              0              7              0              0   1.537104e+01   1.744044e-01   7.050714e-01
        288500   2.292430e+00   1.064771e+01              0             10              0              0   1.529206e+01   1.730173e-01   7.030555e-01
        289000   2.296849e+00   7.418437e+00              0              7              0              0   1.536237e+01   1.650688e-01   7.059767e-01
        289500   2.276784e+00   1.260359e+01              0             10              0              0   1.531431e+01   1.738004e-01   6.984084e-01
        290000   2.310686e+00   9.277719e+00              0              8              0              0   1.542183e+01   1.780682e-01   7.073935e-01
        290500   2.315222e+00   1.026709e+01              0              7              0              0   1.541689e+01   1.772618e-01   7.006371e-01
        291000   2.311002e+00   1.125863e+01              0             10              0              0   1.493356e+01   1.881922e-01   6.864430e-01
        291500   2.335479e+00   1.225535e+01              0              8              0              0   1.555297e+01   1.791065e-01   7.030269e-01
        292000   2.357917e+00   9.193520e+00              0              7              0              0   1.542817e+01   1.818075e-01   7.077501e-01
        292500   2.386446e+00   1.018565e+01              0              4              0              0   1.491663e+01   1.851807e-01   6.864964e-01
        293000   2.389812e+00   1.116483e+01              0              4              0              0   1.518619e+01   1.990574e-01   6.870890e-01
        293500   2.385977e+00   1.214409e+01              0              9              0              0   1.542978e+01   2.046193e-01   6.988511e-01
        294000   2.387557e+00   1.313553e+01              0              8              0              0   1.535852e+01   1.972163e-01   6.894541e-01
        294500   2.400226e+00   1.001434e+01              0              9              0              0   1.546353e+01   1.920108e-01   6.973926e-01
        295000   2.387535e+00   1.508378e+01              0              8              0              0   1.538324e+01   1.887542e-01   6.880528e-01
        295500   2.311617e+00   1.907008e+01              0              8              0              0   1.526536e+01   1.752784e-01   6.938911e-01
        296000   2.319204e+00   2.006123e+01              0              6              0              0   1.505041e+01   1.904276e-01   6.834103e-01
        296500   2.341369e+00   1.777623e+01              0              8              0              0   1.513197e+01   1.882882e-01   6.937078e-01
        297000   2.357360e+00   1.872215e+01              0             13              0              0   1.500398e+01   1.761396e-01   6.977192e-01
        297500   2.378492e+00   1.971887e+01              0             12              0              0   1.516997e+01   1.828825e-01   6.989712e-01
        298000   2.339548e+00   2.385170e+01              0              7              0              0   1.534786e+01   1.923677e-01   7.083696e-01
        298500   2.360609e+00   2.166223e+01              0             11              0              0   1.500719e+01   1.968340e-01   6.830793e-01
        299000   2.433726e+00   1.700108e+01              0             11              0              0   1.528579e+01   1.834175e-01   7.009171e-01
        299500   2.463532e+00   1.154361e+01              0             11              0              0   1.519283e+01   1.837216e-01   7.028901e-01
        300000   2.480257e+00   1.254154e+01              0             10              0              0   1.507088e+01   1.791105e-01   7.049027e-01
        300500   2.446770e+00   1.353349e+01              0             13              0              0   1.564453e+01   1.683524e-01   7.188337e-01
        301000   2.470417e+00   1.451449e+01              0             11              0              0   1.578496e+01   1.811388e-01   7.174244e-01
        301500   2.445124e+00   1.547250e+01              0             10              0              0   1.568422e+01   1.816441e-01   7.215533e-01
        302000   2.505218e+00   1.047792e+01              0             10              0              0   1.520665e+01   1.816252e-01   7.047028e-01
        302500   2.492908e+00   1.141047e+01              0             12              0              0   1.537790e+01   1.940088e-01   7.123703e-01
        303000   2.494771e+00   1.234193e+01              0             11              0              0   1.558138e+01   1.893759e-01   7.202325e-01
        303500   2.502662e+00   1.331728e+01              0             10              0              0   1.540046e+01   1.880185e-01   7.086821e-01
        304000   2.534073e+00   1.431043e+01              0              9              0              0   1.550015e+01   1.801708e-01   7.065165e-01
        304500   2.566414e+00   9.748605e+00              0              6              0              0   1.540445e+01   1.803307e-01   7.056939e-01
