          step              r      E_metad_r      n_cont_CA   n_cont_heavy       n_saltbr        n_hbond           SASA           RMSD             Rg 
             0   6.038347e-01   0.000000e+00              1             64              0              2   1.591040e+01   0.000000e+00   7.282113e-01
           500   6.035615e-01   9.287877e-01              1             64              0              3   1.583195e+01   5.989979e-02   7.212780e-01
          1000   6.224654e-01   1.981307e+00              1             62              0              1   1.550307e+01   6.339417e-02   7.208452e-01
          1500   6.323274e-01   2.974680e+00              1             67              0              3   1.623273e+01   7.640816e-02   7.388224e-01
          2000   6.468259e-01   3.955769e+00              1             63              0              3   1.583164e+01   6.671416e-02   7.275738e-01
          2500   6.393891e-01   4.945638e+00              1             64              0              3   1.602134e+01   7.989905e-02   7.328024e-01
          3000   6.060569e-01   5.941551e+00              1             67              0              1   1.592980e+01   7.064892e-02   7.299912e-01
          3500   6.234530e-01   6.936631e+00              1             65              0              3   1.583250e+01   8.256340e-02   7.229965e-01
          4000   6.000674e-01   7.084456e+00              1             66              0              4   1.588592e+01   1.002576e-01   7.298985e-01
          4500   6.239783e-01   8.900649e+00              1             63              0              3   1.544963e+01   8.551432e-02   7.244354e-01
          5000   6.067471e-01   9.863192e+00              1             66              0              2   1.551140e+01   8.995399e-02   7.203642e-01
          5500   6.272564e-01   1.085595e+01              1             65              0              4   1.554774e+01   8.148599e-02   7.132081e-01
          6000   6.351927e-01   1.184691e+01              1             67              0              3   1.554919e+01   8.307773e-02   7.154148e-01
          6500   6.245652e-01   1.284259e+01              1             63              0              3   1.576513e+01   8.398482e-02   7.277926e-01
          7000   5.825319e-01   1.256968e+01              1             67              0              3   1.582077e+01   8.274755e-02   7.315542e-01
          7500   6.244050e-01   1.477133e+01              1             65              0              3   1.580398e+01   8.731043e-02   7.300720e-01
          8000   6.274962e-01   1.576700e+01              1             63              0              3   1.604680e+01   9.682551e-02   7.389022e-01
          8500   6.157304e-01   1.676074e+01              1             68              0              3   1.609328e+01   9.083936e-02   7.374826e-01
          9000   6.063090e-01   1.775244e+01              1             66              0              3   1.562414e+01   7.562888e-02   7.206686e-01
          9500   6.124123e-01   1.872982e+01              0             67              0              3   1.561885e+01   8.081312e-02   7.172878e-01
         10000   6.057089e-01   1.972304e+01              1             71              0              2   1.577886e+01   9.178831e-02   7.427907e-01
         10500   6.485397e-01   1.775006e+01              1             67              0              4   1.585851e+01   8.477729e-02   7.432892e-01
         11000   6.424215e-01   2.169411e+01              1             56              0              0   1.546844e+01   1.018541e-01   7.330622e-01
         11500   6.023061e-01   2.267422e+01              1             61              0              2   1.545661e+01   1.022890e-01   7.364161e-01
         12000   5.909284e-01   2.158190e+01              1             67              0              2   1.565919e+01   8.478876e-02   7.246253e-01
         12500   6.179214e-01   2.462807e+01              1             59              0              2   1.539844e+01   9.584292e-02   7.193257e-01
         13000   5.980870e-01   2.346933e+01              1             61              0              3   1.568032e+01   1.015702e-01   7.294776e-01
         13500   6.009243e-01   2.654746e+01              1             61              0              3   1.544310e+01   1.139186e-01   7.325647e-01
         14000   6.009277e-01   2.751123e+01              1             58              0              2   1.555986e+01   1.003552e-01   7.367939e-01
         14500   6.143372e-01   2.849829e+01              1             60              0              2   1.546424e+01   1.118841e-01   7.305038e-01
         15000   6.137262e-01   2.949434e+01              1             60              0              3   1.549349e+01   1.183681e-01   7.323580e-01
         15500   6.058125e-01   2.818852e+01              1             62              0              2   1.537875e+01   1.133377e-01   7.290048e-01
         16000   6.069963e-01   3.143697e+01              1             60              0              2   1.579318e+01   1.327125e-01   7.396585e-01
         16500   6.062347e-01   3.238986e+01              1             59              0              2   1.524919e+01   1.254727e-01   7.295786e-01
         17000   6.154270e-01   3.337216e+01              0             59              0              3   1.539675e+01   1.180356e-01   7.273915e-01
         17500   6.242593e-01   3.436761e+01              1             61              0              3   1.543535e+01   1.216502e-01   7.351223e-01
         18000   6.402835e-01   2.993411e+01              1             58              0              2   1.562448e+01   1.227017e-01   7.240851e-01
         18500   6.273672e-01   3.635723e+01              0             57              0              2   1.548721e+01   1.228157e-01   7.278116e-01
         19000   6.462909e-01   3.179551e+01              1             58              0              3   1.537060e+01   1.106079e-01   7.316838e-01
         19500   6.318939e-01   3.830845e+01              0             52              0              3   1.548033e+01   1.117141e-01   7.437510e-01
         20000   6.194511e-01   3.930491e+01              0             61              0              2   1.565820e+01   1.277007e-01   7.381998e-01
         20500   5.880609e-01   3.703121e+01              1             61              0              3   1.555430e+01   1.071957e-01   7.237656e-01
         21000   6.352086e-01   4.126233e+01              1             57              0              3   1.561266e+01   1.072710e-01   7.270984e-01
         21500   6.089339e-01   4.224402e+01              1             59              0              3   1.553202e+01   1.090377e-01   7.360595e-01
         22000   6.015295e-01   3.967108e+01              1             61              0              2   1.521377e+01   1.120517e-01   7.264387e-01
         22500   6.550262e-01   3.783683e+01              1             56              0              3   1.589560e+01   1.300256e-01   7.397154e-01
         23000   6.734949e-01   3.883043e+01              1             57              0              3   1.608092e+01   1.267777e-01   7.398509e-01
         23500   6.574913e-01   3.982498e+01              1             57              0              2   1.611995e+01   1.165610e-01   7.417869e-01
         24000   6.309553e-01   4.695366e+01              1             54              0              3   1.572138e+01   1.055907e-01   7.347545e-01
         24500   6.319410e-01   4.793457e+01              1             57              0              3   1.578087e+01   1.116465e-01   7.355294e-01
         25000   6.439353e-01   4.889599e+01              1             59              0              3   1.600850e+01   1.105954e-01   7.370470e-01
         25500   6.516585e-01   4.360080e+01              1             62              0              2   1.624379e+01   1.101939e-01   7.379561e-01
         26000   6.236702e-01   5.079366e+01              1             60              0              2   1.606918e+01   1.094075e-01   7.422502e-01
         26500   6.518025e-01   4.551943e+01              1             63              0              3   1.626803e+01   1.009338e-01   7.404886e-01
         27000   6.445677e-01   5.271494e+01              1             59              0              3   1.618797e+01   9.872728e-02   7.393494e-01
         27500   6.420189e-01   5.367658e+01              0             59              0              3   1.591313e+01   1.103147e-01   7.313434e-01
         28000   6.511915e-01   4.839699e+01              0             54              0              2   1.609054e+01   1.034303e-01   7.314019e-01
         28500   6.165334e-01   5.560877e+01              0             61              0              1   1.623714e+01   9.925129e-02   7.433447e-01
         29000   6.105916e-01   5.659619e+01              1             60              0              3   1.653525e+01   1.191576e-01   7.504091e-01
         29500   6.166962e-01   5.759394e+01              0             64              0              2   1.635689e+01   1.090672e-01   7.471379e-01
         30000   5.973232e-01   5.219793e+01              0             60              0              3   1.626900e+01   1.002561e-01   7.404788e-01
         30500   6.177826e-01   5.949976e+01              1             61              0              3   1.583604e+01   1.072853e-01   7.245202e-01
         31000   6.102025e-01   6.048969e+01              1             61              0              2   1.604792e+01   1.211793e-01   7.430515e-01
         31500   5.924149e-01   5.504959e+01              1             59              0              3   1.605369e+01   9.721484e-02   7.377258e-01
         32000   6.262725e-01   6.240948e+01              0             58              0              3   1.574326e+01   9.235820e-02   7.250319e-01
         32500   6.138773e-01   6.340656e+01              0             66              0              3   1.619741e+01   1.103821e-01   7.436641e-01
         33000   6.117246e-01   5.775899e+01              1             63              0              3   1.603339e+01   1.034773e-01   7.400432e-01
         33500   6.126185e-01   6.536984e+01              1             64              0              3   1.589925e+01   1.025461e-01   7.422333e-01
         34000   5.874814e-01   5.966436e+01              1             65              0              3   1.608589e+01   1.097147e-01   7.378522e-01
         34500   5.866803e-01   6.065897e+01              1             63              0              3   1.611995e+01   1.137810e-01   7.386227e-01
         35000   6.002091e-01   6.816961e+01              0             58              0              1   1.596841e+01   1.106698e-01   7.424393e-01
         35500   6.371855e-01   6.029847e+01              1             63              0              3   1.603054e+01   1.187170e-01   7.344734e-01
         36000   6.188173e-01   7.012612e+01              1             62              0              3   1.572414e+01   1.123857e-01   7.224460e-01
         36500   6.392724e-01   7.111168e+01              0             60              0              3   1.622657e+01   1.018412e-01   7.471445e-01
         37000   6.561158e-01   6.307555e+01              1             56              0              2   1.594590e+01   1.048770e-01   7.304298e-01
         37500   6.110639e-01   6.566325e+01              1             65              0              3   1.588479e+01   1.032305e-01   7.276255e-01
         38000   6.078093e-01   6.664165e+01              0             64              0              4   1.595095e+01   9.527819e-02   7.341541e-01
         38500   6.393716e-01   7.492677e+01              1             64              0              4   1.600178e+01   1.113788e-01   7.326227e-01
         39000   6.372904e-01   6.655417e+01              1             62              0              3   1.579532e+01   1.040360e-01   7.375794e-01
         39500   6.629364e-01   6.752343e+01              1             66              0              4   1.601327e+01   1.082698e-01   7.325909e-01
         40000   6.791876e-01   6.850317e+01              1             65              0              3   1.627809e+01   1.023595e-01   7.432160e-01
         40500   6.774642e-01   6.949431e+01              1             61              0              4   1.633042e+01   1.086876e-01   7.343077e-01
         41000   6.650588e-01   7.047850e+01              1             64              0              3   1.635226e+01   1.082798e-01   7.405808e-01
         41500   6.900064e-01   5.055049e+01              0             60              0              4   1.612445e+01   1.147644e-01   7.389297e-01
         42000   6.802863e-01   5.150541e+01              0             60              0              3   1.617885e+01   1.126824e-01   7.466421e-01
         42500   6.849971e-01   7.340997e+01              1             66              0              2   1.648289e+01   1.079633e-01   7.539165e-01
         43000   6.902899e-01   7.437210e+01              0             60              0              3   1.615774e+01   1.218379e-01   7.445691e-01
         43500   6.714518e-01   7.532570e+01              0             62              0              4   1.603205e+01   1.099024e-01   7.321740e-01
         44000   6.644264e-01   7.631890e+01              1             57              0              3   1.601289e+01   1.167414e-01   7.315066e-01
         44500   6.624157e-01   7.731492e+01              1             60              0              2   1.633832e+01   1.128506e-01   7.418753e-01
         45000   6.744999e-01   7.830893e+01              1             63              0              3   1.601512e+01   1.194018e-01   7.275741e-01
         45500   6.592240e-01   7.929470e+01              0             66              0              3   1.595006e+01   1.217732e-01   7.181340e-01
         46000   6.950494e-01   5.884359e+01              1             64              0              3   1.629982e+01   1.054155e-01   7.251147e-01
         46500   6.933302e-01   5.981916e+01              1             62              0              4   1.627662e+01   1.025253e-01   7.303709e-01
         47000   6.684566e-01   8.218151e+01              1             62              0              1   1.588728e+01   9.664264e-02   7.267232e-01
         47500   6.843518e-01   8.316391e+01              0             62              0              1   1.608021e+01   9.188361e-02   7.264455e-01
         48000   6.806233e-01   8.415326e+01              0             58              0              3   1.595478e+01   9.546719e-02   7.248418e-01
         48500   7.035442e-01   6.356017e+01              1             62              0              1   1.581097e+01   1.013823e-01   7.299997e-01
         49000   6.764636e-01   8.604630e+01              1             61              0              2   1.602360e+01   9.268602e-02   7.321193e-01
         49500   6.558080e-01   8.704237e+01              0             57              0              2   1.611815e+01   9.800527e-02   7.306211e-01
         50000   6.368646e-01   9.394189e+01              1             62              0              1   1.592910e+01   1.068781e-01   7.371236e-01
         50500   6.306101e-01   9.493787e+01              0             64              0              2   1.570788e+01   1.077118e-01   7.282201e-01
         51000   6.265999e-01   9.591183e+01              0             63              0              2   1.585783e+01   9.958797e-02   7.236875e-01
         51500   5.914254e-01   8.304290e+01              1             65              0              2   1.588757e+01   8.803518e-02   7.180675e-01
         52000   6.152939e-01   9.783824e+01              0             67              0              4   1.595775e+01   9.533430e-02   7.289479e-01
         52500   6.164783e-01   9.882362e+01              1             60              0              4   1.598667e+01   9.946735e-02   7.248985e-01
         53000   6.171938e-01   8.582510e+01              0             61              0              3   1.568539e+01   9.896073e-02   7.306984e-01
         53500   6.193631e-01   1.008005e+02              1             67              0              4   1.585041e+01   9.411629e-02   7.332441e-01
         54000   6.307383e-01   1.017920e+02              1             61              0              3   1.581240e+01   9.581053e-02   7.268375e-01
         54500   5.985335e-01   8.855307e+01              0             62              0              2   1.559884e+01   9.457019e-02   7.257759e-01
         55000   5.887487e-01   8.954929e+01              0             65              0              1   1.574914e+01   9.025533e-02   7.314612e-01
         55500   5.924435e-01   9.054741e+01              1             63              0              1   1.617413e+01   9.331376e-02   7.453773e-01
         56000   5.956984e-01   9.154087e+01              1             62              0              3   1.613614e+01   1.060501e-01   7.315094e-01
         56500   6.102258e-01   1.062969e+02              0             58              0              2   1.596951e+01   1.064777e-01   7.281696e-01
         57000   6.061243e-01   9.350854e+01              1             64              0              2   1.599987e+01   1.058051e-01   7.233232e-01
         57500   6.386803e-01   1.081654e+02              0             59              0              3   1.621404e+01   1.240133e-01   7.227976e-01
         58000   6.771976e-01   1.002856e+02              0             59              0              2   1.608308e+01   1.292829e-01   7.242968e-01
         58500   6.824003e-01   7.509041e+01              1             58              0              3   1.607105e+01   1.073017e-01   7.304281e-01
         59000   6.719071e-01   1.022181e+02              1             57              0              2   1.601991e+01   1.067681e-01   7.341580e-01
         59500   6.925977e-01   7.696981e+01              0             55              0              4   1.610707e+01   1.090980e-01   7.278271e-01
         60000   7.126149e-01   7.796642e+01              1             57              0              4   1.631156e+01   1.080142e-01   7.367345e-01
         60500   7.080930e-01   7.896406e+01              0             57              0              4   1.599500e+01   1.040493e-01   7.325857e-01
         61000   7.107078e-01   7.995394e+01              0             55              0              2   1.643162e+01   1.152269e-01   7.393176e-01
         61500   7.057540e-01   8.094810e+01              1             57              0              2   1.643447e+01   1.022389e-01   7.488071e-01
         62000   6.950969e-01   8.194273e+01              0             54              0              3   1.622021e+01   1.007944e-01   7.337517e-01
         62500   7.023837e-01   8.293899e+01              1             61              0              3   1.621629e+01   1.178120e-01   7.367096e-01
         63000   6.973647e-01   8.393189e+01              0             56              0              4   1.664900e+01   1.096028e-01   7.477789e-01
         63500   6.720193e-01   1.101408e+02              1             60              0              3   1.607458e+01   1.033598e-01   7.191214e-01
         64000   6.948430e-01   8.583257e+01              0             57              0              3   1.600768e+01   9.503608e-02   7.237101e-01
         64500   7.358668e-01   5.501229e+01              0             53              0              2   1.616704e+01   1.017115e-01   7.328078e-01
         65000   7.430232e-01   5.600725e+01              0             50              0              4   1.640182e+01   1.105271e-01   7.430335e-01
         65500   7.168151e-01   8.870040e+01              1             61              0              3   1.629928e+01   1.024691e-01   7.344832e-01
         66000   6.978290e-01   8.969321e+01              1             55              0              3   1.631353e+01   1.153512e-01   7.382874e-01
         66500   7.176972e-01   9.068760e+01              0             54              0              3   1.614188e+01   1.080900e-01   7.311779e-01
         67000   7.186613e-01   5.972760e+01              0             57              0              2   1.644602e+01   1.142484e-01   7.328305e-01
         67500   6.673292e-01   1.167271e+02              1             59              0              4   1.639122e+01   1.056335e-01   7.359005e-01
         68000   6.701575e-01   1.177169e+02              0             59              0              4   1.627680e+01   1.093627e-01   7.352367e-01
         68500   6.902182e-01   9.450146e+01              1             58              0              2   1.625993e+01   1.192335e-01   7.408382e-01
         69000   7.072874e-01   9.548862e+01              0             53              0              3   1.650032e+01   1.097484e-01   7.422402e-01
         69500   7.459367e-01   6.380336e+01              0             54              0              2   1.638577e+01   1.293210e-01   7.477565e-01
         70000   7.573424e-01   6.479866e+01              1             60              0              2   1.621020e+01   1.212382e-01   7.356097e-01
         70500   8.033314e-01   3.675273e+01              0             45              0              2   1.627010e+01   1.116100e-01   7.271573e-01
         71000   7.351544e-01   6.667279e+01              0             56              0              2   1.618020e+01   1.255862e-01   7.260114e-01
         71500   7.516353e-01   6.766779e+01              1             55              0              2   1.593879e+01   1.209751e-01   7.224885e-01
         72000   7.131966e-01   1.005960e+02              1             58              0              2   1.629360e+01   1.115268e-01   7.347844e-01
         72500   7.680626e-01   4.017082e+01              0             49              0              2   1.606939e+01   1.128638e-01   7.247486e-01
         73000   7.413236e-01   7.058172e+01              0             54              0              2   1.618405e+01   1.194823e-01   7.444993e-01
         73500   7.155964e-01   1.032305e+02              0             56              0              3   1.604257e+01   1.060977e-01   7.255683e-01
         74000   7.199526e-01   1.042051e+02              1             57              0              2   1.657902e+01   1.148016e-01   7.540737e-01
         74500   7.239962e-01   1.051686e+02              0             59              0              3   1.612012e+01   1.116518e-01   7.290469e-01
         75000   7.430115e-01   7.438448e+01              0             56              0              2   1.605288e+01   1.211922e-01   7.326723e-01
         75500   7.349998e-01   7.536995e+01              0             52              0              2   1.627957e+01   1.349345e-01   7.389098e-01
         76000   7.171047e-01   1.080305e+02              1             55              0              1   1.601557e+01   1.438764e-01   7.315533e-01
         76500   7.240822e-01   1.089980e+02              1             59              0              2   1.640795e+01   1.311446e-01   7.440198e-01
         77000   7.060820e-01   1.099885e+02              0             58              0              2   1.636351e+01   1.371857e-01   7.537265e-01
         77500   7.010614e-01   1.109844e+02              0             52              0              1   1.630767e+01   1.310299e-01   7.358712e-01
         78000   7.080294e-01   1.119696e+02              1             56              0              2   1.645341e+01   1.233374e-01   7.416028e-01
         78500   7.159866e-01   1.129658e+02              1             55              0              1   1.594661e+01   1.356281e-01   7.287143e-01
         79000   7.029315e-01   1.139586e+02              0             51              0              2   1.618079e+01   1.161228e-01   7.318701e-01
         79500   7.097166e-01   1.149463e+02              1             54              0              1   1.630831e+01   1.160329e-01   7.261327e-01
         80000   7.234367e-01   8.371258e+01              0             48              0              1   1.557787e+01   1.403191e-01   7.065688e-01
         80500   6.957395e-01   1.169237e+02              0             51              0              3   1.612039e+01   1.444945e-01   7.181946e-01
         81000   7.787441e-01   5.239655e+01              0             43              0              2   1.626811e+01   1.324394e-01   7.225582e-01
         81500   7.730789e-01   8.645058e+01              0             47              0              1   1.619101e+01   1.493495e-01   7.248643e-01
         82000   7.630857e-01   8.740471e+01              0             45              0              1   1.636163e+01   1.220281e-01   7.294404e-01
         82500   7.390748e-01   8.840000e+01              0             47              0              1   1.632205e+01   1.334345e-01   7.252152e-01
         83000   7.725581e-01   5.611181e+01              0             39              0              1   1.628711e+01   1.220385e-01   7.261327e-01
         83500   7.995199e-01   5.710138e+01              1             43              0              1   1.604924e+01   1.203148e-01   7.288617e-01
         84000   7.922730e-01   5.809697e+01              0             43              0              0   1.626851e+01   1.311688e-01   7.354638e-01
         84500   8.008496e-01   5.909426e+01              0             40              0              2   1.653736e+01   1.373669e-01   7.335668e-01
         85000   7.905970e-01   6.009176e+01              0             38              0              2   1.654868e+01   1.362867e-01   7.322653e-01
         85500   7.747580e-01   6.106977e+01              1             41              0              1   1.650759e+01   1.410040e-01   7.472418e-01
         86000   7.871143e-01   6.206199e+01              1             43              0              1   1.619843e+01   1.219699e-01   7.299257e-01
         86500   8.096925e-01   6.304686e+01              1             42              0              1   1.632101e+01   1.029236e-01   7.303372e-01
         87000   8.388196e-01   3.663236e+01              0             38              0              1   1.648055e+01   1.133060e-01   7.320047e-01
         87500   8.475064e-01   3.762488e+01              0             36              0              1   1.590976e+01   1.096683e-01   7.188409e-01
         88000   8.517973e-01   3.862034e+01              0             35              0              1   1.640407e+01   1.072403e-01   7.298888e-01
         88500   8.245662e-01   6.681054e+01              0             44              0              0   1.630492e+01   1.145345e-01   7.256775e-01
         89000   8.437967e-01   4.057089e+01              1             40              0              0   1.638991e+01   1.132089e-01   7.390701e-01
         89500   8.374461e-01   4.153804e+01              1             43              0              1   1.597404e+01   1.397261e-01   7.344056e-01
         90000   8.643495e-01   4.252392e+01              1             39              0              1   1.615617e+01   1.176710e-01   7.290282e-01
         90500   8.546186e-01   4.351310e+01              0             41              0              1   1.627797e+01   1.289744e-01   7.294857e-01
         91000   8.552378e-01   4.450711e+01              0             37              0              0   1.616835e+01   1.269104e-01   7.279813e-01
         91500   8.535931e-01   4.550439e+01              1             39              0              1   1.602417e+01   1.342627e-01   7.334232e-01
         92000   8.643318e-01   4.648767e+01              0             40              0              1   1.640544e+01   1.388040e-01   7.409084e-01
         92500   8.572230e-01   4.748204e+01              0             36              0              1   1.580321e+01   1.303680e-01   7.122384e-01
         93000   8.711779e-01   4.847316e+01              0             38              0              2   1.635306e+01   1.177221e-01   7.380984e-01
         93500   8.544447e-01   4.945544e+01              0             40              0              1   1.604262e+01   1.281733e-01   7.286730e-01
         94000   8.785040e-01   5.044903e+01              0             39              0              1   1.567587e+01   1.421907e-01   7.236355e-01
         94500   8.521591e-01   5.143470e+01              0             41              0              1   1.617816e+01   1.356405e-01   7.380970e-01
         95000   8.504277e-01   5.243141e+01              0             41              0              1   1.622031e+01   1.408788e-01   7.391379e-01
         95500   8.454532e-01   5.342062e+01              0             44              0              1   1.618655e+01   1.201624e-01   7.398146e-01
         96000   8.716319e-01   5.441114e+01              0             40              0              1   1.625683e+01   1.208446e-01   7.349176e-01
         96500   8.502770e-01   5.540400e+01              0             47              0              1   1.629413e+01   1.173680e-01   7.286710e-01
         97000   8.480029e-01   5.639508e+01              0             42              0              1   1.666013e+01   1.278578e-01   7.389648e-01
         97500   8.556219e-01   5.738112e+01              0             38              0              1   1.678490e+01   1.292560e-01   7.512993e-01
         98000   8.343676e-01   8.366474e+01              0             39              0              1   1.647200e+01   1.296085e-01   7.303696e-01
         98500   8.285770e-01   5.934513e+01              0             44              0              1   1.597962e+01   1.223244e-01   7.308475e-01
         99000   8.331827e-01   6.032583e+01              0             45              0              1   1.607617e+01   1.259657e-01   7.352950e-01
         99500   8.553979e-01   6.131453e+01              0             44              0              1   1.635308e+01   1.391121e-01   7.466452e-01
        100000   8.363724e-01   6.225633e+01              0             40              0              1   1.633591e+01   1.349215e-01   7.455967e-01
        100500   8.178472e-01   8.843003e+01              1             45              0              2   1.653005e+01   1.387867e-01   7.497021e-01
        101000   8.453455e-01   6.418763e+01              0             46              0              1   1.615981e+01   1.175657e-01   7.323290e-01
        101500   8.311781e-01   6.514044e+01              1             46              0              2   1.649655e+01   1.301173e-01   7.390960e-01
        102000   8.538456e-01   6.612828e+01              0             41              0              2   1.676088e+01   1.304271e-01   7.430225e-01
        102500   8.679832e-01   6.710419e+01              0             40              0              1   1.614720e+01   1.309819e-01   7.315662e-01
        103000   8.928916e-01   4.482286e+01              1             41              0              2   1.628384e+01   1.474848e-01   7.503492e-01
        103500   8.985042e-01   4.581000e+01              0             42              0              1   1.591066e+01   1.314886e-01   7.402806e-01
        104000   8.659315e-01   6.995282e+01              0             42              0              2   1.531980e+01   1.396568e-01   7.159205e-01
        104500   8.957325e-01   4.774841e+01              0             41              0              2   1.552143e+01   1.547616e-01   7.236909e-01
        105000   8.966986e-01   4.874350e+01              1             39              0              1   1.533167e+01   1.599420e-01   7.249787e-01
        105500   8.919152e-01   4.973177e+01              1             42              0              2   1.575611e+01   1.507540e-01   7.290389e-01
        106000   8.646755e-01   7.365925e+01              0             41              0              1   1.580992e+01   1.426757e-01   7.346591e-01
        106500   9.135029e-01   5.160164e+01              0             39              0              2   1.564617e+01   1.541342e-01   7.222461e-01
        107000   9.132191e-01   5.259413e+01              0             42              0              2   1.533015e+01   1.396295e-01   7.126040e-01
        107500   9.196510e-01   5.358650e+01              1             40              0              2   1.594707e+01   1.469984e-01   7.318993e-01
        108000   8.872966e-01   7.720515e+01              0             42              0              1   1.565766e+01   1.336571e-01   7.226534e-01
        108500   8.724398e-01   7.817344e+01              0             43              0              1   1.566188e+01   1.384832e-01   7.266549e-01
        109000   9.005789e-01   5.651648e+01              1             41              0              1   1.557380e+01   1.581409e-01   7.259863e-01
        109500   8.850639e-01   5.749443e+01              1             43              0              2   1.531857e+01   1.509038e-01   7.125806e-01
        110000   8.527964e-01   8.105890e+01              2             44              0              2   1.563230e+01   1.509281e-01   7.308475e-01
        110500   8.662908e-01   8.205359e+01              1             39              0              2   1.531960e+01   1.623938e-01   7.160211e-01
        111000   8.863888e-01   6.025980e+01              0             43              0              2   1.532979e+01   1.512172e-01   7.109225e-01
        111500   8.831595e-01   6.123021e+01              0             42              0              2   1.569697e+01   1.536425e-01   7.271172e-01
        112000   8.579875e-01   8.493876e+01              2             45              0              3   1.559535e+01   1.446968e-01   7.296167e-01
        112500   8.720560e-01   6.302992e+01              1             42              0              2   1.542388e+01   1.497839e-01   7.186022e-01
        113000   8.925955e-01   6.399451e+01              1             46              0              2   1.550115e+01   1.402212e-01   7.257915e-01
        113500   8.935821e-01   6.497838e+01              1             46              0              2   1.566497e+01   1.276330e-01   7.387623e-01
        114000   9.127540e-01   6.597188e+01              0             45              0              2   1.565631e+01   1.612076e-01   7.329168e-01
        114500   9.226251e-01   6.696527e+01              2             41              0              2   1.577581e+01   1.531793e-01   7.373441e-01
        115000   9.256455e-01   4.439372e+01              2             39              0              2   1.582992e+01   1.610716e-01   7.426616e-01
        115500   9.668199e-01   4.534688e+01              2             35              0              2   1.609627e+01   1.765152e-01   7.440842e-01
        116000   9.800488e-01   4.632143e+01              1             39              0              2   1.600024e+01   1.555591e-01   7.401649e-01
        116500   9.411780e-01   4.730818e+01              2             42              0              1   1.612836e+01   1.519500e-01   7.473947e-01
        117000   8.982770e-01   7.149687e+01              2             45              0              2   1.592926e+01   1.476470e-01   7.400673e-01
        117500   8.995712e-01   7.249534e+01              2             39              0              2   1.565783e+01   1.567060e-01   7.337381e-01
        118000   8.671106e-01   9.479470e+01              1             44              0              2   1.559587e+01   1.601264e-01   7.386045e-01
        118500   9.058860e-01   7.444196e+01              1             45              0              1   1.592938e+01   1.615501e-01   7.470631e-01
        119000   9.483557e-01   5.161126e+01              1             44              0              2   1.582808e+01   1.671393e-01   7.485103e-01
        119500   9.780258e-01   3.078609e+01              1             40              0              2   1.561383e+01   1.688220e-01   7.416851e-01
        120000   1.006622e+00   3.178121e+01              1             37              0              1   1.540913e+01   1.643292e-01   7.442099e-01
        120500   1.009340e+00   3.277148e+01              1             36              0              2   1.568666e+01   1.681612e-01   7.350092e-01
        121000   1.024493e+00   3.376418e+01              0             37              0              1   1.566819e+01   1.521401e-01   7.320394e-01
        121500   1.014667e+00   3.475758e+01              0             41              0              2   1.593968e+01   1.528075e-01   7.458280e-01
        122000   1.046518e+00   1.941333e+01              2             38              0              2   1.592286e+01   1.571136e-01   7.372861e-01
        122500   1.051101e+00   2.035377e+01              2             37              0              2   1.542678e+01   1.508671e-01   7.386208e-01
        123000   1.062533e+00   2.135152e+01              1             41              0              2   1.573245e+01   1.491513e-01   7.314126e-01
        123500   1.081849e+00   2.233675e+01              2             35              0              1   1.581478e+01   1.484612e-01   7.399290e-01
        124000   1.082348e+00   2.332047e+01              2             38              0              1   1.609361e+01   1.560200e-01   7.411695e-01
        124500   1.077017e+00   2.431148e+01              1             36              0              2   1.585063e+01   1.508725e-01   7.399189e-01
        125000   1.060798e+00   2.530817e+01              1             36              0              1   1.577555e+01   1.515991e-01   7.437834e-01
        125500   1.074177e+00   2.630347e+01              2             33              0              2   1.594923e+01   1.833748e-01   7.610962e-01
        126000   1.050573e+00   2.729455e+01              2             33              0              1   1.569209e+01   1.505132e-01   7.368966e-01
        126500   1.107926e+00   1.706361e+01              2             34              0              1   1.568227e+01   1.605024e-01   7.284094e-01
        127000   1.117384e+00   1.806119e+01              1             39              0              1   1.601955e+01   1.651402e-01   7.407405e-01
        127500   1.098196e+00   1.902974e+01              2             40              0              0   1.595798e+01   1.618956e-01   7.476305e-01
        128000   1.134798e+00   1.182039e+01              2             34              0              2   1.573624e+01   1.662819e-01   7.333463e-01
        128500   1.119499e+00   2.100405e+01              1             38              0              0   1.605625e+01   1.707788e-01   7.577859e-01
        129000   1.125033e+00   2.198983e+01              1             33              0              1   1.585167e+01   1.671393e-01   7.401063e-01
        129500   1.108016e+00   2.298377e+01              1             37              0              1   1.594113e+01   1.694599e-01   7.377305e-01
        130000   1.088739e+00   2.394418e+01              1             37              0              0   1.589992e+01   1.745159e-01   7.366112e-01
        130500   1.116321e+00   2.493789e+01              1             39              0              0   1.608186e+01   1.832120e-01   7.415782e-01
        131000   1.157903e+00   1.706978e+01              1             35              0              1   1.588781e+01   1.687553e-01   7.369463e-01
        131500   1.181490e+00   1.806088e+01              2             34              0              1   1.595641e+01   1.615904e-01   7.318937e-01
        132000   1.163186e+00   1.905762e+01              1             37              0              2   1.602919e+01   1.577884e-01   7.273730e-01
        132500   1.188549e+00   2.005030e+01              1             34              0              1   1.662829e+01   1.428952e-01   7.328096e-01
        133000   1.179902e+00   2.103678e+01              2             38              0              2   1.630032e+01   1.685892e-01   7.293878e-01
        133500   1.174420e+00   2.203348e+01              1             35              0              1   1.614390e+01   1.876469e-01   7.216881e-01
        134000   1.194745e+00   1.517239e+01              2             35              0              2   1.603463e+01   1.932048e-01   7.107823e-01
        134500   1.222910e+00   1.616731e+01              0             31              0              0   1.611815e+01   1.908897e-01   7.096935e-01
        135000   1.212935e+00   1.716299e+01              0             35              0              0   1.588375e+01   1.999497e-01   7.111286e-01
        135500   1.214232e+00   1.815521e+01              1             40              0              0   1.623358e+01   2.006393e-01   7.203300e-01
        136000   1.205192e+00   1.913896e+01              1             35              0              1   1.586405e+01   2.025610e-01   7.219278e-01
        136500   1.254091e+00   1.290517e+01              2             33              0              0   1.583383e+01   2.010233e-01   7.107387e-01
        137000   1.262289e+00   1.389396e+01              1             29              0              0   1.624402e+01   1.974712e-01   7.206238e-01
        137500   1.266548e+00   1.489023e+01              0             34              0              0   1.612884e+01   1.889576e-01   7.155681e-01
        138000   1.274678e+00   1.588281e+01              1             32              0              1   1.606586e+01   2.125701e-01   7.217097e-01
        138500   1.268792e+00   1.684977e+01              0             31              0              0   1.606597e+01   2.067827e-01   7.257564e-01
        139000   1.319906e+00   1.149926e+01              0             29              0              0   1.599076e+01   2.018150e-01   7.155130e-01
        139500   1.290014e+00   1.871552e+01              0             29              0              0   1.642864e+01   1.942842e-01   7.245154e-01
        140000   1.298593e+00   1.968344e+01              0             29              0              0   1.600432e+01   1.935090e-01   7.266121e-01
        140500   1.275121e+00   2.067258e+01              0             30              0              0   1.613655e+01   1.933213e-01   7.202082e-01
        141000   1.264515e+00   2.166413e+01              0             30              0              0   1.613517e+01   1.841115e-01   7.250967e-01
        141500   1.305656e+00   1.618716e+01              0             27              0              0   1.579484e+01   1.759027e-01   7.181436e-01
        142000   1.300204e+00   1.715446e+01              0             27              0              0   1.591507e+01   1.907068e-01   7.087715e-01
        142500   1.280239e+00   1.812259e+01              0             33              0              0   1.613171e+01   1.851589e-01   7.220852e-01
        143000   1.303875e+00   1.905619e+01              1             29              0              0   1.599917e+01   1.766785e-01   7.154071e-01
        143500   1.326537e+00   2.005102e+01              0             30              0              0   1.609920e+01   1.711624e-01   7.096389e-01
        144000   1.333680e+00   2.104819e+01              0             29              0              1   1.612447e+01   1.873851e-01   7.102928e-01
        144500   1.355218e+00   1.494094e+01              0             27              0              0   1.643591e+01   1.740358e-01   7.143007e-01
        145000   1.341475e+00   2.295585e+01              0             29              0              0   1.576864e+01   1.939727e-01   7.017186e-01
        145500   1.335699e+00   2.393242e+01              0             27              0              0   1.593191e+01   1.806204e-01   7.025221e-01
        146000   1.330922e+00   2.492378e+01              0             31              0              1   1.571995e+01   1.721340e-01   6.994313e-01
        146500   1.284805e+00   3.129932e+01              1             28              0              0   1.631929e+01   1.874340e-01   7.128688e-01
        147000   1.308769e+00   2.688174e+01              0             31              0              0   1.636837e+01   1.762198e-01   7.154699e-01
        147500   1.301236e+00   2.786149e+01              1             34              0              0   1.615630e+01   1.597532e-01   7.033600e-01
        148000   1.316798e+00   2.885794e+01              2             28              0              0   1.649775e+01   1.570114e-01   7.100082e-01
        148500   1.337489e+00   2.984229e+01              1             29              0              0   1.633634e+01   1.598821e-01   6.935963e-01
        149000   1.344729e+00   2.290713e+01              1             32              0              0   1.621122e+01   1.627019e-01   7.021161e-01
        149500   1.334831e+00   3.180093e+01              1             30              0              0   1.617619e+01   1.551704e-01   6.982298e-01
        150000   1.326211e+00   3.278811e+01              1             30              0              0   1.614151e+01   1.605355e-01   7.145169e-01
        150500   1.336831e+00   3.376807e+01              2             32              0              1   1.571443e+01   1.709230e-01   7.025823e-01
        151000   1.315600e+00   3.475938e+01              1             30              0              0   1.536183e+01   1.607404e-01   6.850157e-01
        151500   1.389234e+00   2.749018e+01              0             26              0              0   1.570099e+01   1.622097e-01   6.967394e-01
        152000   1.397781e+00   1.855640e+01              1             30              0              1   1.571845e+01   1.581582e-01   7.030847e-01
        152500   1.413633e+00   1.955064e+01              0             28              0              1   1.559336e+01   1.734945e-01   6.908660e-01
        153000   1.422847e+00   2.054713e+01              0             28              0              0   1.564273e+01   1.632107e-01   6.933018e-01
        153500   1.430872e+00   2.153721e+01              0             28              0              0   1.581428e+01   1.590982e-01   6.917658e-01
        154000   1.411406e+00   2.251964e+01              0             30              0              1   1.555865e+01   1.661501e-01   6.875671e-01
        154500   1.368157e+00   3.286250e+01              1             31              0              1   1.550928e+01   1.680916e-01   6.948831e-01
        155000   1.357678e+00   3.384690e+01              1             29              0              0   1.571516e+01   1.559774e-01   7.036697e-01
        155500   1.328048e+00   4.135139e+01              1             31              0              0   1.591412e+01   1.593899e-01   6.998155e-01
        156000   1.352969e+00   3.578160e+01              1             28              0              1   1.558641e+01   1.604360e-01   7.006943e-01
        156500   1.365898e+00   3.677202e+01              1             28              0              0   1.565601e+01   1.623001e-01   6.893635e-01
        157000   1.405290e+00   2.763395e+01              1             25              0              0   1.567569e+01   1.668020e-01   7.016562e-01
        157500   1.397470e+00   2.862675e+01              1             31              0              1   1.547175e+01   1.887990e-01   7.017851e-01
        158000   1.391545e+00   2.957664e+01              1             30              0              1   1.549719e+01   1.822938e-01   6.977714e-01
        158500   1.422723e+00   3.055322e+01              1             27              0              1   1.555808e+01   1.786134e-01   6.944270e-01
        159000   1.425084e+00   3.154594e+01              1             30              0              1   1.588610e+01   1.959159e-01   7.080278e-01
        159500   1.436636e+00   2.123568e+01              1             29              0              2   1.589145e+01   1.796973e-01   7.021717e-01
        160000   1.463475e+00   2.221185e+01              1             28              0              1   1.551266e+01   1.824300e-01   6.945961e-01
        160500   1.460454e+00   2.320968e+01              1             28              0              1   1.586499e+01   1.755315e-01   7.149902e-01
        161000   1.475590e+00   2.419720e+01              1             28              0              0   1.576512e+01   1.860638e-01   7.066613e-01
        161500   1.452572e+00   2.518315e+01              1             31              0              1   1.570790e+01   1.757638e-01   7.055624e-01
        162000   1.487053e+00   2.617540e+01              1             31              0              2   1.558702e+01   1.763431e-01   7.057807e-01
        162500   1.550742e+00   1.694307e+01              1             29              0              1   1.574494e+01   1.830411e-01   7.134690e-01
        163000   1.512233e+00   1.790180e+01              2             33              0              2   1.576766e+01   1.707507e-01   7.074351e-01
        163500   1.466236e+00   2.879545e+01              2             33              0              2   1.558625e+01   1.960020e-01   7.099498e-01
        164000   1.484410e+00   2.978332e+01              1             32              0              2   1.563292e+01   1.898314e-01   7.117062e-01
        164500   1.483225e+00   3.077093e+01              1             30              0              2   1.588886e+01   2.019267e-01   7.024127e-01
        165000   1.470847e+00   3.176038e+01              2             30              0              2   1.547673e+01   1.739974e-01   7.096072e-01
        165500   1.476746e+00   3.275567e+01              1             30              0              1   1.544848e+01   1.793008e-01   7.044961e-01
        166000   1.487782e+00   3.371798e+01              1             32              0              1   1.562749e+01   1.587127e-01   7.051732e-01
        166500   1.457924e+00   3.471173e+01              1             29              0              1   1.534849e+01   1.605993e-01   7.030455e-01
        167000   1.521295e+00   2.523840e+01              1             29              0              1   1.572368e+01   1.666676e-01   7.104922e-01
        167500   1.541875e+00   1.636253e+01              1             32              0              2   1.588543e+01   1.548439e-01   7.010205e-01
        168000   1.573807e+00   1.734640e+01              1             31              0              2   1.606346e+01   1.704392e-01   6.996575e-01
        168500   1.568728e+00   1.834357e+01              2             33              0              1   1.582994e+01   1.807877e-01   6.950761e-01
        169000   1.575820e+00   1.933707e+01              1             33              0              2   1.578625e+01   1.769560e-01   6.973165e-01
        169500   1.588047e+00   2.032311e+01              1             29              0              2   1.636067e+01   1.630647e-01   7.143714e-01
        170000   1.544775e+00   2.130336e+01              1             30              0              1   1.659236e+01   1.584165e-01   7.241519e-01
        170500   1.554328e+00   2.229669e+01              1             29              0              1   1.599542e+01   1.533811e-01   7.037168e-01
        171000   1.571358e+00   2.328849e+01              1             32              0              0   1.590720e+01   1.541172e-01   7.076546e-01
        171500   1.582104e+00   2.427236e+01              1             31              0              1   1.580725e+01   1.591647e-01   7.047079e-01
        172000   1.550954e+00   2.526431e+01              1             32              0              1   1.591616e+01   1.602690e-01   7.051074e-01
        172500   1.527709e+00   3.509465e+01              1             32              0              1   1.581575e+01   1.553265e-01   7.068534e-01
        173000   1.521941e+00   3.607819e+01              2             29              0              1   1.614237e+01   1.841874e-01   7.109480e-01
        173500   1.527865e+00   3.707395e+01              2             32              0              1   1.594332e+01   1.570167e-01   7.088684e-01
        174000   1.540526e+00   2.895534e+01              1             32              0              0   1.632884e+01   1.628317e-01   7.152139e-01
        174500   1.599471e+00   2.014231e+01              2             32              0              0   1.618389e+01   1.650715e-01   7.115280e-01
        175000   1.592632e+00   2.112482e+01              1             31              0              1   1.600400e+01   1.643406e-01   7.086798e-01
        175500   1.605742e+00   2.211897e+01              2             31              0              1   1.634432e+01   1.591215e-01   7.182494e-01
        176000   1.609177e+00   3.271085e+01              1             32              0              2   1.617754e+01   1.696750e-01   7.088662e-01
        176500   1.619773e+00   2.408053e+01              1             28              0              1   1.614788e+01   1.714502e-01   7.050207e-01
        177000   1.609343e+00   2.506707e+01              2             29              0              2   1.603545e+01   1.588505e-01   6.989358e-01
        177500   1.652100e+00   1.652931e+01              1             31              0              2   1.603865e+01   1.826480e-01   7.040334e-01
        178000   1.642851e+00   1.749743e+01              1             27              0              0   1.557369e+01   1.628714e-01   7.069738e-01
        178500   1.669861e+00   1.849400e+01              1             30              0              1   1.616648e+01   1.424708e-01   7.268906e-01
        179000   1.648691e+00   1.945746e+01              1             30              0              1   1.607261e+01   1.616829e-01   7.155185e-01
        179500   1.642548e+00   2.043543e+01              1             31              0              1   1.615259e+01   1.647307e-01   7.113931e-01
        180000   1.640094e+00   2.139367e+01              1             29              0              1   1.591633e+01   1.634795e-01   7.161687e-01
        180500   1.623735e+00   3.172335e+01              2             31              0              1   1.579559e+01   1.536873e-01   7.212929e-01
        181000   1.662032e+00   2.326965e+01              1             29              0              0   1.581539e+01   1.570212e-01   7.336855e-01
        181500   1.663601e+00   2.426721e+01              2             30              0              1   1.651097e+01   1.652217e-01   7.434394e-01
        182000   1.672751e+00   2.526331e+01              1             31              0              1   1.590881e+01   1.628967e-01   7.145528e-01
        182500   1.667264e+00   2.625147e+01              1             30              0              0   1.584653e+01   1.625177e-01   7.162307e-01
        183000   1.629172e+00   3.629681e+01              1             30              0              0   1.571504e+01   1.674550e-01   7.121301e-01
        183500   1.660760e+00   2.816550e+01              1             31              0              1   1.585383e+01   1.661465e-01   7.080579e-01
        184000   1.665451e+00   2.916393e+01              1             28              0              1   1.578797e+01   1.663442e-01   7.046137e-01
        184500   1.685070e+00   3.015752e+01              1             26              0              0   1.567785e+01   1.669622e-01   7.073105e-01
        185000   1.701694e+00   2.105039e+01              1             26              0              0   1.535181e+01   1.686671e-01   6.998298e-01
        185500   1.714466e+00   2.204079e+01              1             27              0              0   1.594756e+01   1.698884e-01   7.077962e-01
        186000   1.737087e+00   2.303040e+01              1             31              0              0   1.569497e+01   1.650031e-01   7.069479e-01
        186500   1.766711e+00   1.469111e+01              1             30              0              0   1.563288e+01   1.848210e-01   6.981398e-01
        187000   1.734573e+00   2.488836e+01              2             32              0              1   1.577540e+01   1.832608e-01   7.029762e-01
        187500   1.748771e+00   1.661520e+01              1             34              0              0   1.595021e+01   1.875126e-01   7.034654e-01
        188000   1.741615e+00   2.683399e+01              2             35              0              0   1.584714e+01   1.748663e-01   7.135419e-01
        188500   1.753132e+00   1.855944e+01              1             34              0              0   1.550290e+01   1.803297e-01   7.017926e-01
        189000   1.737085e+00   1.951945e+01              1             35              0              0   1.545921e+01   1.714744e-01   6.981396e-01
        189500   1.765915e+00   2.049074e+01              0             38              0              0   1.569411e+01   1.604556e-01   7.017745e-01
        190000   1.738403e+00   2.147712e+01              1             33              0              1   1.549803e+01   1.713590e-01   7.012235e-01
        190500   1.721483e+00   3.161209e+01              1             35              0              0   1.560913e+01   1.599478e-01   7.057893e-01
        191000   1.732283e+00   2.329288e+01              1             34              0              1   1.552868e+01   1.784507e-01   7.076596e-01
        191500   1.701384e+00   3.358894e+01              1             34              0              0   1.548229e+01   1.743461e-01   7.030059e-01
        192000   1.733195e+00   3.456073e+01              1             33              0              0   1.575479e+01   1.721613e-01   7.123783e-01
        192500   1.717344e+00   3.555394e+01              2             33              0              2   1.547209e+01   1.804773e-01   7.055772e-01
        193000   1.707497e+00   3.654851e+01              1             33              0              1   1.576094e+01   1.957650e-01   7.001817e-01
        193500   1.761337e+00   2.770243e+01              2             32              0              1   1.583494e+01   1.783767e-01   7.130548e-01
        194000   1.791007e+00   1.836594e+01              1             32              0              1   1.577102e+01   1.871023e-01   7.080233e-01
        194500   1.787049e+00   1.933743e+01              2             31              0              0   1.553785e+01   1.724923e-01   6.982700e-01
        195000   1.772499e+00   3.059378e+01              2             36              0              1   1.577368e+01   1.656035e-01   7.009963e-01
        195500   1.769056e+00   3.158195e+01              1             31              0              1   1.602551e+01   1.787240e-01   7.050476e-01
        196000   1.749524e+00   3.257382e+01              1             28              0              1   1.588428e+01   1.757395e-01   7.074995e-01
        196500   1.748397e+00   3.356518e+01              1             29              0              0   1.615548e+01   1.901292e-01   7.057688e-01
        197000   1.749505e+00   3.454738e+01              1             32              0              1   1.623140e+01   1.802137e-01   7.140823e-01
        197500   1.740664e+00   4.437850e+01              1             31              0              1   1.621902e+01   1.765453e-01   7.181482e-01
        198000   1.738909e+00   4.536140e+01              1             34              0              1   1.607091e+01   1.769581e-01   7.172755e-01
        198500   1.789993e+00   3.743960e+01              1             31              0              0   1.565980e+01   1.875511e-01   7.083547e-01
        199000   1.767424e+00   3.842402e+01              2             34              0              1   1.579780e+01   1.898686e-01   7.128111e-01
        199500   1.757643e+00   3.942189e+01              2             31              0              1   1.586051e+01   1.826678e-01   7.143991e-01
        200000   1.781508e+00   4.041622e+01              2             31              0              1   1.585077e+01   1.763166e-01   7.212982e-01
        200500   1.812283e+00   2.963488e+01              2             30              0              1   1.554724e+01   1.848384e-01   7.103858e-01
        201000   1.831924e+00   3.063225e+01              1             30              0              1   1.561068e+01   1.790163e-01   7.053805e-01
        201500   1.842807e+00   1.957611e+01              1             30              0              1   1.560955e+01   1.776754e-01   7.043943e-01
        202000   1.863289e+00   2.055772e+01              1             31              0              2   1.605442e+01   1.736699e-01   7.145993e-01
        202500   1.893576e+00   1.179348e+01              1             28              0              2   1.565314e+01   1.957794e-01   7.001244e-01
        203000   1.875727e+00   2.253044e+01              1             30              0              2   1.574663e+01   1.976352e-01   7.013102e-01
        203500   1.898824e+00   1.367539e+01              1             25              0              1   1.545010e+01   1.979080e-01   6.939049e-01
        204000   1.884143e+00   2.444370e+01              1             29              0              2   1.567942e+01   1.806297e-01   6.986859e-01
        204500   1.937414e+00   8.439845e+00              1             26              0              2   1.577499e+01   1.993280e-01   7.026716e-01
        205000   1.929549e+00   1.658375e+01              1             30              0              2   1.580016e+01   1.931905e-01   7.007178e-01
        205500   1.929426e+00   1.757163e+01              1             28              0              1   1.559286e+01   1.922726e-01   7.008042e-01
        206000   1.910035e+00   1.855772e+01              1             27              0              2   1.614241e+01   1.935633e-01   7.090869e-01
        206500   1.909591e+00   1.954670e+01              1             26              0              2   1.601715e+01   1.843203e-01   7.075708e-01
        207000   1.888182e+00   2.973431e+01              1             27              0              1   1.590989e+01   2.048502e-01   7.039536e-01
        207500   1.911228e+00   2.151763e+01              1             24              0              2   1.569510e+01   1.960232e-01   7.010862e-01
        208000   1.912616e+00   2.251223e+01              1             27              0              2   1.568367e+01   1.916025e-01   6.899284e-01
        208500   1.975579e+00   1.543065e+01              0             22              0              0   1.580281e+01   1.954065e-01   6.939716e-01
        209000   2.015482e+00   9.836016e+00              1             27              0              2   1.608189e+01   2.009332e-01   6.992991e-01
        209500   2.007669e+00   1.083205e+01              1             28              0              2   1.601538e+01   2.161378e-01   6.980937e-01
        210000   1.983107e+00   1.824116e+01              1             30              0              2   1.618330e+01   2.094420e-01   7.030196e-01
        210500   1.967342e+00   1.923589e+01              1             28              0              2   1.674690e+01   2.158458e-01   7.137003e-01
        211000   1.973883e+00   2.023102e+01              1             30              0              2   1.617974e+01   2.195795e-01   7.092152e-01
        211500   1.984867e+00   2.121796e+01              1             27              0              2   1.632744e+01   2.081894e-01   7.127794e-01
        212000   1.980585e+00   2.220200e+01              1             27              0              2   1.622966e+01   2.008256e-01   7.058736e-01
        212500   2.008057e+00   1.646153e+01              1             26              0              2   1.609071e+01   1.951890e-01   7.027247e-01
        213000   1.993091e+00   1.745146e+01              1             30              0              2   1.601795e+01   2.064814e-01   7.090281e-01
        213500   1.990925e+00   2.506360e+01              1             32              0              1   1.622707e+01   2.082327e-01   7.048759e-01
        214000   1.953300e+00   2.605317e+01              1             32              0              2   1.591929e+01   2.059919e-01   7.017535e-01
        214500   1.933227e+00   3.290100e+01              1             33              0              2   1.632392e+01   1.997647e-01   7.197082e-01
        215000   1.949240e+00   2.800565e+01              1             33              0              2   1.614894e+01   1.920223e-01   7.067032e-01
        215500   1.954039e+00   2.898435e+01              1             33              0              2   1.617104e+01   2.065076e-01   7.078683e-01
        216000   1.950761e+00   2.995689e+01              1             36              0              2   1.644006e+01   1.968413e-01   7.057305e-01
        216500   1.959283e+00   3.093903e+01              1             35              0              2   1.624309e+01   2.097011e-01   7.056810e-01
        217000   1.930278e+00   3.759327e+01              1             33              0              2   1.630920e+01   2.145058e-01   7.074051e-01
        217500   1.941810e+00   3.278697e+01              0             34              0              2   1.621656e+01   2.185713e-01   7.087413e-01
        218000   1.941876e+00   3.373854e+01              1             35              0              2   1.601941e+01   2.179275e-01   6.993614e-01
        218500   1.933657e+00   4.054727e+01              2             36              0              1   1.619588e+01   2.114707e-01   6.974833e-01
        219000   1.977185e+00   3.565291e+01              0             32              0              2   1.625252e+01   2.208044e-01   6.963596e-01
        219500   1.974411e+00   3.664139e+01              0             26              0              0   1.613579e+01   2.259051e-01   6.976855e-01
        220000   1.976717e+00   3.763182e+01              1             33              0              1   1.632016e+01   2.299977e-01   7.096865e-01
        220500   2.026211e+00   2.968631e+01              1             30              0              2   1.613111e+01   2.324661e-01   7.047366e-01
        221000   2.033699e+00   3.064863e+01              1             33              0              0   1.596022e+01   2.385503e-01   6.982610e-01
        221500   2.039145e+00   2.108020e+01              1             29              0              2   1.638254e+01   2.231068e-01   7.052949e-01
        222000   2.046062e+00   3.257537e+01              1             32              0              1   1.571786e+01   2.178186e-01   6.941687e-01
        222500   2.029574e+00   3.354905e+01              1             31              0              0   1.612916e+01   2.164692e-01   6.997085e-01
        223000   2.017918e+00   3.454743e+01              1             32              0              2   1.647863e+01   2.219185e-01   7.134187e-01
        223500   2.032192e+00   2.479731e+01              1             26              0              1   1.592558e+01   2.242833e-01   7.004433e-01
        224000   2.061598e+00   2.576993e+01              1             25              0              2   1.594174e+01   2.263870e-01   6.886439e-01
        224500   2.071333e+00   2.675436e+01              1             23              0              2   1.574745e+01   2.555013e-01   6.866190e-01
        225000   2.108267e+00   1.695756e+01              1             21              0              0   1.564454e+01   2.520643e-01   6.886928e-01
        225500   2.105796e+00   1.794985e+01              1             26              0              1   1.592237e+01   2.353897e-01   7.051915e-01
        226000   2.106545e+00   1.894471e+01              1             24              0              1   1.578425e+01   2.307302e-01   6.980417e-01
        226500   2.081458e+00   3.043996e+01              1             21              0              0   1.583547e+01   2.195395e-01   6.924150e-01
        227000   2.128382e+00   2.090049e+01              1             17              0              2   1.595709e+01   2.193372e-01   6.962120e-01
        227500   2.125602e+00   2.188417e+01              0             25              0              1   1.567933e+01   2.263784e-01   6.909790e-01
        228000   2.092559e+00   2.287334e+01              1             29              0              2   1.542915e+01   2.246095e-01   6.877735e-01
        228500   2.087011e+00   2.382143e+01              0             25              0              1   1.581448e+01   2.340096e-01   6.839047e-01
        229000   2.099884e+00   2.480589e+01              1             27              0              1   1.611785e+01   2.178646e-01   6.971505e-01
        229500   2.090991e+00   2.574415e+01              0             23              0              2   1.575389e+01   2.268627e-01   6.968034e-01
        230000   2.114869e+00   2.672094e+01              1             25              0              2   1.604461e+01   2.246800e-01   7.065799e-01
        230500   2.116843e+00   2.771477e+01              1             23              0              2   1.620207e+01   2.196553e-01   7.071882e-01
        231000   2.120246e+00   2.870983e+01              1             23              0              2   1.596079e+01   2.139933e-01   7.076015e-01
        231500   2.133279e+00   2.970468e+01              0             27              0              2   1.594202e+01   2.121357e-01   7.086861e-01
        232000   2.126876e+00   3.069951e+01              1             27              0              2   1.605443e+01   2.307388e-01   7.026661e-01
        232500   2.129845e+00   3.169169e+01              1             28              0              2   1.644840e+01   2.222489e-01   7.112470e-01
        233000   2.126754e+00   3.268409e+01              1             23              0              2   1.608286e+01   2.390744e-01   6.949703e-01
        233500   2.091081e+00   4.290057e+01              1             28              0              2   1.620677e+01   2.311410e-01   7.027574e-01
        234000   2.108421e+00   3.461675e+01              1             26              0              2   1.642521e+01   2.217254e-01   7.210541e-01
        234500   2.073713e+00   4.479961e+01              1             26              0              2   1.591686e+01   2.274809e-01   7.039787e-01
        235000   2.064897e+00   4.579702e+01              1             30              0              2   1.596668e+01   2.194901e-01   6.965751e-01
        235500   2.060488e+00   4.678205e+01              1             28              0              2   1.597665e+01   2.271825e-01   6.926498e-01
        236000   2.113307e+00   3.823619e+01              1             20              0              1   1.571013e+01   2.545694e-01   6.789842e-01
        236500   2.134652e+00   3.923117e+01              1             25              0              2   1.598336e+01   2.377882e-01   6.979818e-01
        237000   2.137637e+00   2.832515e+01              1             23              0              2   1.574844e+01   2.257492e-01   6.935319e-01
        237500   2.104992e+00   4.118473e+01              1             23              0              2   1.557104e+01   2.047828e-01   6.954293e-01
        238000   2.138632e+00   3.008787e+01              1             22              0              2   1.543079e+01   2.122229e-01   6.880324e-01
        238500   2.160875e+00   3.106527e+01              1             21              0              1   1.532960e+01   2.172472e-01   6.881187e-01
        239000   2.180348e+00   3.206030e+01              1             24              0              2   1.558124e+01   2.257148e-01   6.927601e-01
        239500   2.183127e+00   3.303830e+01              0             25              0              2   1.549723e+01   2.103628e-01   6.981006e-01
        240000   2.207670e+00   2.162300e+01              0             19              0              2   1.550541e+01   1.996991e-01   7.008956e-01
        240500   2.208870e+00   2.261889e+01              0             16              0              1   1.515440e+01   2.144533e-01   6.769715e-01
        241000   2.241411e+00   2.361198e+01              0             19              0              0   1.540589e+01   1.995568e-01   6.881398e-01
        241500   2.241165e+00   1.421092e+01              0             21              0              1   1.560018e+01   2.083905e-01   6.939456e-01
        242000   2.266403e+00   1.519410e+01              0             18              0              0   1.591629e+01   2.197184e-01   6.964601e-01
        242500   2.283744e+00   1.618511e+01              0             18              0              1   1.540695e+01   2.145907e-01   6.831347e-01
        243000   2.286809e+00   1.717891e+01              0             18              0              0   1.587061e+01   2.154358e-01   6.968896e-01
        243500   2.330274e+00   1.061688e+01              0             16              0              0   1.580399e+01   2.272159e-01   6.878298e-01
        244000   2.347527e+00   1.158009e+01              0             18              0              2   1.578822e+01   2.328885e-01   6.874323e-01
        244500   2.355719e+00   7.507498e+00              0             14              0              1   1.569829e+01   2.313810e-01   6.844487e-01
        245000   2.355702e+00   1.349913e+01              0             14              0              1   1.578365e+01   2.207887e-01   6.927326e-01
        245500   2.331348e+00   1.447484e+01              0             19              0              2   1.555229e+01   2.255314e-01   6.829752e-01
        246000   2.348169e+00   1.038626e+01              0             17              0              2   1.575921e+01   2.193549e-01   6.923335e-01
        246500   2.389079e+00   7.191775e+00              1             19              0              2   1.592133e+01   2.335539e-01   7.002909e-01
        247000   2.393784e+00   1.234029e+01              1             14              0              2   1.589013e+01   2.288901e-01   6.997058e-01
        247500   2.369212e+00   1.333708e+01              0             16              0              2   1.577603e+01   2.287113e-01   6.993101e-01
        248000   2.367272e+00   1.431944e+01              0             17              0              3   1.562939e+01   2.277468e-01   6.904370e-01
        248500   2.351536e+00   1.530224e+01              0             21              0              2   1.561455e+01   2.209487e-01   6.908956e-01
        249000   2.356000e+00   1.628419e+01              0             19              0              1   1.562648e+01   2.283843e-01   6.859493e-01
        249500   2.409507e+00   1.239469e+01              1             15              0              2   1.562347e+01   2.330147e-01   6.891319e-01
        250000   2.430729e+00   1.339081e+01              1             10              0              2   1.568277e+01   2.174922e-01   6.991953e-01
        250500   2.470590e+00   9.355699e+00              1             10              0              1   1.555201e+01   2.289146e-01   6.897378e-01
        251000   2.480075e+00   1.034974e+01              1             13              0              1   1.568779e+01   2.379107e-01   6.938418e-01
        251500   2.522813e+00   6.975785e+00              0             10              0              1   1.514089e+01   2.324439e-01   6.925435e-01
        252000   2.540971e+00   7.971183e+00              1             11              0              2   1.515902e+01   2.321876e-01   6.959754e-01
        252500   2.517516e+00   8.959893e+00              0              7              0              2   1.541231e+01   2.050617e-01   7.080823e-01
        253000   2.485274e+00   1.391660e+01              0              8              0              2   1.498641e+01   2.118834e-01   6.907046e-01
        253500   2.511399e+00   1.090199e+01              0              9              0              2   1.505270e+01   2.017980e-01   6.863846e-01
        254000   2.487121e+00   1.585037e+01              0              6              0              1   1.491127e+01   2.148166e-01   6.832520e-01
        254500   2.503977e+00   1.283163e+01              0             11              0              2   1.499692e+01   2.080954e-01   6.820291e-01
        255000   2.517203e+00   1.380861e+01              0              7              0              2   1.499000e+01   2.104687e-01   6.759992e-01
        255500   2.594198e+00   1.039437e+01              0             12              0              3   1.500067e+01   2.219402e-01   6.811951e-01
