          step              r      E_metad_r      n_cont_CA   n_cont_heavy       n_saltbr        n_hbond           SASA           RMSD             Rg 
             0   5.547414e-01   0.000000e+00              0             61              1              5   1.689274e+01   0.000000e+00   8.881187e-01
           500   5.447854e-01   9.684030e-01              1             54              1              6   1.661415e+01   7.097977e-02   8.813000e-01
          1000   5.654300e-01   1.930473e+00              1             54              1              5   1.666717e+01   8.145022e-02   8.966471e-01
          1500   5.563453e-01   2.905042e+00              1             56              1              6   1.659963e+01   8.202078e-02   8.760119e-01
          2000   5.554937e-01   3.888694e+00              1             55              1              6   1.649661e+01   9.706100e-02   8.816243e-01
          2500   5.599810e-01   4.880117e+00              1             55              1              4   1.643026e+01   1.064349e-01   9.000335e-01
          3000   5.859313e-01   5.871450e+00              1             53              1              5   1.689031e+01   1.021063e-01   8.922877e-01
          3500   5.752183e-01   6.850061e+00              1             55              1              6   1.655341e+01   9.625390e-02   8.768495e-01
          4000   5.790302e-01   7.834139e+00              0             51              1              6   1.679885e+01   1.026644e-01   8.951847e-01
          4500   5.754854e-01   8.816943e+00              1             51              1              6   1.699352e+01   1.090942e-01   9.075966e-01
          5000   5.767506e-01   9.808860e+00              1             50              1              6   1.648929e+01   1.053009e-01   8.776219e-01
          5500   5.783208e-01   1.078915e+01              1             52              1              5   1.656452e+01   1.176222e-01   8.778120e-01
          6000   6.029564e-01   1.013686e+01              0             52              1              6   1.685907e+01   1.189875e-01   8.998987e-01
          6500   5.746270e-01   1.273193e+01              1             51              1              5   1.674119e+01   1.164279e-01   8.799946e-01
          7000   5.959293e-01   1.198815e+01              1             56              1              5   1.682100e+01   1.136864e-01   8.832102e-01
          7500   5.910656e-01   1.469646e+01              2             56              0              8   1.647852e+01   1.253741e-01   8.903893e-01
          8000   6.021987e-01   1.567586e+01              1             54              0              6   1.676009e+01   1.207658e-01   8.982597e-01
          8500   6.100993e-01   1.662273e+01              1             55              0              6   1.654228e+01   1.207277e-01   8.942509e-01
          9000   5.979678e-01   1.755975e+01              1             56              0              8   1.620907e+01   1.234982e-01   8.898480e-01
          9500   5.945784e-01   1.848677e+01              1             56              0              5   1.654797e+01   1.133740e-01   8.955107e-01
         10000   5.568173e-01   1.694113e+01              1             54              2              5   1.653046e+01   1.300325e-01   8.878385e-01
         10500   5.939852e-01   2.045907e+01              1             53              1              6   1.657025e+01   1.206151e-01   8.874566e-01
         11000   5.827918e-01   2.145223e+01              1             55              2              6   1.661020e+01   1.158676e-01   8.769635e-01
         11500   5.793059e-01   2.244729e+01              1             53              1              7   1.611313e+01   1.239466e-01   8.706744e-01
         12000   5.783850e-01   2.344509e+01              1             57              1              6   1.638070e+01   1.154102e-01   8.928484e-01
         12500   5.784931e-01   2.443629e+01              1             53              2              8   1.646999e+01   1.156009e-01   8.858987e-01
         13000   5.821563e-01   2.543005e+01              1             56              1              6   1.606438e+01   1.258544e-01   8.814507e-01
         13500   5.702995e-01   2.642892e+01              2             55              1              7   1.618146e+01   1.249580e-01   8.838090e-01
         14000   5.705807e-01   2.742068e+01              1             58              1              5   1.637962e+01   1.262688e-01   8.861357e-01
         14500   5.851725e-01   2.841442e+01              1             55              1              5   1.651620e+01   1.282201e-01   8.905465e-01
         15000   5.535058e-01   2.939971e+01              2             61              1              7   1.615807e+01   1.261768e-01   8.949906e-01
         15500   5.621759e-01   3.037883e+01              1             58              2              6   1.638555e+01   1.170128e-01   8.828987e-01
         16000   5.742041e-01   3.136311e+01              1             53              1              8   1.647226e+01   1.235342e-01   8.946148e-01
         16500   5.821155e-01   3.235100e+01              1             59              1              5   1.635103e+01   1.173663e-01   8.860523e-01
         17000   5.772768e-01   3.334821e+01              1             56              1              6   1.647057e+01   1.287882e-01   8.945441e-01
         17500   5.612359e-01   3.433858e+01              0             57              1              7   1.639006e+01   1.018288e-01   8.734729e-01
         18000   5.700250e-01   3.533402e+01              1             60              1              7   1.624000e+01   1.081654e-01   8.972088e-01
         18500   5.412026e-01   3.190696e+01              1             58              1              6   1.615672e+01   1.122039e-01   9.007238e-01
         19000   5.742096e-01   3.728473e+01              0             53              1              6   1.657211e+01   1.083856e-01   8.897540e-01
         19500   5.486880e-01   3.376863e+01              3             56              1              7   1.608303e+01   1.130330e-01   8.957891e-01
         20000   5.549449e-01   3.924286e+01              1             56              1              7   1.650121e+01   1.218251e-01   9.168267e-01
         20500   5.551103e-01   4.022014e+01              1             58              1              8   1.664739e+01   1.128258e-01   9.065447e-01
         21000   5.593943e-01   4.119120e+01              1             56              1              7   1.603700e+01   1.289983e-01   9.012264e-01
         21500   5.469091e-01   3.760090e+01              1             57              1              5   1.620105e+01   1.145969e-01   8.927921e-01
         22000   5.466318e-01   3.851568e+01              1             59              1              6   1.650670e+01   1.168416e-01   8.880909e-01
         22500   5.732459e-01   4.404810e+01              1             56              1              6   1.641936e+01   1.209008e-01   8.921439e-01
         23000   5.588707e-01   4.504074e+01              1             59              1              7   1.656899e+01   1.260053e-01   8.910448e-01
         23500   5.456937e-01   4.135115e+01              1             63              1              6   1.641546e+01   1.183608e-01   8.981948e-01
         24000   5.438188e-01   4.233185e+01              1             61              1              6   1.640508e+01   1.194254e-01   8.985849e-01
         24500   5.560885e-01   4.329470e+01              1             60              1              7   1.638256e+01   1.204944e-01   8.802715e-01
         25000   5.289331e-01   4.427800e+01              1             60              1              6   1.669047e+01   1.225965e-01   8.988497e-01
         25500   5.269297e-01   4.527541e+01              2             65              2              6   1.630008e+01   1.183267e-01   8.935242e-01
         26000   5.389711e-01   4.626813e+01              0             65              1              7   1.626326e+01   1.230605e-01   8.743940e-01
         26500   5.449508e-01   4.726184e+01              1             64              3              6   1.618198e+01   1.237794e-01   8.793896e-01
         27000   5.428627e-01   4.824658e+01              2             65              2              6   1.608059e+01   1.158694e-01   8.764284e-01
         27500   5.249467e-01   4.921870e+01              1             61              3              7   1.622845e+01   1.217346e-01   8.793624e-01
         28000   5.397899e-01   5.021537e+01              1             62              4              6   1.634853e+01   1.212089e-01   8.930585e-01
         28500   5.511761e-01   5.120860e+01              1             64              5              7   1.642425e+01   1.153611e-01   8.799649e-01
         29000   5.395181e-01   5.219706e+01              2             62              4              8   1.641311e+01   1.164175e-01   8.875623e-01
         29500   5.416300e-01   5.319006e+01              1             65              5              8   1.635236e+01   1.033179e-01   8.980776e-01
         30000   5.272560e-01   5.418718e+01              1             62              5              6   1.635152e+01   1.103871e-01   8.634603e-01
         30500   5.317703e-01   5.517617e+01              1             63              5              8   1.619647e+01   1.119465e-01   8.760355e-01
         31000   5.458289e-01   5.616942e+01              3             60              4              7   1.630113e+01   1.292448e-01   8.918440e-01
         31500   5.382054e-01   5.716502e+01              1             66              4              9   1.618379e+01   1.178946e-01   8.910423e-01
         32000   5.434497e-01   5.816040e+01              1             67              5              7   1.623897e+01   1.199632e-01   8.790894e-01
         32500   5.315066e-01   5.915064e+01              1             65              5              6   1.599803e+01   1.328049e-01   8.720679e-01
         33000   5.393336e-01   6.014515e+01              1             64              5              7   1.613732e+01   1.153362e-01   8.820533e-01
         33500   5.237485e-01   6.114207e+01              3             66              5              9   1.568094e+01   1.262500e-01   8.504704e-01
         34000   5.349480e-01   6.213157e+01              1             66              5              7   1.600333e+01   1.238855e-01   8.506779e-01
         34500   5.411833e-01   6.312723e+01              2             66              5              5   1.585540e+01   1.334118e-01   8.541467e-01
         35000   5.361764e-01   6.411546e+01              1             69              7              8   1.637135e+01   1.349467e-01   8.766130e-01
         35500   5.197604e-01   6.510722e+01              2             68              5              8   1.616915e+01   1.322135e-01   8.701923e-01
         36000   5.397319e-01   6.610521e+01              1             65              3              7   1.629905e+01   1.410655e-01   8.698761e-01
         36500   5.268327e-01   6.710309e+01              1             67              6              9   1.630357e+01   1.364609e-01   8.611184e-01
         37000   5.278471e-01   6.809183e+01              1             69              5              7   1.621781e+01   1.242447e-01   8.715812e-01
         37500   5.122837e-01   5.320010e+01              2             66              5              8   1.610695e+01   1.328106e-01   8.551174e-01
         38000   5.078596e-01   5.418840e+01              1             66              5              8   1.613036e+01   1.306949e-01   8.593492e-01
         38500   5.182615e-01   5.514226e+01              1             67              4              6   1.611537e+01   1.302057e-01   8.598978e-01
         39000   5.179848e-01   7.196710e+01              1             65              6              6   1.600597e+01   1.358955e-01   8.497128e-01
         39500   5.162398e-01   7.294044e+01              2             66              5              7   1.602957e+01   1.219531e-01   8.546686e-01
         40000   5.228184e-01   7.392484e+01              2             64              5              7   1.606952e+01   1.173396e-01   8.550150e-01
         40500   5.192439e-01   5.889158e+01              1             66              4              8   1.596268e+01   1.259451e-01   8.469315e-01
         41000   5.426517e-01   7.590052e+01              3             64              5              9   1.591258e+01   1.331658e-01   8.491441e-01
         41500   5.276555e-01   7.689771e+01              3             65              5              8   1.583234e+01   1.162399e-01   8.594570e-01
         42000   4.979437e-01   6.162390e+01              3             67              5              8   1.602557e+01   1.186376e-01   8.679089e-01
         42500   5.227854e-01   7.883359e+01              3             66              4              8   1.612019e+01   1.246032e-01   8.688894e-01
         43000   5.235556e-01   7.983104e+01              3             67              3              8   1.625845e+01   1.182626e-01   8.650810e-01
         43500   5.448078e-01   8.081858e+01              1             67              4              9   1.624158e+01   1.240497e-01   8.661080e-01
         44000   5.370140e-01   8.181387e+01              2             67              4              6   1.611954e+01   1.175053e-01   8.666781e-01
         44500   5.459014e-01   8.259858e+01              2             67              5              7   1.616963e+01   1.103500e-01   8.775332e-01
         45000   5.386635e-01   8.372758e+01              2             68              4              8   1.621031e+01   1.125577e-01   8.693821e-01
         45500   5.428317e-01   8.472542e+01              2             68              4              6   1.625828e+01   1.060306e-01   8.666810e-01
         46000   5.607716e-01   8.543716e+01              1             64              3              6   1.634983e+01   1.041939e-01   8.817256e-01
         46500   5.262555e-01   8.662406e+01              2             67              3              6   1.606151e+01   1.107389e-01   8.760179e-01
         47000   5.260176e-01   8.762046e+01              3             64              4              7   1.594712e+01   1.113223e-01   8.524929e-01
         47500   5.332332e-01   8.861785e+01              2             65              4              8   1.620878e+01   1.150704e-01   8.739339e-01
         48000   5.373863e-01   8.961416e+01              2             67              2              8   1.621268e+01   1.083339e-01   8.645635e-01
         48500   5.232420e-01   9.060348e+01              3             65              3              7   1.611651e+01   1.093574e-01   8.722959e-01
         49000   5.311290e-01   9.156538e+01              1             63              3              8   1.615768e+01   1.110429e-01   8.818715e-01
         49500   5.320994e-01   9.254877e+01              1             63              4              7   1.609451e+01   1.274053e-01   8.719531e-01
         50000   5.232173e-01   7.531417e+01              2             68              5              8   1.612008e+01   1.195248e-01   8.652445e-01
         50500   5.270622e-01   9.451425e+01              2             68              5              8   1.598286e+01   1.212776e-01   8.771192e-01
         51000   5.168580e-01   9.549645e+01              2             66              5              7   1.607127e+01   1.352358e-01   8.707307e-01
         51500   5.594195e-01   9.495795e+01              2             63              5              7   1.606279e+01   1.179580e-01   8.681147e-01
         52000   5.323794e-01   9.739902e+01              0             67              5              8   1.641102e+01   1.166005e-01   8.936187e-01
         52500   5.409530e-01   9.839150e+01              1             65              5              8   1.662328e+01   1.223667e-01   8.957962e-01
         53000   5.302897e-01   9.937358e+01              1             66              5              8   1.648345e+01   1.224547e-01   8.742890e-01
         53500   5.292486e-01   1.003617e+02              1             64              4              7   1.613137e+01   1.187350e-01   8.783428e-01
         54000   5.241686e-01   1.013418e+02              2             69              4              7   1.615197e+01   1.234209e-01   8.796636e-01
         54500   5.160330e-01   1.023381e+02              1             69              3              6   1.656496e+01   1.418047e-01   8.779705e-01
         55000   5.001612e-01   8.410346e+01              1             64              3              7   1.612114e+01   1.318488e-01   8.823711e-01
         55500   5.270340e-01   1.042276e+02              1             63              2              7   1.639469e+01   1.214000e-01   8.939924e-01
         56000   5.375425e-01   1.052246e+02              1             65              3              7   1.611052e+01   1.231689e-01   8.923179e-01
         56500   5.251626e-01   1.062151e+02              3             68              3              8   1.606653e+01   1.162099e-01   8.866891e-01
         57000   5.453929e-01   1.072129e+02              0             66              4             10   1.603311e+01   1.223312e-01   8.891309e-01
         57500   5.364974e-01   1.082058e+02              1             67              4              8   1.600060e+01   1.192247e-01   8.950699e-01
         58000   5.249838e-01   1.091972e+02              1             68              3              9   1.634202e+01   1.150497e-01   8.882400e-01
         58500   5.300247e-01   1.101794e+02              1             65              4              8   1.637932e+01   1.183856e-01   8.879369e-01
         59000   5.346261e-01   1.111662e+02              1             66              3              9   1.645727e+01   1.367066e-01   8.884616e-01
         59500   5.207390e-01   1.121340e+02              1             67              4              9   1.644994e+01   1.273312e-01   8.983382e-01
         60000   5.113011e-01   1.130895e+02              1             68              4              8   1.668852e+01   1.275571e-01   8.904449e-01
         60500   5.078519e-01   9.403993e+01              1             67              4              8   1.672063e+01   1.332235e-01   8.842973e-01
         61000   5.004092e-01   9.503600e+01              2             68              5             10   1.666811e+01   1.362460e-01   8.966167e-01
         61500   4.960839e-01   9.603410e+01              1             66              3              7   1.679284e+01   1.391426e-01   8.981972e-01
         62000   5.279393e-01   1.167720e+02              1             64              4              7   1.664877e+01   1.345931e-01   8.980697e-01
         62500   4.936791e-01   9.794764e+01              2             65              4             10   1.654305e+01   1.348081e-01   8.995387e-01
         63000   5.224090e-01   1.186791e+02              0             62              5             10   1.670712e+01   1.317292e-01   8.953963e-01
         63500   5.295488e-01   1.196680e+02              2             63              4              9   1.686977e+01   1.412016e-01   8.768094e-01
         64000   5.526340e-01   1.153540e+02              1             60              5              9   1.661935e+01   1.274870e-01   8.793781e-01
         64500   5.743882e-01   1.163453e+02              1             62              4              8   1.673971e+01   1.237467e-01   8.927172e-01
         65000   5.954089e-01   8.984804e+01              1             58              5              8   1.688876e+01   1.275009e-01   9.007639e-01
         65500   6.029745e-01   9.084144e+01              2             59              5              9   1.674668e+01   1.546881e-01   8.895678e-01
         66000   5.756015e-01   1.190452e+02              2             65              4              7   1.678051e+01   1.378585e-01   8.959476e-01
         66500   5.812963e-01   9.273406e+01              1             62              4              8   1.696951e+01   1.401849e-01   8.923697e-01
         67000   5.594135e-01   1.210138e+02              1             65              5              9   1.660704e+01   1.488277e-01   8.701064e-01
         67500   5.952788e-01   9.462321e+01              1             61              4              8   1.636526e+01   1.531132e-01   8.576767e-01
         68000   6.003092e-01   9.559343e+01              1             62              3              8   1.621948e+01   1.357653e-01   8.585180e-01
         68500   6.171514e-01   9.656973e+01              0             61              3              7   1.654670e+01   1.350937e-01   8.640224e-01
         69000   6.443046e-01   6.155450e+01              1             58              3              8   1.673597e+01   1.394154e-01   8.600181e-01
         69500   6.383112e-01   6.254427e+01              1             57              3              8   1.680687e+01   1.400241e-01   8.868022e-01
         70000   6.412546e-01   6.353225e+01              1             55              4              8   1.665881e+01   1.377643e-01   8.723186e-01
         70500   6.410887e-01   6.452137e+01              1             56              4              6   1.692293e+01   1.318867e-01   8.851708e-01
         71000   6.366072e-01   6.550446e+01              1             57              4              8   1.687682e+01   1.303760e-01   8.854638e-01
         71500   6.449687e-01   6.649165e+01              0             58              3              7   1.694829e+01   1.325482e-01   8.709330e-01
         72000   6.638079e-01   6.747920e+01              0             55              4              6   1.674384e+01   1.418773e-01   8.780736e-01
         72500   6.559863e-01   6.846516e+01              0             57              4              6   1.685413e+01   1.445596e-01   8.690365e-01
         73000   6.715326e-01   6.945232e+01              0             53              3              8   1.675181e+01   1.550036e-01   8.737642e-01
         73500   6.706576e-01   7.042444e+01              2             56              3              6   1.717103e+01   1.358516e-01   8.909994e-01
         74000   6.196228e-01   1.061857e+02              2             61              6              8   1.683145e+01   1.278942e-01   8.782375e-01
         74500   6.316735e-01   7.239183e+01              2             55              4              8   1.699451e+01   1.365312e-01   8.871335e-01
         75000   6.744574e-01   7.338008e+01              1             56              2              8   1.681377e+01   1.384740e-01   8.754653e-01
         75500   6.396337e-01   7.436516e+01              1             58              3              8   1.681684e+01   1.458398e-01   8.733093e-01
         76000   6.594038e-01   7.535681e+01              1             56              4              7   1.667556e+01   1.451804e-01   8.680564e-01
         76500   6.553166e-01   7.635300e+01              1             58              3              7   1.654953e+01   1.621447e-01   8.585243e-01
         77000   6.329123e-01   7.734720e+01              1             57              4              7   1.656480e+01   1.583309e-01   8.607544e-01
         77500   6.503051e-01   7.833559e+01              1             56              3              6   1.660999e+01   1.594280e-01   8.817205e-01
         78000   6.603363e-01   7.930920e+01              1             57              4              5   1.667248e+01   1.614630e-01   8.754473e-01
         78500   6.828926e-01   4.821630e+01              0             59              4              5   1.676266e+01   1.579101e-01   8.827865e-01
         79000   6.739165e-01   8.123502e+01              1             57              4              5   1.653649e+01   1.548386e-01   8.874158e-01
         79500   6.830727e-01   5.015510e+01              2             58              3              4   1.689545e+01   1.564881e-01   8.774761e-01
         80000   7.133096e-01   5.115109e+01              0             53              3              4   1.689109e+01   1.553367e-01   8.958183e-01
         80500   6.962114e-01   5.213995e+01              0             58              3              4   1.685146e+01   1.479267e-01   9.048253e-01
         81000   6.797912e-01   5.312117e+01              0             57              4              7   1.674872e+01   1.489058e-01   8.878349e-01
         81500   6.906828e-01   8.584178e+01              0             57              3              6   1.677371e+01   1.521048e-01   8.837890e-01
         82000   6.893884e-01   5.508284e+01              0             51              3              5   1.667051e+01   1.441791e-01   8.823092e-01
         82500   7.368143e-01   5.606587e+01              0             49              3              5   1.685618e+01   1.492979e-01   8.847138e-01
         83000   7.322603e-01   3.239781e+01              0             47              3              4   1.666949e+01   1.563589e-01   8.587168e-01
         83500   6.961145e-01   5.801650e+01              0             57              3              6   1.648647e+01   1.440880e-01   8.787897e-01
         84000   6.902777e-01   5.901205e+01              1             55              3              5   1.677880e+01   1.493669e-01   8.850658e-01
         84500   6.720417e-01   5.998513e+01              0             58              2              5   1.683052e+01   1.493591e-01   8.823153e-01
         85000   6.548142e-01   9.200600e+01              1             56              2              7   1.647651e+01   1.479107e-01   8.763572e-01
         85500   6.831952e-01   9.298371e+01              0             58              4              5   1.664411e+01   1.489798e-01   8.738701e-01
         86000   6.895640e-01   6.284852e+01              0             58              3              7   1.658027e+01   1.419830e-01   8.652305e-01
         86500   6.944541e-01   6.384353e+01              0             59              2              4   1.650927e+01   1.574396e-01   8.628484e-01
         87000   6.751513e-01   6.482752e+01              0             61              3              5   1.677838e+01   1.712952e-01   8.646888e-01
         87500   6.678197e-01   6.580273e+01              0             62              2              4   1.661740e+01   1.639254e-01   8.626612e-01
         88000   6.532012e-01   9.768444e+01              2             63              1              5   1.649966e+01   1.555077e-01   8.620119e-01
         88500   6.530863e-01   9.868155e+01              0             62              2              5   1.658233e+01   1.325547e-01   8.829237e-01
         89000   6.590455e-01   9.967788e+01              1             62              3              8   1.639297e+01   1.395813e-01   8.711920e-01
         89500   6.269108e-01   1.293541e+02              1             61              2              6   1.645815e+01   1.416667e-01   8.628001e-01
         90000   6.408793e-01   1.016456e+02              1             62              1              5   1.695912e+01   1.466820e-01   8.939598e-01
         90500   6.718697e-01   7.096876e+01              0             58              1              5   1.669502e+01   1.647469e-01   8.894187e-01
         91000   6.659373e-01   7.193225e+01              1             59              2              6   1.699851e+01   1.656574e-01   9.116152e-01
         91500   6.523228e-01   1.045976e+02              1             60              3              5   1.680892e+01   1.569244e-01   8.788106e-01
         92000   6.477622e-01   1.055949e+02              1             59              2              6   1.672718e+01   1.576170e-01   8.839698e-01
         92500   6.370312e-01   1.065790e+02              1             61              1              6   1.684344e+01   1.423367e-01   8.965281e-01
         93000   6.584955e-01   1.075772e+02              1             59              2              6   1.657780e+01   1.492657e-01   8.845869e-01
         93500   6.717869e-01   7.630862e+01              1             59              2              7   1.665780e+01   1.398493e-01   8.900097e-01
         94000   6.583648e-01   1.095628e+02              1             58              1              5   1.673430e+01   1.476525e-01   8.803658e-01
         94500   6.779490e-01   7.813964e+01              1             54              0              4   1.656300e+01   1.445526e-01   8.842185e-01
         95000   6.602293e-01   1.115342e+02              1             51              0              5   1.668789e+01   1.535620e-01   8.807365e-01
         95500   6.538879e-01   1.125300e+02              2             60              0              6   1.677382e+01   1.762285e-01   8.648910e-01
         96000   6.346352e-01   1.135226e+02              1             54              0              5   1.681036e+01   1.609019e-01   8.790580e-01
         96500   6.629965e-01   1.145161e+02              2             56              0              8   1.702989e+01   1.827782e-01   8.865072e-01
         97000   6.822024e-01   8.270237e+01              1             52              0              5   1.716378e+01   1.952975e-01   8.894782e-01
         97500   7.103560e-01   8.368712e+01              1             50              1              4   1.710963e+01   2.011340e-01   8.834904e-01
         98000   6.895190e-01   8.467818e+01              3             52              1              4   1.714157e+01   1.965801e-01   8.856659e-01
         98500   7.001233e-01   8.566553e+01              1             47              1              4   1.725372e+01   1.993840e-01   9.083986e-01
         99000   6.891546e-01   8.666233e+01              1             50              1              5   1.724255e+01   1.930469e-01   8.970426e-01
         99500   6.901212e-01   8.765984e+01              1             52              0              4   1.706508e+01   2.061150e-01   8.882391e-01
        100000   6.795113e-01   1.208680e+02              2             52              1              4   1.704367e+01   2.223572e-01   8.793996e-01
        100500   6.719372e-01   8.960276e+01              2             55              1              4   1.661341e+01   2.203620e-01   8.813750e-01
        101000   6.639274e-01   1.228147e+02              1             52              1              5   1.707268e+01   2.250836e-01   8.917963e-01
        101500   7.030450e-01   9.152484e+01              1             48              2              6   1.700832e+01   2.501004e-01   8.716060e-01
        102000   6.964299e-01   9.251490e+01              2             49              2              6   1.702122e+01   2.459056e-01   8.775147e-01
        102500   6.977068e-01   9.351353e+01              2             51              2              6   1.700089e+01   2.359518e-01   8.738882e-01
        103000   7.043261e-01   9.450794e+01              1             48              2              6   1.686997e+01   2.377914e-01   8.932611e-01
        103500   7.126286e-01   9.550029e+01              1             46              1              5   1.703639e+01   2.253505e-01   8.782981e-01
        104000   7.272201e-01   9.648142e+01              1             46              2              6   1.708974e+01   2.258439e-01   8.989437e-01
        104500   6.966240e-01   9.745625e+01              1             46              1              5   1.698701e+01   2.292085e-01   8.994172e-01
        105000   6.694732e-01   1.296506e+02              1             49              2              6   1.696313e+01   2.162525e-01   8.912478e-01
        105500   6.652293e-01   1.306209e+02              1             54              3              6   1.727822e+01   2.146169e-01   9.056888e-01
        106000   7.104160e-01   1.003681e+02              1             49              3              5   1.708552e+01   2.121577e-01   9.059539e-01
        106500   7.072733e-01   1.013503e+02              1             48              2              4   1.691623e+01   2.258567e-01   8.901684e-01
        107000   7.228077e-01   6.866294e+01              1             47              3              4   1.694805e+01   2.218333e-01   8.982745e-01
        107500   7.038437e-01   1.033170e+02              1             51              3              7   1.721290e+01   2.350974e-01   8.910586e-01
        108000   7.583716e-01   4.049530e+01              0             47              2              4   1.709876e+01   2.353388e-01   8.746220e-01
        108500   7.721915e-01   7.153956e+01              1             49              3              5   1.734464e+01   2.210756e-01   9.082209e-01
        109000   7.553605e-01   7.250586e+01              1             49              3              5   1.739791e+01   2.368471e-01   9.091040e-01
        109500   7.954663e-01   4.333455e+01              0             44              3              5   1.736363e+01   2.398459e-01   9.092362e-01
        110000   7.874275e-01   4.432705e+01              2             47              3              4   1.683711e+01   2.336792e-01   8.989002e-01
        110500   7.666297e-01   7.535560e+01              1             48              3              3   1.682312e+01   2.350744e-01   9.186367e-01
        111000   7.668534e-01   7.633046e+01              2             48              2              5   1.706952e+01   2.473612e-01   9.176358e-01
        111500   7.594489e-01   7.732344e+01              1             49              2              4   1.699616e+01   2.442021e-01   9.354257e-01
        112000   7.398847e-01   7.831884e+01              2             49              2              6   1.722164e+01   2.338812e-01   9.180339e-01
        112500   7.869977e-01   4.893612e+01              0             42              2              6   1.713397e+01   2.418115e-01   9.189405e-01
        113000   7.952754e-01   4.992022e+01              1             48              2              7   1.696921e+01   2.543747e-01   9.084753e-01
        113500   7.971947e-01   5.091412e+01              0             44              2              5   1.718120e+01   2.488583e-01   9.231053e-01
        114000   7.649026e-01   8.211113e+01              0             48              2              4   1.683678e+01   2.654141e-01   9.085632e-01
        114500   7.865558e-01   5.283621e+01              1             48              2              5   1.703474e+01   2.569005e-01   9.201149e-01
        115000   7.946653e-01   5.381259e+01              0             49              2              6   1.708377e+01   2.635462e-01   9.107578e-01
        115500   8.265872e-01   3.042138e+01              0             46              2              4   1.721591e+01   2.623163e-01   9.292214e-01
        116000   8.087786e-01   5.578760e+01              0             51              2              5   1.686728e+01   2.599035e-01   9.015328e-01
        116500   8.039723e-01   5.678591e+01              1             51              2              4   1.703443e+01   2.715389e-01   9.035469e-01
        117000   8.051438e-01   5.776559e+01              0             48              2              4   1.696104e+01   2.638746e-01   8.985373e-01
        117500   7.852924e-01   5.875853e+01              0             47              2              3   1.692994e+01   2.652249e-01   8.991898e-01
        118000   7.915090e-01   5.975498e+01              0             44              2              4   1.684965e+01   2.670143e-01   8.848915e-01
        118500   8.460364e-01   3.578771e+01              0             41              2              4   1.690708e+01   2.814662e-01   8.881609e-01
        119000   8.118934e-01   6.169091e+01              0             47              2              3   1.696222e+01   2.787118e-01   9.024163e-01
        119500   8.342303e-01   3.767304e+01              0             47              2              2   1.723633e+01   2.823675e-01   8.890873e-01
        120000   8.066391e-01   6.365420e+01              0             45              2              5   1.719140e+01   2.857531e-01   8.988318e-01
        120500   8.073633e-01   6.464275e+01              1             46              2              4   1.710690e+01   2.710077e-01   8.920713e-01
        121000   8.207234e-01   6.562483e+01              1             45              2              4   1.691587e+01   2.699104e-01   8.869006e-01
        121500   8.425911e-01   4.136067e+01              0             45              2              2   1.710212e+01   2.661457e-01   9.027954e-01
        122000   8.207046e-01   6.755951e+01              1             46              3              5   1.717039e+01   2.595740e-01   9.055091e-01
        122500   8.442794e-01   4.330499e+01              1             46              2              4   1.720531e+01   2.474202e-01   9.075950e-01
        123000   8.284978e-01   6.947105e+01              1             45              2              2   1.700682e+01   2.490724e-01   8.956470e-01
        123500   8.633822e-01   4.525988e+01              1             46              2              4   1.695076e+01   2.549484e-01   9.112225e-01
        124000   8.637361e-01   4.625041e+01              1             47              2              2   1.705954e+01   2.419606e-01   9.095594e-01
        124500   8.773407e-01   4.723147e+01              1             46              1              3   1.676682e+01   2.386527e-01   9.030101e-01
        125000   8.855611e-01   4.818686e+01              1             46              1              2   1.665353e+01   2.398640e-01   9.084688e-01
        125500   8.898887e-01   2.911991e+01              1             44              2              4   1.672543e+01   2.159053e-01   9.091005e-01
        126000   9.020262e-01   3.011148e+01              1             46              2              4   1.679493e+01   2.122213e-01   9.188392e-01
        126500   8.986585e-01   3.110962e+01              1             40              2              4   1.670234e+01   2.201352e-01   9.315603e-01
        127000   9.080629e-01   3.209884e+01              1             43              2              3   1.697379e+01   2.227951e-01   9.336761e-01
        127500   9.293097e-01   3.309532e+01              1             42              2              2   1.659087e+01   2.170320e-01   9.267230e-01
        128000   9.058505e-01   3.408820e+01              1             43              2              3   1.667446e+01   2.147922e-01   9.209071e-01
        128500   9.175311e-01   3.507975e+01              1             44              2              3   1.667002e+01   2.352435e-01   9.389245e-01
        129000   9.239738e-01   3.607177e+01              1             38              2              4   1.647200e+01   2.286249e-01   9.295448e-01
        129500   9.178270e-01   3.706637e+01              1             43              2              3   1.660419e+01   2.364453e-01   9.414438e-01
        130000   9.225747e-01   3.806163e+01              1             38              2              3   1.681351e+01   2.264233e-01   9.466000e-01
        130500   8.911682e-01   5.798423e+01              1             40              2              4   1.630990e+01   2.310321e-01   9.290368e-01
        131000   9.182962e-01   4.004003e+01              0             37              2              3   1.646949e+01   2.338372e-01   9.266116e-01
        131500   9.717059e-01   2.548182e+01              0             34              2              3   1.622552e+01   2.316579e-01   9.142431e-01
        132000   1.025683e+00   1.477311e+01              0             33              2              3   1.625229e+01   2.458306e-01   9.182139e-01
        132500   1.018598e+00   1.575933e+01              0             32              2              4   1.612778e+01   2.461873e-01   8.960315e-01
        133000   9.766192e-01   2.822731e+01              0             38              2              4   1.597282e+01   2.265948e-01   9.119210e-01
        133500   9.554604e-01   2.922084e+01              0             34              2              3   1.605245e+01   2.313324e-01   9.019377e-01
        134000   9.894660e-01   1.851239e+01              1             32              2              2   1.632159e+01   2.247025e-01   9.008468e-01
        134500   9.757656e-01   3.117326e+01              1             32              2              3   1.570166e+01   2.284898e-01   9.030475e-01
        135000   9.510873e-01   3.217205e+01              1             34              2              3   1.601299e+01   2.379596e-01   8.839983e-01
        135500   9.704620e-01   3.316743e+01              0             31              2              1   1.618331e+01   2.267513e-01   8.860837e-01
        136000   9.744162e-01   3.415986e+01              0             33              2              2   1.628019e+01   2.319966e-01   8.782118e-01
        136500   9.524225e-01   3.514806e+01              1             38              2              3   1.616884e+01   2.442797e-01   8.876770e-01
        137000   9.599616e-01   3.614628e+01              1             37              2              2   1.584522e+01   2.345500e-01   8.887110e-01
        137500   9.500211e-01   3.713647e+01              1             36              2              5   1.636273e+01   2.249237e-01   9.117593e-01
        138000   9.808355e-01   3.813240e+01              1             38              3              3   1.661971e+01   2.353727e-01   9.027630e-01
        138500   1.043168e+00   2.657077e+01              1             35              2              2   1.632667e+01   2.435207e-01   9.091781e-01
        139000   1.030191e+00   2.753770e+01              1             37              2              4   1.626088e+01   2.518725e-01   9.208508e-01
        139500   1.046737e+00   2.848172e+01              0             34              2              2   1.612452e+01   2.537265e-01   9.065883e-01
        140000   1.033428e+00   1.873355e+01              0             32              2              3   1.622286e+01   2.468807e-01   9.110621e-01
        140500   9.966866e-01   3.040559e+01              1             35              2              2   1.601805e+01   2.571795e-01   8.932180e-01
        141000   1.010016e+00   3.139315e+01              1             34              3              3   1.595537e+01   2.453329e-01   8.883892e-01
        141500   9.580288e-01   4.397924e+01              1             40              2              4   1.600820e+01   2.551206e-01   9.094012e-01
        142000   9.883932e-01   4.494439e+01              1             40              2              2   1.629548e+01   2.634449e-01   9.202701e-01
        142500   9.852190e-01   4.590289e+01              1             38              1              3   1.622371e+01   2.548854e-01   9.241449e-01
        143000   9.604319e-01   4.689412e+01              1             43              1              1   1.642918e+01   2.383820e-01   9.069635e-01
        143500   9.485763e-01   4.788787e+01              1             37              2              3   1.594091e+01   2.636693e-01   9.144112e-01
        144000   9.367867e-01   5.997087e+01              0             40              2              1   1.595202e+01   2.611028e-01   9.199749e-01
        144500   9.275466e-01   6.095064e+01              1             40              1              2   1.601177e+01   2.496129e-01   9.270017e-01
        145000   9.556354e-01   5.075036e+01              1             37              2              3   1.587933e+01   2.572964e-01   8.941004e-01
        145500   9.688427e-01   5.174457e+01              1             41              3              3   1.588808e+01   2.644151e-01   9.140688e-01
        146000   9.833494e-01   5.273728e+01              0             38              2              2   1.591767e+01   2.696197e-01   9.025745e-01
        146500   9.817814e-01   5.373136e+01              1             37              1              3   1.592683e+01   2.770687e-01   9.058826e-01
        147000   9.610487e-01   5.472542e+01              1             38              2              4   1.594359e+01   2.714096e-01   8.891424e-01
        147500   9.200924e-01   6.632497e+01              1             38              3              4   1.599231e+01   2.641326e-01   8.953524e-01
        148000   9.061572e-01   6.732052e+01              1             39              3              4   1.609122e+01   2.626399e-01   8.957334e-01
        148500   8.869512e-01   7.830433e+01              1             41              2              4   1.614083e+01   2.610672e-01   8.944872e-01
        149000   9.038639e-01   6.929295e+01              1             39              2              2   1.592219e+01   2.614657e-01   8.881906e-01
        149500   9.344106e-01   7.029052e+01              1             38              3              3   1.589236e+01   2.657809e-01   8.841676e-01
        150000   9.121790e-01   7.128733e+01              1             40              2              3   1.598696e+01   2.591924e-01   8.836140e-01
        150500   8.765636e-01   8.194072e+01              1             40              2              4   1.603996e+01   2.582449e-01   8.914037e-01
        151000   9.193336e-01   7.321304e+01              1             40              2              3   1.623107e+01   2.448575e-01   8.963751e-01
        151500   9.027657e-01   7.420932e+01              1             40              2              4   1.616568e+01   2.502723e-01   8.960187e-01
        152000   9.275771e-01   7.518444e+01              1             35              2              5   1.616662e+01   2.558928e-01   9.002784e-01
        152500   9.254814e-01   7.616820e+01              1             39              2              2   1.633357e+01   2.647041e-01   8.913824e-01
        153000   9.206612e-01   7.715034e+01              1             38              2              4   1.606838e+01   2.779076e-01   8.758431e-01
        153500   9.400346e-01   7.813198e+01              1             37              2              3   1.604995e+01   2.723370e-01   8.958084e-01
        154000   9.182002e-01   7.910555e+01              1             36              2              2   1.590371e+01   2.648548e-01   8.874890e-01
        154500   8.990089e-01   8.009421e+01              1             40              2              4   1.574629e+01   2.772003e-01   8.923726e-01
        155000   9.223238e-01   8.108898e+01              1             36              3              3   1.589084e+01   2.762507e-01   8.871768e-01
        155500   9.216492e-01   8.208111e+01              1             38              4              4   1.595517e+01   2.738361e-01   8.934205e-01
        156000   9.397361e-01   7.042740e+01              1             38              4              4   1.601716e+01   2.678158e-01   9.091924e-01
        156500   9.264241e-01   8.404028e+01              1             40              2              4   1.591252e+01   2.764268e-01   9.142621e-01
        157000   9.543918e-01   7.232359e+01              1             37              2              4   1.590290e+01   2.794228e-01   9.111038e-01
        157500   9.431093e-01   7.331773e+01              1             40              2              3   1.603943e+01   2.774831e-01   9.085018e-01
        158000   9.192763e-01   8.690542e+01              1             36              4              2   1.597331e+01   2.687289e-01   9.008638e-01
        158500   9.457845e-01   7.521483e+01              1             35              3              3   1.579223e+01   2.588403e-01   8.987699e-01
        159000   9.417213e-01   8.879173e+01              1             35              1              3   1.572148e+01   2.708524e-01   9.025167e-01
        159500   9.093637e-01   8.978124e+01              1             37              1              3   1.591288e+01   2.791185e-01   9.037866e-01
        160000   8.919616e-01   9.075153e+01              1             42              3              4   1.599485e+01   2.756042e-01   9.050736e-01
        160500   8.935700e-01   9.864448e+01              2             42              3              3   1.646145e+01   2.767894e-01   9.163734e-01
        161000   9.195070e-01   9.270360e+01              1             39              2              5   1.623142e+01   2.834154e-01   9.002766e-01
        161500   8.891605e-01   1.005416e+02              2             42              2              3   1.637924e+01   2.791514e-01   9.058457e-01
        162000   8.913522e-01   1.014873e+02              1             43              2              2   1.610747e+01   2.920664e-01   8.964026e-01
        162500   8.871949e-01   1.024513e+02              2             37              2              3   1.574931e+01   2.882777e-01   8.824942e-01
        163000   8.776043e-01   1.034365e+02              0             43              3              3   1.597337e+01   2.929417e-01   8.894206e-01
        163500   9.133846e-01   9.741259e+01              0             40              2              4   1.625089e+01   2.867083e-01   9.032236e-01
        164000   8.961097e-01   9.840223e+01              1             40              2              2   1.608540e+01   2.832854e-01   8.941992e-01
        164500   9.026696e-01   9.938540e+01              2             40              1              3   1.620111e+01   2.774279e-01   8.971097e-01
        165000   9.203611e-01   1.003733e+02              1             38              2              4   1.616577e+01   2.732959e-01   8.904111e-01
        165500   9.165143e-01   1.013554e+02              1             37              1              2   1.641294e+01   2.748164e-01   8.841486e-01
        166000   9.346934e-01   1.023367e+02              1             37              0              2   1.610304e+01   2.921173e-01   8.864357e-01
        166500   9.365163e-01   8.831439e+01              1             35              0              2   1.618370e+01   2.972849e-01   8.745389e-01
        167000   9.457965e-01   8.929678e+01              1             36              0              1   1.641221e+01   2.977341e-01   8.770985e-01
        167500   9.330536e-01   1.051530e+02              1             40              0              3   1.636823e+01   2.932832e-01   8.587716e-01
        168000   9.165009e-01   1.061483e+02              1             40              0              2   1.623096e+01   2.885590e-01   8.696840e-01
        168500   9.626976e-01   9.213496e+01              1             39              0              2   1.632758e+01   2.933570e-01   8.749582e-01
        169000   9.601970e-01   9.313402e+01              1             39              1              2   1.648147e+01   2.953655e-01   8.976587e-01
        169500   9.785895e-01   9.413086e+01              1             36              0              2   1.656664e+01   2.909962e-01   8.785663e-01
        170000   9.520663e-01   9.509462e+01              0             38              0              1   1.639918e+01   2.994578e-01   8.737776e-01
        170500   9.794488e-01   9.609023e+01              1             36              0              2   1.612846e+01   3.131090e-01   8.632805e-01
        171000   9.735885e-01   9.707021e+01              1             38              0              2   1.657804e+01   3.268627e-01   8.565313e-01
        171500   9.916809e-01   7.379994e+01              0             36              0              2   1.653649e+01   3.298747e-01   8.710522e-01
        172000   1.033004e+00   4.746616e+01              0             34              0              2   1.656031e+01   3.268509e-01   8.961800e-01
        172500   1.040434e+00   7.575174e+01              1             36              0              3   1.658300e+01   3.258672e-01   8.944065e-01
        173000   1.064018e+00   4.942711e+01              1             34              0              2   1.644492e+01   3.268699e-01   8.690113e-01
        173500   1.083043e+00   2.752394e+01              0             36              0              2   1.640481e+01   3.466973e-01   8.748302e-01
        174000   1.092739e+00   5.137615e+01              0             34              0              2   1.617030e+01   3.357150e-01   8.800036e-01
        174500   1.120904e+00   2.949368e+01              0             35              0              1   1.661456e+01   3.505030e-01   8.847344e-01
        175000   1.102971e+00   3.049038e+01              0             34              0              1   1.664315e+01   3.604645e-01   9.002250e-01
        175500   1.069211e+00   5.402401e+01              1             36              0              2   1.630642e+01   3.544590e-01   8.896836e-01
        176000   1.074614e+00   3.242703e+01              1             35              0              2   1.636838e+01   3.406588e-01   8.977972e-01
        176500   1.090387e+00   3.339529e+01              1             36              0              2   1.656411e+01   3.364039e-01   9.058105e-01
        177000   1.113003e+00   3.438542e+01              0             34              0              1   1.653871e+01   3.341499e-01   8.880452e-01
        177500   1.118075e+00   3.537414e+01              0             35              0              1   1.647441e+01   3.369623e-01   8.783476e-01
        178000   1.121420e+00   3.635502e+01              0             35              0              1   1.626161e+01   3.426488e-01   8.693059e-01
        178500   1.110278e+00   3.734352e+01              1             36              0              1   1.633599e+01   3.427775e-01   8.802637e-01
        179000   1.118744e+00   3.833322e+01              1             33              0              2   1.657013e+01   3.418141e-01   8.757082e-01
        179500   1.131537e+00   3.932041e+01              1             34              0              2   1.652314e+01   3.409882e-01   8.590612e-01
        180000   1.157085e+00   2.362186e+01              1             30              0              1   1.656954e+01   3.397701e-01   8.725432e-01
        180500   1.140664e+00   2.461134e+01              0             35              0              1   1.660777e+01   3.522465e-01   8.614437e-01
        181000   1.122804e+00   4.217927e+01              1             35              0              3   1.639775e+01   3.458464e-01   8.507866e-01
        181500   1.123594e+00   4.317272e+01              0             31              0              2   1.609649e+01   3.328665e-01   8.353096e-01
        182000   1.130738e+00   4.415633e+01              0             35              0              1   1.623955e+01   3.347807e-01   8.515379e-01
        182500   1.125880e+00   4.514465e+01              1             31              0              1   1.637239e+01   3.311565e-01   8.551331e-01
        183000   1.121520e+00   4.614053e+01              0             34              0              2   1.662564e+01   3.285322e-01   8.689200e-01
        183500   1.119984e+00   4.712228e+01              1             33              0              2   1.675502e+01   3.343672e-01   8.599247e-01
        184000   1.118986e+00   4.811265e+01              1             35              0              1   1.673194e+01   3.353409e-01   8.646747e-01
        184500   1.146092e+00   4.909069e+01              1             35              0              2   1.676518e+01   3.259199e-01   8.729285e-01
        185000   1.170327e+00   3.305839e+01              1             29              0              1   1.649002e+01   3.137447e-01   8.588227e-01
        185500   1.168042e+00   3.405117e+01              1             27              0              1   1.661285e+01   3.069995e-01   8.847669e-01
        186000   1.157377e+00   3.504344e+01              1             28              0              2   1.660381e+01   3.147965e-01   8.533129e-01
        186500   1.162319e+00   3.603487e+01              0             32              0              1   1.661102e+01   3.225481e-01   8.629948e-01
        187000   1.171309e+00   3.702527e+01              0             30              0              1   1.622257e+01   3.147621e-01   8.522867e-01
        187500   1.209777e+00   2.399060e+01              0             22              0              2   1.618869e+01   3.239461e-01   8.580476e-01
        188000   1.176178e+00   3.890571e+01              1             27              0              1   1.626320e+01   3.444114e-01   8.508882e-01
        188500   1.208542e+00   2.595441e+01              0             26              0              1   1.604603e+01   3.473640e-01   8.552628e-01
        189000   1.204841e+00   2.693813e+01              1             28              0              1   1.599467e+01   3.538132e-01   8.486509e-01
        189500   1.217607e+00   2.793033e+01              0             24              0              1   1.633814e+01   3.470128e-01   8.532074e-01
        190000   1.223256e+00   2.892682e+01              1             25              0              0   1.626574e+01   3.499994e-01   8.713594e-01
        190500   1.206989e+00   2.991840e+01              0             28              0              1   1.589815e+01   3.520178e-01   8.592720e-01
        191000   1.179057e+00   4.434050e+01              0             28              0              1   1.587027e+01   3.603766e-01   8.470104e-01
        191500   1.195400e+00   3.183956e+01              0             23              0              1   1.591765e+01   3.551534e-01   8.466991e-01
        192000   1.206266e+00   3.283639e+01              0             24              0              1   1.552802e+01   3.584003e-01   8.448925e-01
        192500   1.206415e+00   3.383252e+01              1             26              0              1   1.586743e+01   3.648690e-01   8.599062e-01
        193000   1.216887e+00   3.483065e+01              0             25              0              1   1.587982e+01   3.520664e-01   8.482250e-01
        193500   1.219424e+00   3.582597e+01              0             20              0              1   1.597036e+01   3.461602e-01   8.389887e-01
        194000   1.223475e+00   3.682343e+01              0             25              0              1   1.556517e+01   3.487160e-01   8.303967e-01
        194500   1.254122e+00   2.498174e+01              0             22              0              1   1.608240e+01   3.419942e-01   8.403176e-01
        195000   1.240843e+00   2.594689e+01              0             26              0              2   1.618473e+01   3.513867e-01   8.478584e-01
        195500   1.259757e+00   2.693488e+01              0             24              0              1   1.591693e+01   3.532247e-01   8.359074e-01
        196000   1.221290e+00   4.064860e+01              1             26              0              1   1.629569e+01   3.718359e-01   8.490324e-01
        196500   1.198518e+00   5.362123e+01              1             27              0              3   1.605877e+01   3.635109e-01   8.490776e-01
        197000   1.194201e+00   5.458084e+01              1             28              0              2   1.656310e+01   3.508541e-01   8.696878e-01
        197500   1.215110e+00   4.359398e+01              0             28              0              1   1.652239e+01   3.637751e-01   8.701516e-01
        198000   1.234974e+00   3.124099e+01              1             29              0              1   1.632538e+01   3.557996e-01   8.627414e-01
        198500   1.271121e+00   3.222826e+01              2             26              0              2   1.635686e+01   3.572293e-01   8.746356e-01
        199000   1.256118e+00   3.321589e+01              0             26              0              1   1.639408e+01   3.504041e-01   8.739247e-01
        199500   1.264197e+00   3.420586e+01              1             26              0              0   1.660420e+01   3.446552e-01   8.671877e-01
        200000   1.258986e+00   3.520471e+01              0             26              0              1   1.654872e+01   3.453519e-01   8.858017e-01
        200500   1.260243e+00   3.619763e+01              0             26              0              1   1.626950e+01   3.301319e-01   8.612927e-01
        201000   1.248195e+00   3.717829e+01              0             29              0              1   1.655897e+01   3.271133e-01   8.764775e-01
        201500   1.239543e+00   3.815084e+01              1             26              0              0   1.671718e+01   3.444018e-01   8.922960e-01
        202000   1.242156e+00   3.909591e+01              1             28              0              1   1.633709e+01   3.368626e-01   8.767318e-01
        202500   1.265237e+00   4.007371e+01              0             27              0              2   1.624024e+01   3.410269e-01   8.769683e-01
        203000   1.287585e+00   4.106128e+01              0             27              0              1   1.665878e+01   3.432350e-01   8.783717e-01
        203500   1.304745e+00   2.794248e+01              0             25              0              1   1.631050e+01   3.473390e-01   8.847404e-01
        204000   1.334467e+00   2.893309e+01              0             24              0              2   1.639264e+01   3.575963e-01   8.848701e-01
        204500   1.359053e+00   1.746960e+01              0             23              0              1   1.666603e+01   3.481206e-01   8.820262e-01
        205000   1.400852e+00   9.532989e+00              0             16              0              1   1.639875e+01   3.547400e-01   8.468380e-01
        205500   1.382488e+00   1.941997e+01              0             21              0              1   1.656472e+01   3.717697e-01   8.471863e-01
        206000   1.386731e+00   2.039291e+01              0             18              0              2   1.657291e+01   3.600668e-01   8.597364e-01
        206500   1.356521e+00   2.138529e+01              0             17              0              1   1.637130e+01   3.674838e-01   8.351100e-01
        207000   1.331755e+00   3.403673e+01              0             16              0              1   1.591296e+01   3.503054e-01   8.426358e-01
        207500   1.371347e+00   2.333509e+01              0             15              0              1   1.626274e+01   3.569921e-01   8.585062e-01
        208000   1.357795e+00   2.432977e+01              0             18              0              1   1.636951e+01   3.677104e-01   8.711416e-01
        208500   1.386283e+00   2.531681e+01              0             13              0              1   1.631857e+01   3.713894e-01   8.773089e-01
        209000   1.382185e+00   2.631419e+01              0             13              0              1   1.634023e+01   3.690079e-01   8.503491e-01
        209500   1.431395e+00   9.956675e+00              0             15              0              1   1.660795e+01   3.570253e-01   8.681288e-01
        210000   1.433812e+00   1.851330e+01              0             12              0              0   1.648234e+01   3.673512e-01   8.544103e-01
        210500   1.399243e+00   1.950610e+01              0             15              0              1   1.609861e+01   3.517428e-01   8.493909e-01
        211000   1.411836e+00   2.049109e+01              0             10              0              0   1.625491e+01   3.460898e-01   8.599020e-01
        211500   1.369275e+00   3.086272e+01              0             13              0              1   1.654510e+01   3.362684e-01   8.560576e-01
        212000   1.377284e+00   3.185289e+01              0             12              0              1   1.617813e+01   3.530649e-01   8.384460e-01
        212500   1.406611e+00   2.335688e+01              0             11              0              1   1.657876e+01   3.606594e-01   8.521308e-01
        213000   1.370754e+00   3.379410e+01              0             12              0              1   1.570636e+01   3.631210e-01   8.326961e-01
        213500   1.371869e+00   3.478366e+01              0             14              0              1   1.579015e+01   3.581200e-01   8.424577e-01
        214000   1.363230e+00   3.578110e+01              0             15              0              1   1.606941e+01   3.617601e-01   8.359932e-01
        214500   1.367589e+00   3.677871e+01              0             13              0              1   1.620805e+01   3.597082e-01   8.532388e-01
        215000   1.392051e+00   3.774015e+01              0             13              0              1   1.598141e+01   3.711083e-01   8.381121e-01
        215500   1.407838e+00   2.892242e+01              0             12              0              1   1.595244e+01   3.720563e-01   8.581968e-01
        216000   1.399854e+00   2.990947e+01              0             11              0              1   1.579635e+01   3.666448e-01   8.585417e-01
        216500   1.417884e+00   3.089964e+01              0             14              0              1   1.609671e+01   3.750648e-01   8.353020e-01
        217000   1.427652e+00   3.189862e+01              0             12              0              1   1.596682e+01   3.831637e-01   8.277891e-01
        217500   1.466320e+00   2.241096e+01              0             10              0              1   1.574990e+01   3.848616e-01   8.324972e-01
        218000   1.493662e+00   2.340093e+01              0             11              0              1   1.641961e+01   3.780925e-01   8.383942e-01
        218500   1.494513e+00   1.472956e+01              0             14              0              1   1.612689e+01   3.860703e-01   8.031397e-01
        219000   1.467893e+00   2.535137e+01              0             11              0              0   1.601556e+01   3.649950e-01   8.223777e-01
        219500   1.435017e+00   2.632600e+01              0             10              0              0   1.572091e+01   3.814749e-01   8.009979e-01
        220000   1.452446e+00   2.727978e+01              0              9              0              1   1.610091e+01   3.763294e-01   8.013383e-01
        220500   1.476829e+00   2.826370e+01              0             11              0              1   1.587017e+01   3.806594e-01   8.122053e-01
        221000   1.514363e+00   1.906716e+01              0             14              0              1   1.590168e+01   3.545590e-01   8.294395e-01
        221500   1.529653e+00   2.005110e+01              0             10              0              1   1.547697e+01   3.628435e-01   8.123737e-01
        222000   1.496613e+00   2.103356e+01              0             12              0              1   1.581059e+01   3.748488e-01   8.016007e-01
        222500   1.525584e+00   2.201659e+01              0             10              0              0   1.603983e+01   3.807866e-01   8.157031e-01
        223000   1.560025e+00   1.416771e+01              0              8              0              1   1.602854e+01   3.932892e-01   8.116246e-01
        223500   1.564518e+00   1.516089e+01              0              9              0              1   1.618564e+01   3.834687e-01   8.116703e-01
        224000   1.530354e+00   2.483727e+01              0             12              0              1   1.632051e+01   3.966118e-01   8.200672e-01
        224500   1.494035e+00   3.480242e+01              0             10              0              1   1.616160e+01   3.879130e-01   7.974930e-01
        225000   1.546581e+00   2.681314e+01              0             12              0              1   1.578835e+01   3.802220e-01   8.055458e-01
        225500   1.512440e+00   2.779659e+01              0             13              0              1   1.551984e+01   3.877794e-01   7.900881e-01
        226000   1.493178e+00   2.878670e+01              0             13              0              1   1.552842e+01   3.909310e-01   7.979463e-01
        226500   1.497328e+00   2.976857e+01              0             12              0              1   1.566154e+01   3.830158e-01   7.987213e-01
        227000   1.524720e+00   3.075332e+01              0              8              0              1   1.528043e+01   3.953172e-01   7.627261e-01
        227500   1.536632e+00   3.174460e+01              0              9              0              1   1.546666e+01   3.834864e-01   7.754215e-01
        228000   1.525917e+00   3.269939e+01              0             10              0              1   1.536567e+01   3.925923e-01   7.605289e-01
        228500   1.550220e+00   2.407786e+01              0             14              0              1   1.507768e+01   3.838481e-01   7.730329e-01
        229000   1.545208e+00   2.506721e+01              0              9              0              1   1.529480e+01   3.801343e-01   7.660038e-01
        229500   1.550250e+00   2.605267e+01              0             12              0              1   1.555748e+01   3.686403e-01   8.051968e-01
        230000   1.576692e+00   2.704174e+01              0              9              0              1   1.539254e+01   3.794724e-01   7.811826e-01
        230500   1.574063e+00   2.804033e+01              0             14              0              1   1.538104e+01   3.715296e-01   7.933586e-01
        231000   1.605516e+00   1.910860e+01              0             13              0              1   1.532636e+01   3.793973e-01   7.834473e-01
        231500   1.613955e+00   2.009211e+01              0             14              0              1   1.574025e+01   3.877635e-01   8.038660e-01
        232000   1.641494e+00   2.108172e+01              0             14              0              1   1.542905e+01   3.814375e-01   8.026801e-01
        232500   1.663583e+00   1.330193e+01              0             15              0              1   1.554271e+01   3.768104e-01   8.018168e-01
        233000   1.665695e+00   1.429054e+01              0             10              0              1   1.541897e+01   3.769246e-01   7.926251e-01
        233500   1.705194e+00   8.700125e+00              0             13              0              1   1.553928e+01   3.669542e-01   8.127912e-01
        234000   1.708002e+00   9.694982e+00              0             14              0              1   1.569449e+01   3.643381e-01   8.126406e-01
        234500   1.693132e+00   1.709129e+01              0             12              0              1   1.560830e+01   3.770135e-01   8.025851e-01
        235000   1.738639e+00   6.893460e+00              0             12              0              0   1.556959e+01   3.672147e-01   8.026945e-01
        235500   1.743914e+00   7.823069e+00              0             11              0              1   1.579034e+01   3.694777e-01   8.247767e-01
        236000   1.756588e+00   8.784382e+00              0             10              0              0   1.560475e+01   3.692878e-01   8.223952e-01
        236500   1.782547e+00   9.781398e+00              0              9              0              1   1.588336e+01   3.598263e-01   8.377661e-01
        237000   1.795827e+00   1.076782e+01              0              7              0              1   1.583271e+01   3.806553e-01   8.236005e-01
        237500   1.782742e+00   1.174911e+01              0             10              0              1   1.571848e+01   3.610702e-01   8.261404e-01
        238000   1.777314e+00   1.274428e+01              0             13              0              1   1.575756e+01   3.624305e-01   8.402996e-01
        238500   1.822743e+00   9.691777e+00              0              9              0              1   1.545829e+01   3.684739e-01   8.127399e-01
        239000   1.794451e+00   1.461791e+01              0             12              0              1   1.581168e+01   3.565753e-01   8.279726e-01
        239500   1.809883e+00   1.162297e+01              0             11              0              1   1.570105e+01   3.667268e-01   8.142060e-01
        240000   1.788593e+00   1.656265e+01              0             11              0              1   1.608119e+01   3.571037e-01   8.311596e-01
        240500   1.774450e+00   1.755287e+01              0             10              0              1   1.577929e+01   3.641331e-01   8.146756e-01
        241000   1.780992e+00   1.853359e+01              0             11              0              2   1.602528e+01   3.707699e-01   8.219252e-01
        241500   1.786583e+00   1.952027e+01              0             11              0              1   1.589643e+01   3.687809e-01   8.185295e-01
        242000   1.779251e+00   2.048989e+01              0              9              0              1   1.578498e+01   3.780571e-01   8.334877e-01
        242500   1.754583e+00   2.148000e+01              0              9              0              1   1.565413e+01   3.811742e-01   8.143850e-01
        243000   1.748833e+00   2.246127e+01              0             10              0              1   1.589016e+01   3.876571e-01   8.148883e-01
        243500   1.715841e+00   2.596756e+01              0             13              0              1   1.573550e+01   3.776380e-01   8.256283e-01
        244000   1.706115e+00   2.694457e+01              0             13              0              1   1.563872e+01   3.901137e-01   8.161544e-01
        244500   1.725239e+00   2.792425e+01              0             13              0              1   1.532158e+01   3.881284e-01   7.939926e-01
        245000   1.741318e+00   2.890946e+01              0             11              0              1   1.583449e+01   3.932836e-01   8.294264e-01
        245500   1.734879e+00   2.988789e+01              0             15              0              1   1.561708e+01   3.953258e-01   8.297816e-01
        246000   1.755517e+00   3.085199e+01              0             13              0              1   1.538700e+01   3.924689e-01   8.215562e-01
        246500   1.730971e+00   3.182822e+01              0             15              0              1   1.570699e+01   3.953403e-01   8.145613e-01
        247000   1.740998e+00   3.282184e+01              0             13              0              1   1.606615e+01   3.949407e-01   8.152267e-01
        247500   1.753116e+00   3.378946e+01              0             14              0              1   1.641527e+01   3.820192e-01   8.451423e-01
        248000   1.750178e+00   3.158174e+01              0             14              0              1   1.627201e+01   3.888902e-01   8.299569e-01
        248500   1.764469e+00   3.254349e+01              0             14              1              1   1.643174e+01   3.882629e-01   8.238545e-01
        249000   1.779866e+00   3.352775e+01              0             12              0              1   1.619885e+01   3.870193e-01   8.295817e-01
        249500   1.805220e+00   2.730633e+01              0             14              0              1   1.590920e+01   3.907414e-01   8.200808e-01
        250000   1.835159e+00   2.829850e+01              0             14              0              1   1.589419e+01   3.990117e-01   8.211395e-01
        250500   1.851519e+00   1.969217e+01              0             15              0              0   1.573185e+01   4.023799e-01   8.139778e-01
        251000   1.818355e+00   3.022827e+01              0             12              0              1   1.592571e+01   4.010650e-01   8.200595e-01
        251500   1.810547e+00   3.122254e+01              0             13              0              1   1.568525e+01   4.120564e-01   8.042483e-01
        252000   1.821151e+00   3.221835e+01              0             13              0              1   1.600967e+01   4.006245e-01   8.084443e-01
        252500   1.805692e+00   3.320654e+01              0             15              0              2   1.600647e+01   4.067077e-01   8.102922e-01
        253000   1.808319e+00   3.419755e+01              0             12              0              2   1.549396e+01   4.104933e-01   7.910929e-01
        253500   1.769191e+00   4.138446e+01              0             13              0              1   1.571006e+01   4.044095e-01   7.810855e-01
        254000   1.765596e+00   4.234890e+01              0             13              0              1   1.577696e+01   3.860514e-01   8.115292e-01
        254500   1.809607e+00   3.674206e+01              0             12              0              1   1.540449e+01   4.031821e-01   8.010434e-01
        255000   1.814528e+00   3.773314e+01              0             11              0              1   1.545161e+01   4.102653e-01   8.069033e-01
        255500   1.827396e+00   3.872914e+01              0             12              0              1   1.530399e+01   4.082332e-01   8.078226e-01
        256000   1.816416e+00   3.972322e+01              0             12              0              1   1.568384e+01   4.037449e-01   8.079625e-01
        256500   1.825104e+00   4.071536e+01              0             16              0              1   1.534641e+01   4.058258e-01   8.084715e-01
        257000   1.848192e+00   3.030298e+01              0             14              0              1   1.589594e+01   4.013306e-01   8.029635e-01
        257500   1.849100e+00   4.260473e+01              0             12              0              1   1.589881e+01   4.000090e-01   8.136736e-01
        258000   1.886335e+00   3.226984e+01              0             10              0              1   1.601120e+01   3.922587e-01   8.417487e-01
        258500   1.927684e+00   2.073366e+01              0             11              0              1   1.606685e+01   3.950324e-01   8.358418e-01
        259000   1.940437e+00   2.168200e+01              0             10              0              1   1.625138e+01   3.817575e-01   8.421636e-01
        259500   1.998171e+00   1.267374e+01              0              9              0              1   1.638075e+01   3.788098e-01   8.512735e-01
        260000   1.954974e+00   1.365488e+01              0             14              0              1   1.610492e+01   3.938504e-01   8.408163e-01
        260500   1.965489e+00   1.464337e+01              0             11              0              1   1.615424e+01   3.833355e-01   8.333156e-01
        261000   1.965569e+00   1.563920e+01              0             13              0              1   1.621305e+01   3.611265e-01   8.537165e-01
        261500   1.934455e+00   2.609777e+01              0              8              0              1   1.582052e+01   3.678577e-01   8.365153e-01
        262000   1.946372e+00   1.757181e+01              0             11              0              1   1.638603e+01   3.670620e-01   8.310014e-01
        262500   1.971892e+00   1.854520e+01              0             10              0              1   1.615043e+01   3.661408e-01   8.484306e-01
        263000   2.045377e+00   1.220145e+01              0              8              1              1   1.642162e+01   3.413197e-01   8.385420e-01
        263500   2.030743e+00   1.317277e+01              0              9              0              1   1.651327e+01   3.385429e-01   8.340237e-01
        264000   2.030881e+00   1.416840e+01              0             11              0              1   1.641282e+01   3.480696e-01   8.469302e-01
        264500   2.075507e+00   9.721653e+00              0             11              0              1   1.679016e+01   3.427934e-01   8.487337e-01
        265000   2.064159e+00   1.071477e+01              0             10              0              1   1.672642e+01   3.341472e-01   8.513597e-01
        265500   2.096457e+00   1.168556e+01              0              9              0              1   1.700802e+01   3.324391e-01   8.625286e-01
        266000   2.085770e+00   1.265158e+01              0             10              0              1   1.679015e+01   3.232730e-01   8.676519e-01
        266500   2.070292e+00   1.364406e+01              0              9              0              1   1.617708e+01   3.503259e-01   8.618641e-01
        267000   2.066799e+00   1.463714e+01              0              7              0              1   1.649707e+01   3.292054e-01   8.661426e-01
        267500   2.059971e+00   1.563404e+01              0              8              0              1   1.665247e+01   3.442633e-01   8.637058e-01
        268000   2.044057e+00   2.116289e+01              0              8              0              1   1.655341e+01   3.457660e-01   8.599541e-01
        268500   2.052212e+00   2.210621e+01              0              7              0              1   1.650697e+01   3.509284e-01   8.617331e-01
        269000   2.085143e+00   1.856702e+01              0             10              0              1   1.714111e+01   3.332165e-01   8.756410e-01
        269500   2.091901e+00   1.955906e+01              0              6              0              1   1.700325e+01   3.583985e-01   8.643649e-01
        270000   2.063878e+00   2.054680e+01              0             10              0              1   1.655428e+01   3.577826e-01   8.487755e-01
        270500   2.049608e+00   2.566010e+01              0             10              0              1   1.626329e+01   3.565132e-01   8.401490e-01
        271000   2.063290e+00   2.252284e+01              0              8              1              1   1.624209e+01   3.641353e-01   8.468103e-01
        271500   2.081398e+00   2.351485e+01              0              9              0              1   1.648949e+01   3.555962e-01   8.433882e-01
        272000   2.078242e+00   2.450102e+01              0             10              0              1   1.618729e+01   3.565539e-01   8.539500e-01
        272500   2.096495e+00   2.547989e+01              0              8              0              1   1.595556e+01   3.532918e-01   8.362912e-01
        273000   2.152262e+00   2.045321e+01              0              9              0              1   1.598366e+01   3.532234e-01   8.589348e-01
        273500   2.129447e+00   2.141655e+01              0              8              0              1   1.559022e+01   3.659485e-01   8.362684e-01
        274000   2.153989e+00   1.518909e+01              0              7              0              0   1.599497e+01   3.529588e-01   8.444713e-01
        274500   2.217364e+00   9.387349e+00              0              7              0              1   1.588241e+01   3.468084e-01   8.617050e-01
        275000   2.247330e+00   1.036808e+01              0              7              1              1   1.593340e+01   3.492541e-01   8.626758e-01
        275500   2.233798e+00   1.134215e+01              0              9              0              1   1.548299e+01   3.520086e-01   8.563925e-01
        276000   2.252202e+00   7.400942e+00              0              8              1              1   1.550047e+01   3.598440e-01   8.491631e-01
        276500   2.206755e+00   1.328640e+01              0              7              1              1   1.586674e+01   3.555863e-01   8.537952e-01
        277000   2.206016e+00   1.427032e+01              0             10              0              1   1.536399e+01   3.675118e-01   8.495262e-01
        277500   2.150577e+00   2.126735e+01              0             11              0              1   1.545376e+01   3.578055e-01   8.577766e-01
        278000   2.192950e+00   1.606425e+01              0              9              0              1   1.536646e+01   3.688137e-01   8.817386e-01
        278500   2.235387e+00   1.124192e+01              0              8              0              1   1.562018e+01   3.681937e-01   8.887218e-01
        279000   2.245918e+00   1.802626e+01              0              8              0              1   1.550754e+01   3.568656e-01   8.684569e-01
        279500   2.284446e+00   1.317470e+01              0              9              0              1   1.544831e+01   3.712974e-01   8.561726e-01
        280000   2.311043e+00   9.000640e+00              0              8              1              1   1.546247e+01   3.656033e-01   8.513732e-01
        280500   2.305892e+00   9.987113e+00              0              8              0              1   1.542195e+01   3.578191e-01   8.499993e-01
        281000   2.331319e+00   1.098314e+01              0              5              0              1   1.557640e+01   3.614163e-01   8.520881e-01
        281500   2.317186e+00   1.197423e+01              0              9              1              1   1.602429e+01   3.515990e-01   8.639294e-01
        282000   2.355799e+00   8.408461e+00              0              9              2              1   1.568746e+01   3.609987e-01   8.635910e-01
        282500   2.367301e+00   9.365465e+00              0              7              0              1   1.554855e+01   3.567669e-01   8.587357e-01
        283000   2.344472e+00   1.034549e+01              0              8              0              1   1.566660e+01   3.495642e-01   8.664642e-01
        283500   2.346346e+00   1.581758e+01              0              8              1              1   1.568099e+01   3.381482e-01   8.673801e-01
        284000   2.322450e+00   1.680763e+01              0              8              0              0   1.563147e+01   3.556096e-01   8.574927e-01
        284500   2.306195e+00   1.780031e+01              0              8              0              1   1.556480e+01   3.653813e-01   8.462236e-01
        285000   2.294608e+00   2.255500e+01              0              6              0              1   1.597554e+01   3.460881e-01   8.603378e-01
        285500   2.335566e+00   1.975867e+01              0              8              0              1   1.575293e+01   3.587325e-01   8.602811e-01
        286000   2.336577e+00   2.071325e+01              0              8              0              1   1.567711e+01   3.519572e-01   8.664316e-01
        286500   2.356354e+00   1.660453e+01              0              8              0              1   1.572151e+01   3.522591e-01   8.799383e-01
        287000   2.374751e+00   1.759942e+01              0              8              1              1   1.582610e+01   3.503641e-01   8.662961e-01
        287500   2.393791e+00   1.251698e+01              0              8              0              1   1.566235e+01   3.484515e-01   8.691916e-01
        288000   2.436955e+00   1.350238e+01              0              7              0              1   1.564908e+01   3.592224e-01   8.717876e-01
        288500   2.466852e+00   8.849168e+00              0              6              1              1   1.574900e+01   3.565499e-01   8.863342e-01
        289000   2.475387e+00   9.847529e+00              0              5              0              1   1.543850e+01   3.364365e-01   8.598463e-01
        289500   2.480333e+00   1.084576e+01              0              7              0              1   1.579362e+01   3.400459e-01   8.813906e-01
        290000   2.495286e+00   1.181741e+01              0              6              0              1   1.581437e+01   3.377622e-01   8.898097e-01
        290500   2.459465e+00   1.280712e+01              0              8              0              1   1.586080e+01   3.322111e-01   8.744157e-01
        291000   2.394060e+00   2.330783e+01              0              6              0              1   1.575392e+01   3.335745e-01   8.604316e-01
        291500   2.441569e+00   1.981970e+01              0              5              0              1   1.563054e+01   3.446154e-01   8.505173e-01
        292000   2.461381e+00   1.547464e+01              0              5              0              1   1.552208e+01   3.325087e-01   8.391294e-01
        292500   2.501333e+00   1.101748e+01              0              6              0              1   1.553205e+01   3.293550e-01   8.665229e-01
        293000   2.517336e+00   1.201138e+01              0              7              1              1   1.549789e+01   3.424650e-01   8.580585e-01
        293500   2.514533e+00   1.300735e+01              0              6              0              1   1.596620e+01   3.349091e-01   8.765168e-01
        294000   2.518778e+00   1.399999e+01              0              8              1              1   1.567967e+01   3.308217e-01   8.597904e-01
        294500   2.562957e+00   9.833818e+00              0              8              1              1   1.584670e+01   3.282046e-01   8.508965e-01
        295000   2.557501e+00   1.082230e+01              0              8              1              2   1.595736e+01   3.349610e-01   8.354437e-01
        295500   2.564856e+00   1.181771e+01              0             10              1              1   1.583145e+01   3.178585e-01   8.660858e-01
