          step              r      E_metad_r      n_cont_CA   n_cont_heavy       n_saltbr        n_hbond           SASA           RMSD             Rg 
             0   5.547414e-01   0.000000e+00              0             61              1              5   1.689274e+01   0.000000e+00   8.881187e-01
           500   5.423201e-01   9.723849e-01              1             56              1              5   1.665696e+01   7.471744e-02   8.836359e-01
          1000   5.557661e-01   1.936530e+00              1             56              2              5   1.668804e+01   7.288540e-02   8.896013e-01
          1500   5.606092e-01   2.847514e+00              2             54              1              4   1.655600e+01   8.016153e-02   8.817107e-01
          2000   5.810947e-01   3.895466e+00              0             56              1              6   1.697589e+01   8.617060e-02   8.819005e-01
          2500   5.706549e-01   4.892984e+00              1             52              1              8   1.678158e+01   9.796774e-02   8.945718e-01
          3000   5.748193e-01   5.879694e+00              1             56              2              7   1.664213e+01   8.080813e-02   8.813507e-01
          3500   5.953941e-01   6.860447e+00              1             53              2              6   1.691906e+01   9.306574e-02   9.040927e-01
          4000   5.880549e-01   7.832346e+00              1             57              1              6   1.667019e+01   8.721790e-02   8.817813e-01
          4500   5.831195e-01   8.830276e+00              0             50              1              5   1.692165e+01   8.218632e-02   8.939618e-01
          5000   5.884047e-01   9.824421e+00              1             56              2              6   1.658943e+01   8.650008e-02   8.846174e-01
          5500   5.872566e-01   1.081250e+01              1             59              2              6   1.626996e+01   9.146009e-02   8.832971e-01
          6000   5.861811e-01   1.180567e+01              1             56              2              6   1.685519e+01   9.790789e-02   8.965505e-01
          6500   5.825022e-01   1.278236e+01              1             56              1              6   1.661912e+01   9.906629e-02   9.021563e-01
          7000   5.677781e-01   1.377573e+01              1             58              2              6   1.674474e+01   1.022704e-01   8.771835e-01
          7500   5.758758e-01   1.476546e+01              2             58              1              5   1.659771e+01   1.105270e-01   8.752319e-01
          8000   5.671175e-01   1.575750e+01              2             55              2              7   1.660977e+01   1.212564e-01   8.919177e-01
          8500   5.641127e-01   1.496494e+01              2             55              2              6   1.663366e+01   1.147300e-01   8.802509e-01
          9000   5.843533e-01   1.769859e+01              0             53              2              6   1.682732e+01   1.281641e-01   8.618377e-01
          9500   5.916615e-01   1.867882e+01              0             52              2              5   1.665067e+01   1.090942e-01   8.728931e-01
         10000   5.790084e-01   1.967275e+01              1             57              2              5   1.675210e+01   1.264352e-01   8.803857e-01
         10500   5.799526e-01   2.067026e+01              2             56              2              5   1.645273e+01   1.330523e-01   8.706591e-01
         11000   5.783536e-01   2.164904e+01              1             56              1              6   1.679429e+01   1.277669e-01   8.781703e-01
         11500   5.701887e-01   2.264342e+01              2             53              2              5   1.682862e+01   1.224002e-01   8.856025e-01
         12000   5.884196e-01   2.363813e+01              0             54              1              5   1.646704e+01   1.219863e-01   8.807301e-01
         12500   5.888176e-01   2.461281e+01              2             53              2              6   1.644177e+01   1.329441e-01   8.850129e-01
         13000   5.815646e-01   2.560510e+01              2             51              2              5   1.644557e+01   1.283249e-01   8.660868e-01
         13500   5.532948e-01   2.659766e+01              2             56              2              7   1.649477e+01   1.204444e-01   8.684244e-01
         14000   5.751400e-01   2.758439e+01              3             59              2              4   1.654867e+01   1.379604e-01   8.768258e-01
         14500   5.782327e-01   2.858148e+01              2             57              2              6   1.660503e+01   1.360174e-01   8.774672e-01
         15000   5.630574e-01   2.957750e+01              1             58              2              4   1.658396e+01   1.452242e-01   8.788370e-01
         15500   5.705947e-01   3.057369e+01              4             58              2              6   1.650895e+01   1.523016e-01   8.751033e-01
         16000   5.682523e-01   3.155278e+01              1             55              2              5   1.662329e+01   1.399493e-01   8.733487e-01
         16500   5.569838e-01   3.254765e+01              1             57              2              6   1.646559e+01   1.439775e-01   8.585498e-01
         17000   5.482191e-01   2.979027e+01              1             53              2              6   1.667562e+01   1.243203e-01   8.767925e-01
         17500   5.659333e-01   3.449849e+01              0             55              2              6   1.644372e+01   1.342074e-01   8.820560e-01
         18000   5.680813e-01   3.549653e+01              1             56              2              5   1.640161e+01   1.291408e-01   8.874165e-01
         18500   5.682063e-01   3.649361e+01              1             54              2              4   1.670635e+01   1.322933e-01   8.758225e-01
         19000   5.663677e-01   3.748764e+01              1             56              2              4   1.653630e+01   1.340111e-01   8.769299e-01
         19500   5.639230e-01   3.848360e+01              1             54              2              4   1.664833e+01   1.367775e-01   8.817246e-01
         20000   5.710345e-01   3.947888e+01              2             55              2              5   1.646933e+01   1.354441e-01   8.853465e-01
         20500   5.656973e-01   4.047423e+01              1             51              1              5   1.650301e+01   1.407037e-01   8.778235e-01
         21000   5.682084e-01   4.146691e+01              3             54              2              5   1.623616e+01   1.312696e-01   8.774809e-01
         21500   5.927476e-01   4.245703e+01              2             53              2              3   1.677979e+01   1.180779e-01   8.998741e-01
         22000   5.937743e-01   4.343842e+01              1             51              2              4   1.656103e+01   1.303767e-01   8.819282e-01
         22500   6.035529e-01   3.918248e+01              2             52              2              5   1.640419e+01   1.371862e-01   8.668246e-01
         23000   5.882945e-01   4.539919e+01              1             53              2              4   1.669601e+01   1.416859e-01   9.000397e-01
         23500   5.873469e-01   4.639285e+01              2             53              2              6   1.651461e+01   1.323098e-01   8.953164e-01
         24000   5.800016e-01   4.738257e+01              2             52              2              7   1.672315e+01   1.200259e-01   8.936184e-01
         24500   6.031227e-01   4.288030e+01              1             52              2              7   1.667247e+01   1.155445e-01   9.085706e-01
         25000   6.083152e-01   4.387265e+01              1             51              2              5   1.678679e+01   1.146322e-01   9.169096e-01
         25500   6.121613e-01   4.486912e+01              2             49              1              7   1.670308e+01   1.219801e-01   8.936143e-01
         26000   6.172694e-01   4.585885e+01              1             49              1              4   1.683586e+01   1.169925e-01   9.035269e-01
         26500   5.740420e-01   5.205401e+01              2             51              1              8   1.655598e+01   1.106006e-01   8.911330e-01
         27000   5.734142e-01   5.303873e+01              1             53              1              5   1.678157e+01   1.178427e-01   8.983717e-01
         27500   5.804876e-01   5.402337e+01              0             58              0              4   1.660692e+01   1.358817e-01   8.783479e-01
         28000   6.001151e-01   4.953826e+01              0             53              0              4   1.659582e+01   1.158576e-01   8.948467e-01
         28500   5.947834e-01   5.594356e+01              1             51              0              7   1.645498e+01   1.278768e-01   8.910881e-01
         29000   6.119362e-01   5.144422e+01              2             52              0              5   1.693643e+01   1.297439e-01   9.116982e-01
         29500   6.510419e-01   3.756662e+01              0             54              0              4   1.602791e+01   1.353329e-01   8.721029e-01
         30000   6.738842e-01   3.853915e+01              1             51              0              4   1.657068e+01   1.398601e-01   9.005926e-01
         30500   6.421188e-01   3.953197e+01              2             54              0              6   1.615575e+01   1.458720e-01   8.859614e-01
         31000   6.198307e-01   5.517277e+01              1             57              0              4   1.666793e+01   1.297373e-01   8.935761e-01
         31500   6.130063e-01   5.616785e+01              1             53              0              4   1.656911e+01   1.263756e-01   9.001626e-01
         32000   6.338159e-01   5.714735e+01              1             53              0              6   1.666485e+01   1.343286e-01   8.926391e-01
         32500   6.177111e-01   5.814579e+01              1             53              2              4   1.671982e+01   1.348928e-01   9.007465e-01
         33000   6.238505e-01   5.913959e+01              1             52              0              5   1.649939e+01   1.365886e-01   8.911513e-01
         33500   6.469545e-01   4.495449e+01              1             54              0              4   1.629264e+01   1.375863e-01   8.791268e-01
         34000   6.478901e-01   4.593433e+01              2             58              0              6   1.610119e+01   1.521519e-01   8.785496e-01
         34500   6.451735e-01   4.691014e+01              2             57              0              7   1.623381e+01   1.532590e-01   8.755653e-01
         35000   6.485040e-01   4.788722e+01              1             57              0              6   1.626202e+01   1.587799e-01   8.825339e-01
         35500   6.124570e-01   6.390417e+01              2             56              1              6   1.653957e+01   1.596877e-01   8.974398e-01
         36000   6.191858e-01   6.488929e+01              1             57              0              7   1.655106e+01   1.536117e-01   8.779361e-01
         36500   6.500493e-01   5.060041e+01              2             58              0              5   1.605542e+01   1.536324e-01   8.640178e-01
         37000   6.401982e-01   5.156947e+01              2             57              0              4   1.611618e+01   1.446612e-01   8.741331e-01
         37500   6.603739e-01   5.254961e+01              2             55              0              4   1.639252e+01   1.576478e-01   8.765487e-01
         38000   6.613280e-01   5.354332e+01              1             58              0              6   1.608833e+01   1.636116e-01   8.711517e-01
         38500   6.584118e-01   5.453795e+01              2             58              0              6   1.620456e+01   1.627285e-01   8.759077e-01
         39000   6.564166e-01   5.552737e+01              2             55              0              7   1.636909e+01   1.481769e-01   8.874874e-01
         39500   6.564314e-01   5.652545e+01              1             56              0              5   1.618295e+01   1.481448e-01   8.836478e-01
         40000   6.639572e-01   5.751255e+01              1             57              0              5   1.624166e+01   1.469133e-01   8.893967e-01
         40500   6.553076e-01   5.850659e+01              2             58              0              4   1.624878e+01   1.462445e-01   8.890823e-01
         41000   6.600553e-01   5.949520e+01              1             55              0              7   1.624585e+01   1.483309e-01   8.794878e-01
         41500   6.213157e-01   7.484994e+01              2             56              0              7   1.645247e+01   1.393096e-01   8.714421e-01
         42000   6.566357e-01   6.139907e+01              1             52              0              5   1.622969e+01   1.432245e-01   8.720340e-01
         42500   6.613189e-01   6.237940e+01              2             57              0              7   1.634672e+01   1.320797e-01   8.902936e-01
         43000   6.480521e-01   7.760587e+01              2             51              0              6   1.647180e+01   1.331351e-01   8.806547e-01
         43500   6.389925e-01   7.857470e+01              1             52              0              7   1.685369e+01   1.216985e-01   8.984012e-01
         44000   6.158620e-01   7.956157e+01              2             57              0              6   1.646672e+01   1.381671e-01   8.778466e-01
         44500   6.401804e-01   8.054280e+01              2             55              0              6   1.653701e+01   1.266488e-01   8.936960e-01
         45000   6.414944e-01   6.713145e+01              1             55              0              7   1.664430e+01   1.320051e-01   8.884517e-01
         45500   6.367057e-01   8.239061e+01              2             58              0              7   1.649888e+01   1.245895e-01   8.948606e-01
         46000   6.177677e-01   8.338461e+01              1             56              0              7   1.655065e+01   1.349725e-01   8.968431e-01
         46500   6.095999e-01   8.437419e+01              2             51              1              4   1.672371e+01   1.260714e-01   8.878081e-01
         47000   6.150085e-01   8.536812e+01              1             56              0              4   1.667823e+01   1.407159e-01   8.961828e-01
         47500   6.184814e-01   8.635781e+01              2             54              0              6   1.628869e+01   1.436142e-01   8.886527e-01
         48000   6.193920e-01   8.735063e+01              1             53              1              6   1.650951e+01   1.525251e-01   9.152256e-01
         48500   6.336709e-01   8.832697e+01              3             51              1              6   1.646536e+01   1.466647e-01   8.884612e-01
         49000   6.081380e-01   8.932282e+01              1             50              1              6   1.664897e+01   1.628027e-01   8.975357e-01
         49500   6.043982e-01   8.781422e+01              1             50              1              7   1.622079e+01   1.576228e-01   8.725062e-01
         50000   6.119910e-01   9.126128e+01              1             55              1              6   1.628228e+01   1.433451e-01   8.901618e-01
         50500   6.186834e-01   9.225801e+01              0             53              0              5   1.648238e+01   1.541581e-01   8.831750e-01
         51000   6.262068e-01   7.768367e+01              1             52              0              3   1.641766e+01   1.469741e-01   8.974272e-01
         51500   6.092298e-01   9.423083e+01              2             54              0              6   1.621807e+01   1.385765e-01   8.962074e-01
         52000   6.239808e-01   9.522766e+01              0             54              0              7   1.620060e+01   1.467367e-01   8.958550e-01
         52500   6.246282e-01   9.621858e+01              1             51              0              6   1.646794e+01   1.596988e-01   9.081873e-01
         53000   6.143210e-01   9.721382e+01              1             54              0              7   1.645074e+01   1.380003e-01   8.910579e-01
         53500   6.137186e-01   9.821111e+01              1             55              0              6   1.645623e+01   1.517459e-01   8.908892e-01
         54000   6.143097e-01   9.920605e+01              1             54              0              5   1.657971e+01   1.531878e-01   9.019024e-01
         54500   6.785866e-01   8.397185e+01              1             48              0              3   1.650501e+01   1.609157e-01   8.889255e-01
         55000   6.603426e-01   8.494353e+01              1             52              0              4   1.640436e+01   1.468125e-01   8.863190e-01
         55500   6.425714e-01   1.017791e+02              2             51              0              6   1.644523e+01   1.631375e-01   8.962444e-01
         56000   6.445962e-01   8.685427e+01              1             49              0              4   1.640389e+01   1.560423e-01   8.847199e-01
         56500   6.706868e-01   8.784131e+01              1             46              1              5   1.618274e+01   1.647104e-01   8.813956e-01
         57000   6.786942e-01   8.882200e+01              0             45              1              3   1.648234e+01   1.720513e-01   8.870382e-01
         57500   6.570958e-01   8.981377e+01              2             46              0              5   1.620766e+01   1.887633e-01   8.728990e-01
         58000   6.637495e-01   9.079066e+01              1             49              0              5   1.631409e+01   1.751705e-01   8.912301e-01
         58500   7.014004e-01   6.399394e+01              1             45              0              4   1.617501e+01   1.846139e-01   8.753890e-01
         59000   6.924028e-01   6.499194e+01              2             46              0              5   1.605563e+01   1.753274e-01   8.643557e-01
         59500   6.989974e-01   6.597306e+01              2             45              1              5   1.625754e+01   1.615012e-01   8.900728e-01
         60000   6.561363e-01   9.452298e+01              1             46              0              6   1.619911e+01   1.673938e-01   8.669988e-01
         60500   6.662714e-01   9.551161e+01              2             47              0              4   1.614710e+01   1.772052e-01   8.870859e-01
         61000   6.923171e-01   6.881898e+01              1             43              0              3   1.609183e+01   1.715566e-01   8.734382e-01
         61500   7.249553e-01   4.106096e+01              1             47              0              4   1.615131e+01   1.731053e-01   8.829289e-01
         62000   7.051483e-01   7.079683e+01              2             45              0              4   1.609449e+01   1.819550e-01   8.648493e-01
         62500   6.957494e-01   7.178825e+01              2             46              0              4   1.601328e+01   1.711769e-01   8.622055e-01
         63000   7.033063e-01   7.277941e+01              2             44              0              4   1.590590e+01   1.736537e-01   8.541767e-01
         63500   7.337714e-01   4.472339e+01              0             44              0              2   1.589190e+01   2.007141e-01   8.380017e-01
         64000   7.295993e-01   4.569482e+01              0             43              0              2   1.610560e+01   1.871029e-01   8.424691e-01
         64500   7.322436e-01   7.564787e+01              1             44              0              2   1.608326e+01   1.905493e-01   8.460079e-01
         65000   7.326388e-01   4.764747e+01              1             46              1              2   1.630952e+01   1.845876e-01   8.694593e-01
         65500   7.381839e-01   4.861844e+01              1             48              2              1   1.602754e+01   1.787363e-01   8.595691e-01
         66000   7.694843e-01   4.961186e+01              2             44              2              2   1.620208e+01   1.761459e-01   8.624422e-01
         66500   7.842139e-01   2.739192e+01              1             45              2              2   1.624218e+01   1.898116e-01   8.647808e-01
         67000   7.673469e-01   5.157261e+01              1             45              1              3   1.579543e+01   1.784123e-01   8.637434e-01
         67500   7.710480e-01   5.255014e+01              2             47              2              3   1.587068e+01   1.849327e-01   8.425629e-01
         68000   7.722487e-01   5.353036e+01              2             47              1              3   1.577840e+01   1.896190e-01   8.421212e-01
         68500   7.769650e-01   5.451392e+01              2             46              0              3   1.570347e+01   1.894521e-01   8.541139e-01
         69000   7.822449e-01   3.217552e+01              0             45              2              1   1.612086e+01   1.944611e-01   8.496996e-01
         69500   7.737353e-01   5.643944e+01              1             47              1              1   1.610609e+01   1.892402e-01   8.585653e-01
         70000   8.011859e-01   3.411881e+01              1             46              1              2   1.588304e+01   1.862680e-01   8.561250e-01
         70500   7.814441e-01   5.835700e+01              0             46              1              2   1.610417e+01   1.822175e-01   8.545888e-01
         71000   7.601651e-01   5.934155e+01              1             47              0              1   1.594786e+01   1.820675e-01   8.560344e-01
         71500   7.887707e-01   3.696566e+01              1             46              0              3   1.588164e+01   1.962748e-01   8.467548e-01
         72000   8.019019e-01   3.795390e+01              1             44              2              2   1.597982e+01   1.855036e-01   8.531023e-01
         72500   8.206407e-01   3.894512e+01              0             45              2              3   1.620750e+01   1.927449e-01   8.638536e-01
         73000   7.927093e-01   3.993913e+01              1             44              2              4   1.614914e+01   1.814272e-01   8.584043e-01
         73500   8.318650e-01   2.341433e+01              1             45              2              4   1.619439e+01   1.920424e-01   8.599528e-01
         74000   7.992919e-01   4.192288e+01              1             44              2              3   1.590952e+01   1.857611e-01   8.595481e-01
         74500   8.099706e-01   4.290943e+01              1             45              4              4   1.602673e+01   1.885041e-01   8.617500e-01
         75000   8.090340e-01   4.390800e+01              2             44              4              3   1.610268e+01   1.906519e-01   8.575651e-01
         75500   8.390064e-01   4.488663e+01              1             45              4              4   1.621532e+01   1.945401e-01   8.670676e-01
         76000   8.217946e-01   4.586178e+01              0             45              4              2   1.617625e+01   1.982366e-01   8.637317e-01
         76500   7.964071e-01   4.685155e+01              2             45              4              5   1.599481e+01   2.049811e-01   8.578166e-01
         77000   8.092190e-01   4.784704e+01              1             43              4              3   1.588595e+01   2.080086e-01   8.641713e-01
         77500   8.377642e-01   4.882136e+01              1             45              3              3   1.622809e+01   2.117179e-01   8.837185e-01
         78000   8.594573e-01   3.163208e+01              1             43              2              2   1.585234e+01   2.040581e-01   8.709060e-01
         78500   8.598888e-01   3.262286e+01              1             41              4              4   1.567390e+01   2.133077e-01   8.556285e-01
         79000   8.548859e-01   3.361658e+01              1             42              2              3   1.571727e+01   2.245316e-01   8.588086e-01
         79500   8.475708e-01   3.461236e+01              1             44              4              3   1.599031e+01   2.293636e-01   8.520069e-01
         80000   8.450684e-01   3.560238e+01              1             37              4              4   1.592929e+01   2.224467e-01   8.641632e-01
         80500   8.461638e-01   3.657048e+01              0             43              3              4   1.600547e+01   2.253523e-01   8.551562e-01
         81000   8.268211e-01   3.749639e+01              0             45              3              3   1.588199e+01   2.279082e-01   8.616439e-01
         81500   8.322521e-01   3.843352e+01              0             44              3              3   1.595718e+01   2.217747e-01   8.567086e-01
         82000   8.191431e-01   5.731708e+01              1             43              3              2   1.594055e+01   2.130409e-01   8.595824e-01
         82500   8.488687e-01   4.033556e+01              1             48              4              4   1.595810e+01   2.223695e-01   8.556313e-01
         83000   8.327036e-01   5.923800e+01              1             40              3              4   1.598208e+01   1.945235e-01   8.639133e-01
         83500   8.142195e-01   6.023480e+01              1             45              4              3   1.602735e+01   2.133300e-01   8.667177e-01
         84000   8.068528e-01   6.122806e+01              1             45              3              3   1.594141e+01   2.214193e-01   8.703980e-01
         84500   8.081073e-01   6.222247e+01              2             45              3              4   1.580525e+01   2.405447e-01   8.436717e-01
         85000   8.256606e-01   6.321626e+01              1             46              4              4   1.624074e+01   2.204411e-01   8.576846e-01
         85500   8.213061e-01   6.419507e+01              1             45              4              5   1.567153e+01   2.063468e-01   8.400529e-01
         86000   8.112914e-01   6.519016e+01              1             45              3              4   1.571289e+01   2.247358e-01   8.488788e-01
         86500   8.080362e-01   6.617779e+01              1             45              3              4   1.581649e+01   2.024842e-01   8.550510e-01
         87000   8.255135e-01   6.716709e+01              0             43              4              4   1.591255e+01   2.055971e-01   8.624254e-01
         87500   8.456380e-01   4.944366e+01              1             44              4              3   1.616407e+01   1.894639e-01   8.706576e-01
         88000   8.254821e-01   6.910422e+01              1             45              4              3   1.584045e+01   2.130451e-01   8.499352e-01
         88500   8.214460e-01   7.010211e+01              0             46              4              3   1.576958e+01   2.174880e-01   8.547775e-01
         89000   8.282869e-01   7.107780e+01              0             47              3              4   1.589113e+01   2.134529e-01   8.441280e-01
         89500   8.082290e-01   7.207261e+01              1             46              3              3   1.573187e+01   2.159184e-01   8.420263e-01
         90000   8.303765e-01   5.406648e+01              1             48              3              4   1.606556e+01   2.043296e-01   8.466966e-01
         90500   8.118746e-01   7.405783e+01              1             47              3              4   1.589197e+01   2.053382e-01   8.501044e-01
         91000   8.390474e-01   7.502638e+01              1             48              2              4   1.599349e+01   2.174741e-01   8.646850e-01
         91500   8.336687e-01   7.596019e+01              2             45              3              5   1.589223e+01   2.190835e-01   8.497921e-01
         92000   8.317777e-01   7.695009e+01              0             49              2              3   1.592944e+01   2.171665e-01   8.432207e-01
         92500   8.603872e-01   5.882275e+01              0             46              2              5   1.620651e+01   2.194851e-01   8.553149e-01
         93000   8.718007e-01   5.980028e+01              1             45              2              4   1.617541e+01   2.116379e-01   8.613174e-01
         93500   8.627555e-01   6.079700e+01              0             46              2              2   1.612284e+01   2.151117e-01   8.412888e-01
         94000   8.562893e-01   6.179185e+01              0             45              3              3   1.628197e+01   1.987228e-01   8.746500e-01
         94500   8.751510e-01   6.278765e+01              1             49              4              5   1.653742e+01   1.922683e-01   8.962822e-01
         95000   8.872246e-01   4.279941e+01              1             46              3              3   1.675343e+01   1.910937e-01   8.876128e-01
         95500   8.712547e-01   6.475589e+01              1             46              3              3   1.666010e+01   2.060586e-01   8.787479e-01
         96000   8.473860e-01   6.575160e+01              2             47              3              5   1.632027e+01   1.965138e-01   8.650652e-01
         96500   8.738839e-01   6.674227e+01              2             46              4              4   1.614628e+01   1.981553e-01   8.616924e-01
         97000   9.030302e-01   4.644425e+01              0             48              4              2   1.631405e+01   1.975554e-01   8.823934e-01
         97500   8.973651e-01   4.743806e+01              1             43              4              3   1.640980e+01   1.887949e-01   8.873468e-01
         98000   8.915270e-01   6.951425e+01              1             46              4              2   1.620001e+01   1.990381e-01   8.620559e-01
         98500   8.912864e-01   4.941090e+01              0             50              3              2   1.613104e+01   1.836931e-01   8.577937e-01
         99000   8.809394e-01   7.140951e+01              0             46              4              2   1.627014e+01   2.043212e-01   8.643882e-01
         99500   8.787823e-01   7.239069e+01              0             49              4              2   1.634676e+01   1.922005e-01   8.669457e-01
        100000   8.862806e-01   7.334202e+01              2             44              2              3   1.618411e+01   1.992905e-01   8.755038e-01
        100500   8.685425e-01   7.432648e+01              0             47              2              4   1.616370e+01   1.892240e-01   8.722313e-01
        101000   9.072150e-01   5.417789e+01              0             44              4              3   1.609541e+01   1.884840e-01   8.624270e-01
        101500   9.146148e-01   5.516269e+01              0             46              3              3   1.629750e+01   1.986536e-01   8.815617e-01
        102000   9.417762e-01   3.455447e+01              1             40              3              5   1.636227e+01   2.112446e-01   8.798197e-01
        102500   9.308812e-01   3.552945e+01              1             41              4              2   1.625971e+01   2.060277e-01   8.697793e-01
        103000   9.447430e-01   3.649565e+01              2             38              3              2   1.653575e+01   1.934454e-01   8.827799e-01
        103500   9.366754e-01   5.902366e+01              2             38              4              3   1.642934e+01   1.997377e-01   8.876128e-01
        104000   9.252546e-01   5.999456e+01              0             42              3              3   1.632812e+01   1.921529e-01   8.858956e-01
        104500   9.370899e-01   3.936262e+01              0             44              4              2   1.650616e+01   2.065010e-01   8.843217e-01
        105000   9.513736e-01   4.033641e+01              0             41              4              2   1.624600e+01   1.998144e-01   8.749485e-01
        105500   9.369770e-01   4.132835e+01              2             41              4              3   1.634596e+01   1.989563e-01   8.664583e-01
        106000   9.115634e-01   6.383576e+01              1             44              4              3   1.642187e+01   2.063118e-01   8.813650e-01
        106500   9.567357e-01   4.321010e+01              1             42              3              5   1.635770e+01   2.108695e-01   8.926570e-01
        107000   9.383778e-01   6.569269e+01              1             38              4              4   1.628767e+01   2.023225e-01   8.636492e-01
        107500   9.363385e-01   6.665923e+01              1             39              3              4   1.625074e+01   1.981456e-01   8.702579e-01
        108000   9.361616e-01   4.608934e+01              1             38              4              4   1.634217e+01   2.099139e-01   8.823200e-01
        108500   9.749451e-01   4.708037e+01              1             41              3              3   1.620935e+01   2.121899e-01   8.695296e-01
        109000   9.775496e-01   4.806228e+01              1             41              2              4   1.626588e+01   2.164653e-01   8.682229e-01
        109500   9.702155e-01   4.904735e+01              1             38              2              2   1.615459e+01   2.138431e-01   8.728381e-01
        110000   1.016358e+00   3.038996e+01              0             40              3              2   1.609501e+01   2.168461e-01   8.580164e-01
        110500   9.984881e-01   3.137224e+01              1             35              2              2   1.614334e+01   2.223372e-01   8.557280e-01
        111000   1.005436e+00   3.234896e+01              0             35              3              2   1.633064e+01   2.268371e-01   8.580072e-01
        111500   9.879352e-01   3.332315e+01              1             38              3              3   1.638327e+01   2.120157e-01   8.662511e-01
        112000   9.553876e-01   5.371225e+01              2             39              4              2   1.594461e+01   2.104336e-01   8.482192e-01
        112500   9.694350e-01   5.470822e+01              2             40              4              3   1.629591e+01   2.097333e-01   8.832743e-01
        113000   9.686257e-01   5.570153e+01              0             38              4              3   1.630564e+01   2.305569e-01   8.759309e-01
        113500   9.877419e-01   5.668033e+01              1             35              3              2   1.647528e+01   2.436451e-01   8.829137e-01
        114000   9.872488e-01   5.765081e+01              1             35              2              1   1.585161e+01   2.350322e-01   8.602857e-01
        114500   1.023321e+00   3.887463e+01              1             32              3              2   1.600969e+01   2.404075e-01   8.662338e-01
        115000   1.026230e+00   3.984916e+01              0             33              3              2   1.609028e+01   2.425048e-01   8.808809e-01
        115500   1.019899e+00   4.083906e+01              0             29              4              2   1.625167e+01   2.297895e-01   8.707233e-01
        116000   1.018595e+00   4.183615e+01              0             28              4              3   1.602314e+01   2.337140e-01   8.750722e-01
        116500   1.000778e+00   4.283426e+01              1             33              4              3   1.595751e+01   2.080042e-01   8.469781e-01
        117000   1.032581e+00   2.687158e+01              0             30              3              3   1.603198e+01   2.293856e-01   8.495050e-01
        117500   1.034748e+00   4.477536e+01              0             32              4              3   1.602320e+01   2.307814e-01   8.532224e-01
        118000   1.066406e+00   2.884206e+01              0             29              4              3   1.583286e+01   2.300149e-01   8.605815e-01
        118500   1.090160e+00   2.983229e+01              0             27              4              3   1.585100e+01   2.373718e-01   8.762697e-01
        119000   1.107523e+00   1.768737e+01              0             31              4              4   1.600757e+01   2.607697e-01   8.631620e-01
        119500   1.066341e+00   3.177072e+01              0             31              3              4   1.587480e+01   2.451718e-01   8.732477e-01
        120000   1.090512e+00   3.275833e+01              0             26              4              3   1.613996e+01   2.452386e-01   8.917078e-01
        120500   1.081054e+00   3.374007e+01              0             26              3              2   1.578769e+01   2.400145e-01   8.830256e-01
        121000   1.088211e+00   3.471940e+01              0             33              3              3   1.612642e+01   2.525679e-01   8.980446e-01
        121500   1.090482e+00   3.567859e+01              0             32              4              4   1.568316e+01   2.561491e-01   8.930487e-01
        122000   1.098166e+00   2.339404e+01              0             30              4              3   1.586338e+01   2.527445e-01   8.910924e-01
        122500   1.099993e+00   2.436508e+01              0             30              4              3   1.630754e+01   2.663220e-01   9.070960e-01
        123000   1.114141e+00   2.535701e+01              0             29              4              3   1.637119e+01   2.589104e-01   8.973779e-01
        123500   1.112879e+00   2.635246e+01              0             31              4              3   1.624846e+01   2.711017e-01   9.142592e-01
        124000   1.098321e+00   4.025939e+01              1             32              3              4   1.616042e+01   2.740787e-01   9.115337e-01
        124500   1.126027e+00   2.832887e+01              0             32              5              3   1.631722e+01   2.821729e-01   8.980674e-01
        125000   1.095960e+00   4.206305e+01              0             31              4              3   1.619833e+01   2.611302e-01   8.858647e-01
        125500   1.098325e+00   3.028051e+01              0             32              4              4   1.619860e+01   2.552540e-01   8.850373e-01
        126000   1.129556e+00   3.126249e+01              0             28              4              3   1.624649e+01   2.595878e-01   8.843222e-01
        126500   1.094363e+00   3.224710e+01              0             31              4              4   1.636833e+01   2.501394e-01   8.998213e-01
        127000   1.123224e+00   3.324137e+01              0             32              4              4   1.623720e+01   2.686303e-01   9.040774e-01
        127500   1.117312e+00   3.422750e+01              1             29              4              3   1.627239e+01   2.614470e-01   8.890174e-01
        128000   1.093800e+00   4.753806e+01              0             30              3              2   1.634762e+01   2.646337e-01   8.891373e-01
        128500   1.098868e+00   3.620172e+01              0             31              4              3   1.607112e+01   2.556496e-01   8.818024e-01
        129000   1.105862e+00   3.718704e+01              0             29              4              3   1.633546e+01   2.554656e-01   8.765054e-01
        129500   1.068895e+00   5.037074e+01              0             34              5              3   1.609962e+01   2.554137e-01   8.683049e-01
        130000   1.084322e+00   5.135730e+01              0             29              5              3   1.611596e+01   2.542747e-01   8.705623e-01
        130500   1.088037e+00   4.003793e+01              0             29              6              4   1.618874e+01   2.504523e-01   8.762106e-01
        131000   1.137779e+00   2.781605e+01              0             25              4              3   1.600580e+01   2.742112e-01   8.839377e-01
        131500   1.149719e+00   2.878693e+01              0             27              5              3   1.617385e+01   2.574505e-01   8.877549e-01
        132000   1.152673e+00   2.978270e+01              0             24              3              3   1.637319e+01   2.308884e-01   8.926079e-01
        132500   1.132945e+00   4.386008e+01              0             25              4              3   1.625768e+01   2.417486e-01   9.075495e-01
        133000   1.148310e+00   3.164253e+01              0             24              4              3   1.585167e+01   2.432313e-01   8.889765e-01
        133500   1.172803e+00   3.263001e+01              0             27              4              3   1.604316e+01   2.648228e-01   8.737722e-01
        134000   1.161440e+00   3.362442e+01              0             28              6              3   1.608189e+01   2.716139e-01   8.753246e-01
        134500   1.149868e+00   3.462086e+01              0             30              4              2   1.607962e+01   2.617211e-01   8.646398e-01
        135000   1.185378e+00   3.561022e+01              0             26              2              3   1.582671e+01   2.846269e-01   8.651178e-01
        135500   1.198731e+00   2.336164e+01              0             28              3              2   1.606432e+01   2.814701e-01   8.972292e-01
        136000   1.213744e+00   2.434869e+01              0             28              6              4   1.601933e+01   2.660846e-01   8.997124e-01
        136500   1.236205e+00   1.419395e+01              0             24              4              3   1.606985e+01   2.544120e-01   9.069605e-01
        137000   1.220617e+00   2.629548e+01              0             21              4              3   1.600904e+01   2.538895e-01   9.040443e-01
        137500   1.233823e+00   2.727300e+01              0             23              4              3   1.594372e+01   2.642582e-01   9.113380e-01
        138000   1.234159e+00   2.826926e+01              0             20              4              3   1.599633e+01   2.461067e-01   9.060770e-01
        138500   1.222272e+00   2.923927e+01              0             21              4              3   1.588212e+01   2.677233e-01   8.880900e-01
        139000   1.208010e+00   3.023312e+01              0             20              3              4   1.583875e+01   2.632431e-01   8.971620e-01
        139500   1.190822e+00   3.122440e+01              0             24              4              3   1.607210e+01   2.696533e-01   8.921753e-01
        140000   1.189268e+00   3.214335e+01              0             24              4              4   1.570795e+01   2.791637e-01   8.835546e-01
        140500   1.211498e+00   3.312989e+01              0             28              3              2   1.617878e+01   2.659618e-01   9.020084e-01
        141000   1.190501e+00   4.622624e+01              0             28              4              3   1.564626e+01   2.731082e-01   8.849198e-01
        141500   1.226197e+00   3.508673e+01              0             21              4              2   1.556771e+01   2.874125e-01   8.852528e-01
        142000   1.223073e+00   3.607436e+01              0             23              5              2   1.548306e+01   2.841274e-01   8.905297e-01
        142500   1.237837e+00   2.460507e+01              0             26              4              3   1.522530e+01   2.955883e-01   8.800706e-01
        143000   1.235763e+00   3.803815e+01              0             27              5              3   1.549376e+01   2.967906e-01   8.643571e-01
        143500   1.245806e+00   2.653798e+01              0             25              4              3   1.529125e+01   3.048024e-01   8.574219e-01
        144000   1.222720e+00   3.996281e+01              0             27              4              3   1.519450e+01   3.025327e-01   8.562106e-01
        144500   1.220308e+00   4.095543e+01              0             28              3              2   1.526106e+01   2.943912e-01   8.589241e-01
        145000   1.183059e+00   5.283816e+01              0             32              4              3   1.532818e+01   2.765887e-01   8.981369e-01
        145500   1.231894e+00   4.291358e+01              0             25              4              3   1.534370e+01   2.994335e-01   8.807103e-01
        146000   1.229018e+00   4.390026e+01              0             22              4              3   1.541481e+01   3.039585e-01   8.704435e-01
        146500   1.248908e+00   3.188350e+01              0             23              4              3   1.560787e+01   3.254878e-01   8.780869e-01
        147000   1.183011e+00   5.616924e+01              0             22              4              4   1.527875e+01   3.007114e-01   8.722845e-01
        147500   1.180306e+00   5.715817e+01              0             26              4              3   1.541823e+01   3.069215e-01   8.858862e-01
        148000   1.243312e+00   3.436862e+01              0             26              4              3   1.561098e+01   3.219891e-01   8.856821e-01
        148500   1.208569e+00   4.875010e+01              0             27              4              4   1.564503e+01   3.243981e-01   8.893090e-01
        149000   1.256066e+00   3.622427e+01              0             26              4              3   1.584496e+01   3.195459e-01   8.990882e-01
        149500   1.272718e+00   3.722145e+01              0             25              3              3   1.585277e+01   3.182107e-01   8.909019e-01
        150000   1.245694e+00   3.820841e+01              0             26              3              3   1.592093e+01   3.012915e-01   8.935145e-01
        150500   1.219115e+00   5.251556e+01              0             26              3              3   1.617803e+01   3.177861e-01   9.241378e-01
        151000   1.243623e+00   4.009407e+01              0             28              4              3   1.601052e+01   3.083967e-01   9.164991e-01
        151500   1.217914e+00   5.446983e+01              0             26              5              3   1.599277e+01   3.085240e-01   9.141747e-01
        152000   1.231321e+00   5.546162e+01              0             25              4              2   1.574581e+01   3.000724e-01   9.144604e-01
        152500   1.193558e+00   5.644862e+01              0             24              4              3   1.579815e+01   2.832681e-01   9.117195e-01
        153000   1.184347e+00   5.737491e+01              0             28              4              2   1.599094e+01   3.067570e-01   9.180552e-01
        153500   1.195824e+00   6.694463e+01              0             26              3              2   1.580283e+01   3.011726e-01   9.146873e-01
        154000   1.146766e+00   7.079715e+01              0             26              4              3   1.573397e+01   3.060462e-01   8.919139e-01
        154500   1.175492e+00   6.885345e+01              0             24              3              3   1.565466e+01   3.101078e-01   8.890500e-01
        155000   1.190667e+00   6.984252e+01              0             24              4              3   1.567263e+01   3.096547e-01   8.914249e-01
        155500   1.164493e+00   7.083555e+01              0             27              4              3   1.571074e+01   3.079831e-01   9.084361e-01
        156000   1.152140e+00   7.182486e+01              0             27              3              2   1.569489e+01   3.117560e-01   8.834959e-01
        156500   1.180744e+00   7.281503e+01              0             22              3              3   1.563197e+01   3.334018e-01   8.860471e-01
        157000   1.195925e+00   6.444372e+01              0             21              3              3   1.548021e+01   3.287574e-01   8.837885e-01
        157500   1.251345e+00   4.944473e+01              0             20              2              2   1.528436e+01   3.406250e-01   8.772306e-01
        158000   1.193974e+00   7.541168e+01              0             22              1              1   1.505210e+01   3.218846e-01   8.622574e-01
        158500   1.198201e+00   6.734818e+01              0             22              2              1   1.510319e+01   3.251683e-01   8.725730e-01
        159000   1.193040e+00   7.729061e+01              0             24              2              2   1.472965e+01   3.320544e-01   8.701874e-01
        159500   1.217684e+00   6.932144e+01              0             17              2              2   1.484092e+01   3.395516e-01   8.673708e-01
        160000   1.165201e+00   7.913795e+01              0             24              2              2   1.554843e+01   3.343890e-01   8.800619e-01
        160500   1.185699e+00   8.012810e+01              0             27              2              2   1.482660e+01   3.388948e-01   8.647487e-01
        161000   1.226207e+00   7.209188e+01              0             21              2              2   1.533638e+01   3.445880e-01   8.795808e-01
        161500   1.271532e+00   5.589673e+01              0             17              0              1   1.514290e+01   3.609793e-01   8.499127e-01
        162000   1.307162e+00   3.668080e+01              0             17              0              1   1.507273e+01   3.712691e-01   8.656163e-01
        162500   1.332628e+00   3.766604e+01              0             18              0              1   1.491129e+01   3.683321e-01   8.718930e-01
        163000   1.352003e+00   2.141869e+01              0             14              0              1   1.506235e+01   3.760403e-01   8.792985e-01
        163500   1.329254e+00   2.237157e+01              0             18              0              2   1.512019e+01   3.878988e-01   8.757592e-01
        164000   1.373745e+00   2.335732e+01              0             16              0              2   1.495111e+01   3.879538e-01   8.534829e-01
        164500   1.429668e+00   1.249093e+01              0             15              0              2   1.501382e+01   3.748499e-01   8.641176e-01
        165000   1.411696e+00   1.347141e+01              0             16              0              1   1.494401e+01   3.937712e-01   8.569183e-01
        165500   1.403973e+00   1.446406e+01              0             17              0              2   1.511094e+01   3.965416e-01   8.651796e-01
        166000   1.391341e+00   2.695877e+01              0             19              0              2   1.490395e+01   3.789056e-01   8.650979e-01
        166500   1.388959e+00   1.638974e+01              0             16              0              2   1.493574e+01   3.672564e-01   8.796231e-01
        167000   1.404799e+00   1.736589e+01              0             17              0              2   1.522973e+01   3.485990e-01   8.869051e-01
        167500   1.384610e+00   2.984475e+01              0             16              0              2   1.524509e+01   3.466389e-01   8.776030e-01
        168000   1.407697e+00   1.931866e+01              0             15              0              2   1.510636e+01   3.533400e-01   8.858214e-01
        168500   1.383703e+00   3.173335e+01              0             18              0              2   1.516478e+01   3.417251e-01   8.883013e-01
        169000   1.364648e+00   3.272452e+01              0             15              0              2   1.549175e+01   3.559128e-01   8.815307e-01
        169500   1.371900e+00   3.370881e+01              0             15              0              2   1.523609e+01   3.791004e-01   8.898123e-01
        170000   1.393574e+00   2.304652e+01              0             13              0              1   1.521420e+01   3.862732e-01   8.861801e-01
        170500   1.395619e+00   2.403840e+01              0             13              0              2   1.544138e+01   3.901131e-01   8.743131e-01
        171000   1.413572e+00   2.501841e+01              0             12              0              3   1.523607e+01   3.923423e-01   8.622766e-01
        171500   1.410348e+00   2.601464e+01              0             12              0              2   1.506256e+01   3.882531e-01   8.989640e-01
        172000   1.455749e+00   1.750655e+01              0             12              0              3   1.510890e+01   3.639578e-01   8.994200e-01
        172500   1.453781e+00   2.793727e+01              0             12              0              2   1.543488e+01   3.873855e-01   8.807590e-01
        173000   1.449802e+00   1.946268e+01              0             13              0              2   1.528716e+01   3.729126e-01   8.819224e-01
        173500   1.424927e+00   2.987826e+01              0             13              0              2   1.529659e+01   3.756642e-01   8.840018e-01
        174000   1.457382e+00   2.133439e+01              0             13              0              2   1.515288e+01   3.781544e-01   8.898910e-01
        174500   1.465660e+00   2.232873e+01              0             12              0              2   1.540918e+01   3.777056e-01   8.930683e-01
        175000   1.465736e+00   2.332269e+01              0             14              0              2   1.539017e+01   3.666616e-01   9.020297e-01
        175500   1.494109e+00   1.552276e+01              0             13              0              2   1.521014e+01   3.839058e-01   8.665425e-01
        176000   1.558987e+00   9.235736e+00              0             11              0              2   1.543219e+01   3.740709e-01   8.853652e-01
        176500   1.564956e+00   1.022387e+01              0             12              0              1   1.570676e+01   3.777945e-01   8.989289e-01
        177000   1.566132e+00   1.121693e+01              0             13              0              2   1.525893e+01   3.715164e-01   8.900474e-01
        177500   1.531234e+00   1.925782e+01              0             13              0              2   1.537163e+01   3.784320e-01   8.978481e-01
        178000   1.551272e+00   1.308297e+01              0             10              0              2   1.527952e+01   3.700427e-01   8.872390e-01
        178500   1.496187e+00   2.121941e+01              0             12              0              2   1.517416e+01   3.551612e-01   8.842597e-01
        179000   1.487388e+00   2.980081e+01              0             12              0              2   1.531827e+01   3.414985e-01   8.873694e-01
        179500   1.520844e+00   2.316209e+01              0             12              0              2   1.536938e+01   3.533332e-01   8.991197e-01
        180000   1.538052e+00   2.415678e+01              0             12              0              2   1.516435e+01   3.597447e-01   8.784091e-01
        180500   1.553013e+00   1.744237e+01              0             12              0              2   1.538288e+01   3.563101e-01   8.920350e-01
        181000   1.584921e+00   1.842184e+01              0             11              0              2   1.528096e+01   3.564160e-01   8.834189e-01
        181500   1.550561e+00   1.941198e+01              0             10              0              2   1.529065e+01   3.550112e-01   8.923082e-01
        182000   1.554833e+00   2.037761e+01              0             13              0              2   1.535464e+01   3.622338e-01   8.864096e-01
        182500   1.552052e+00   2.136823e+01              0             14              0              2   1.543005e+01   3.508162e-01   8.782144e-01
        183000   1.522821e+00   2.975332e+01              0             13              0              2   1.532886e+01   3.595605e-01   8.904783e-01
        183500   1.574067e+00   2.326588e+01              0             12              0              2   1.510910e+01   3.430158e-01   8.711995e-01
        184000   1.566817e+00   2.424947e+01              0             14              0              2   1.546671e+01   3.393056e-01   8.774368e-01
        184500   1.571647e+00   2.522749e+01              0             12              0              2   1.507552e+01   3.600032e-01   8.739632e-01
        185000   1.605198e+00   1.803395e+01              0             12              0              2   1.506295e+01   3.558307e-01   8.678821e-01
        185500   1.582166e+00   1.900146e+01              0             13              0              2   1.501460e+01   3.758773e-01   8.655071e-01
        186000   1.564886e+00   2.811205e+01              0             12              0              2   1.501522e+01   3.949107e-01   8.553949e-01
        186500   1.566787e+00   2.910224e+01              0             15              0              2   1.533549e+01   3.929844e-01   8.684500e-01
        187000   1.567097e+00   3.009170e+01              0             16              0              2   1.546027e+01   3.875513e-01   8.744770e-01
        187500   1.521322e+00   3.736922e+01              0             14              0              2   1.520602e+01   3.621257e-01   8.773821e-01
        188000   1.517728e+00   3.836398e+01              0             21              0              2   1.533756e+01   3.679154e-01   8.791363e-01
        188500   1.549633e+00   3.285117e+01              0             17              0              1   1.536237e+01   3.767806e-01   8.718906e-01
        189000   1.530821e+00   4.031904e+01              0             19              0              2   1.567816e+01   3.890514e-01   8.826577e-01
        189500   1.544727e+00   3.471084e+01              0             19              0              2   1.553627e+01   3.900485e-01   8.792464e-01
        190000   1.545899e+00   3.561740e+01              0             14              0              2   1.570189e+01   3.841951e-01   8.695373e-01
        190500   1.525196e+00   4.326800e+01              0             18              0              2   1.551020e+01   3.900772e-01   8.671248e-01
        191000   1.548605e+00   3.752493e+01              0             18              0              1   1.551655e+01   3.970870e-01   8.707878e-01
        191500   1.517479e+00   4.522173e+01              0             18              0              0   1.556917e+01   3.938373e-01   8.694992e-01
        192000   1.531029e+00   4.621579e+01              0             19              0              2   1.575209e+01   4.022985e-01   8.735387e-01
        192500   1.538868e+00   4.721115e+01              0             18              0              2   1.553962e+01   4.011459e-01   8.660854e-01
        193000   1.515346e+00   4.820361e+01              0             18              0              2   1.564556e+01   3.953495e-01   8.851282e-01
        193500   1.522826e+00   4.919842e+01              0             15              0              2   1.573362e+01   4.015814e-01   8.778247e-01
        194000   1.477701e+00   5.187784e+01              0             14              0              2   1.537565e+01   3.717289e-01   8.633696e-01
        194500   1.490868e+00   5.286518e+01              0             18              0              3   1.556528e+01   3.899096e-01   8.820077e-01
        195000   1.509870e+00   5.203946e+01              0             16              0              2   1.559136e+01   3.775197e-01   8.908622e-01
        195500   1.502764e+00   5.302848e+01              0             16              0              2   1.573242e+01   3.820770e-01   8.781617e-01
        196000   1.511930e+00   5.400142e+01              0             24              1              2   1.584874e+01   3.721386e-01   8.910844e-01
        196500   1.455330e+00   5.659363e+01              0             21              0              2   1.570278e+01   3.597201e-01   8.807652e-01
        197000   1.476184e+00   5.758853e+01              0             23              0              2   1.571522e+01   3.777030e-01   9.008164e-01
        197500   1.495938e+00   5.857909e+01              0             20              1              1   1.577927e+01   3.536981e-01   8.838669e-01
        198000   1.503594e+00   5.766642e+01              0             17              0              2   1.560385e+01   3.655939e-01   9.013854e-01
        198500   1.493250e+00   6.047592e+01              0             21              0              2   1.566732e+01   3.712978e-01   9.113578e-01
        199000   1.502012e+00   6.145692e+01              0             20              0              2   1.545723e+01   3.787574e-01   8.908293e-01
        199500   1.557929e+00   5.106035e+01              0             20              0              1   1.567151e+01   3.778539e-01   8.813496e-01
        200000   1.584374e+00   3.700886e+01              0             17              0              2   1.545209e+01   3.666610e-01   8.852632e-01
        200500   1.575592e+00   3.795761e+01              0             19              0              1   1.544173e+01   3.723620e-01   8.907039e-01
        201000   1.545937e+00   5.394753e+01              0             18              0              1   1.540508e+01   3.729609e-01   8.855593e-01
        201500   1.548142e+00   5.491964e+01              0             18              0              1   1.547504e+01   3.825512e-01   8.743622e-01
        202000   1.528457e+00   5.587111e+01              0             18              0              1   1.543316e+01   3.577373e-01   8.672718e-01
        202500   1.528564e+00   6.594436e+01              0             16              0              2   1.538632e+01   3.657753e-01   8.759565e-01
        203000   1.530827e+00   6.693490e+01              0             19              0              1   1.546380e+01   3.703657e-01   8.793792e-01
        203500   1.568978e+00   5.866135e+01              0             24              1              2   1.578370e+01   3.747985e-01   8.965566e-01
        204000   1.622501e+00   4.334742e+01              0             21              1              1   1.572042e+01   3.425378e-01   8.913884e-01
        204500   1.625086e+00   4.433521e+01              0             20              0              1   1.582574e+01   3.423164e-01   9.095096e-01
        205000   1.613585e+00   4.532838e+01              0             16              0              1   1.569592e+01   3.653291e-01   8.911140e-01
        205500   1.618521e+00   4.632574e+01              0             20              0              1   1.541023e+01   3.866490e-01   8.777024e-01
        206000   1.638578e+00   4.731899e+01              0             13              0              1   1.556950e+01   3.885935e-01   8.655415e-01
        206500   1.661908e+00   3.054438e+01              0             13              0              1   1.582715e+01   3.926817e-01   8.736606e-01
        207000   1.689074e+00   1.702691e+01              0             12              0              0   1.567515e+01   3.965217e-01   8.614981e-01
        207500   1.718772e+00   1.801000e+01              0              7              0              1   1.550951e+01   3.872367e-01   8.735920e-01
        208000   1.726382e+00   1.899515e+01              0              6              0              1   1.549535e+01   3.873627e-01   8.767566e-01
        208500   1.749820e+00   1.037170e+01              0              7              0              1   1.588908e+01   4.054420e-01   8.596526e-01
        209000   1.728055e+00   2.094371e+01              0              7              0              1   1.541084e+01   4.017703e-01   8.600983e-01
        209500   1.766920e+00   1.230576e+01              0              9              0              1   1.560285e+01   3.931326e-01   8.586346e-01
        210000   1.777945e+00   1.330137e+01              0              8              0              1   1.558017e+01   3.988916e-01   8.599169e-01
        210500   1.794469e+00   8.150173e+00              0              8              0              1   1.598452e+01   3.941129e-01   8.950517e-01
        211000   1.755055e+00   1.526507e+01              0              8              0              1   1.601589e+01   4.184393e-01   8.838512e-01
        211500   1.752802e+00   1.623009e+01              0              9              0              1   1.598477e+01   4.128895e-01   8.789898e-01
        212000   1.736135e+00   2.636541e+01              0             12              0              1   1.602914e+01   4.093814e-01   8.786877e-01
        212500   1.757309e+00   1.818651e+01              0              8              0              1   1.590961e+01   4.043234e-01   8.744442e-01
        213000   1.731878e+00   2.824884e+01              0              7              0              1   1.585540e+01   4.003375e-01   8.792988e-01
        213500   1.732191e+00   2.924340e+01              0              9              0              1   1.581290e+01   3.901170e-01   8.840744e-01
        214000   1.744601e+00   2.101947e+01              0              6              0              1   1.557968e+01   3.980754e-01   8.735065e-01
        214500   1.743069e+00   2.198177e+01              0              7              0              1   1.548899e+01   3.946787e-01   8.646032e-01
        215000   1.788368e+00   2.296047e+01              0             10              0              1   1.561140e+01   3.861004e-01   8.807900e-01
        215500   1.769701e+00   2.395176e+01              0              6              0              1   1.549895e+01   3.790212e-01   8.606418e-01
        216000   1.786097e+00   2.492804e+01              0              6              0              1   1.529788e+01   3.700282e-01   8.787051e-01
        216500   1.821493e+00   1.796450e+01              0              7              0              1   1.561589e+01   4.129957e-01   8.780552e-01
        217000   1.825834e+00   1.894590e+01              0              8              0              2   1.564341e+01   4.067713e-01   8.757720e-01
        217500   1.838220e+00   1.990090e+01              0              6              0              1   1.567612e+01   4.016794e-01   8.821949e-01
        218000   1.843038e+00   2.089266e+01              0              6              0              0   1.563995e+01   4.167904e-01   8.844828e-01
        218500   1.886500e+00   1.446918e+01              0              7              0              1   1.593739e+01   4.029727e-01   8.775881e-01
        219000   1.880323e+00   1.545222e+01              0              7              0              2   1.579504e+01   4.100423e-01   8.720838e-01
        219500   1.887135e+00   1.644164e+01              0              8              0              2   1.594009e+01   4.006558e-01   8.862423e-01
        220000   1.892306e+00   1.743258e+01              0              8              0              1   1.569789e+01   4.015153e-01   8.674809e-01
        220500   1.909349e+00   1.198823e+01              0              9              0              1   1.579702e+01   4.259275e-01   8.787124e-01
        221000   1.904557e+00   1.297998e+01              0             10              1              2   1.565692e+01   4.386922e-01   8.597156e-01
        221500   1.953403e+00   8.463451e+00              0             10              1              1   1.559874e+01   4.327936e-01   8.773276e-01
        222000   1.959300e+00   9.450621e+00              0             10              1              2   1.587492e+01   4.476155e-01   8.858913e-01
        222500   1.947612e+00   1.043751e+01              0              9              1              2   1.574511e+01   4.660785e-01   8.597558e-01
        223000   1.968444e+00   1.141386e+01              0              9              2              1   1.566110e+01   4.550756e-01   8.729542e-01
        223500   1.992708e+00   1.239625e+01              0              9              2              2   1.562263e+01   4.523878e-01   8.681792e-01
        224000   1.975551e+00   1.338206e+01              0             10              2              2   1.555888e+01   4.573483e-01   8.609555e-01
        224500   1.957410e+00   1.436971e+01              0             10              2              2   1.559481e+01   4.798346e-01   8.448957e-01
        225000   1.922376e+00   2.027490e+01              0              9              1              2   1.536061e+01   4.725162e-01   8.427240e-01
        225500   1.870353e+00   2.569644e+01              0             11              2              0   1.550326e+01   4.741193e-01   8.370595e-01
        226000   1.925970e+00   2.220479e+01              0             10              2              2   1.526855e+01   4.612061e-01   8.272443e-01
        226500   1.920265e+00   2.319772e+01              0             10              2              2   1.522962e+01   4.450485e-01   8.332122e-01
        227000   1.909452e+00   2.419187e+01              0             11              2              1   1.520980e+01   4.498897e-01   8.338425e-01
        227500   1.946816e+00   1.951171e+01              0             11              2              2   1.522016e+01   4.541087e-01   8.238877e-01
        228000   1.987697e+00   2.049486e+01              0             10              2              2   1.536146e+01   4.618800e-01   8.352488e-01
        228500   1.985494e+00   2.149022e+01              0              9              2              2   1.539010e+01   4.561432e-01   8.263019e-01
        229000   1.968811e+00   2.246467e+01              0             11              2              2   1.565798e+01   4.618862e-01   8.267052e-01
        229500   1.936011e+00   2.862910e+01              0             10              2              1   1.579717e+01   4.949537e-01   8.236556e-01
        230000   1.895519e+00   2.960430e+01              0             10              2              2   1.573020e+01   5.093657e-01   8.182462e-01
        230500   1.888750e+00   3.355321e+01              0             10              2              2   1.567690e+01   5.081485e-01   8.064122e-01
        231000   1.910087e+00   3.149935e+01              0             10              2              2   1.566061e+01   5.087320e-01   8.087149e-01
        231500   1.923588e+00   3.249626e+01              0              9              2              1   1.621999e+01   5.272641e-01   8.067125e-01
        232000   1.942943e+00   2.753065e+01              0             10              2              1   1.597597e+01   5.182990e-01   8.105271e-01
        232500   1.919488e+00   3.445651e+01              0              9              2              1   1.587781e+01   5.239973e-01   8.069357e-01
        233000   1.913521e+00   3.545353e+01              0             10              2              1   1.548790e+01   4.912426e-01   8.020906e-01
        233500   1.885232e+00   3.879998e+01              0             11              2              3   1.550157e+01   4.973982e-01   8.186365e-01
        234000   1.825048e+00   3.948060e+01              0             11              2              2   1.527856e+01   5.091699e-01   7.945731e-01
        234500   1.860616e+00   4.066445e+01              0             11              2              2   1.538680e+01   5.278034e-01   8.021151e-01
        235000   1.872712e+00   4.166173e+01              0             11              1              2   1.539653e+01   5.110294e-01   7.902255e-01
        235500   1.875810e+00   4.265801e+01              0             13              1              2   1.557839e+01   5.188553e-01   7.943292e-01
        236000   1.885397e+00   4.365404e+01              0             10              1              1   1.549278e+01   4.970014e-01   7.969088e-01
        236500   1.924701e+00   4.145281e+01              0             11              2              2   1.543515e+01   4.879378e-01   7.901647e-01
        237000   1.903089e+00   4.243959e+01              0             14              2              2   1.547033e+01   5.076603e-01   7.983356e-01
        237500   1.905029e+00   4.340654e+01              0             14              2              1   1.536787e+01   5.032813e-01   7.934544e-01
        238000   1.906285e+00   4.439948e+01              0             11              2              3   1.531113e+01   4.942183e-01   7.916177e-01
        238500   1.889148e+00   4.827551e+01              0             12              2              2   1.533618e+01   4.869972e-01   7.912747e-01
        239000   1.882417e+00   4.927058e+01              0             11              2              3   1.516596e+01   4.952745e-01   7.895479e-01
        239500   1.869758e+00   5.026596e+01              0             10              1              3   1.523530e+01   4.775490e-01   7.917710e-01
        240000   1.843698e+00   4.919396e+01              0             10              1              2   1.527024e+01   4.903728e-01   8.014226e-01
        240500   1.824710e+00   5.019045e+01              0             10              2              2   1.524350e+01   4.793956e-01   7.859902e-01
        241000   1.806142e+00   4.724226e+01              0             10              2              2   1.520304e+01   4.881004e-01   7.837133e-01
        241500   1.807111e+00   5.216015e+01              0             11              2              2   1.521497e+01   4.866228e-01   7.714965e-01
        242000   1.776892e+00   4.918130e+01              0             10              2              2   1.532719e+01   4.743576e-01   7.732387e-01
        242500   1.732444e+00   4.813028e+01              0             11              2              2   1.485135e+01   4.666916e-01   7.780012e-01
        243000   1.751260e+00   4.910457e+01              0             11              2              2   1.487166e+01   4.759993e-01   7.737040e-01
        243500   1.753098e+00   5.208744e+01              0             11              2              2   1.488377e+01   4.671651e-01   7.803815e-01
        244000   1.718363e+00   5.104894e+01              0              9              2              2   1.515320e+01   4.461254e-01   7.932585e-01
        244500   1.765934e+00   5.388607e+01              0              9              1              2   1.540750e+01   4.599328e-01   7.838237e-01
        245000   1.754166e+00   5.487709e+01              0             11              2              2   1.514931e+01   4.637079e-01   7.841261e-01
        245500   1.744350e+00   5.584908e+01              0             11              2              2   1.487502e+01   4.676618e-01   7.821017e-01
        246000   1.727577e+00   5.491634e+01              0             11              2              2   1.509201e+01   4.605382e-01   7.865524e-01
        246500   1.726498e+00   5.590851e+01              0             11              2              2   1.538888e+01   4.437067e-01   7.852494e-01
        247000   1.717756e+00   5.690722e+01              0             10              2              2   1.521830e+01   4.559995e-01   7.906841e-01
        247500   1.701212e+00   5.939137e+01              0             10              2              2   1.527137e+01   4.536384e-01   7.903334e-01
        248000   1.707324e+00   5.887331e+01              0             10              2              2   1.496394e+01   4.845396e-01   7.638479e-01
        248500   1.702422e+00   5.982981e+01              0             11              2              3   1.498804e+01   5.078298e-01   7.408790e-01
        249000   1.704403e+00   6.081155e+01              0             11              2              4   1.507310e+01   5.095339e-01   7.440711e-01
        249500   1.673127e+00   6.320646e+01              0             11              2              3   1.507168e+01   4.984585e-01   7.499252e-01
        250000   1.720398e+00   6.273176e+01              0             12              2              3   1.508662e+01   4.756659e-01   7.689581e-01
        250500   1.709731e+00   6.506729e+01              0             11              2              3   1.517202e+01   5.008889e-01   7.489648e-01
        251000   1.719077e+00   6.471155e+01              0             11              2              2   1.538365e+01   5.015873e-01   7.487386e-01
        251500   1.740230e+00   6.570435e+01              0             11              2              2   1.550232e+01   4.971147e-01   7.579397e-01
        252000   1.720468e+00   6.668173e+01              0              9              2              1   1.515482e+01   4.988753e-01   7.463817e-01
        252500   1.768251e+00   6.761596e+01              0             10              2              2   1.523434e+01   5.117798e-01   7.495462e-01
        253000   1.785357e+00   6.859462e+01              0             11              2              3   1.519845e+01   5.045035e-01   7.624307e-01
        253500   1.786592e+00   6.955442e+01              0             11              2              2   1.527136e+01   5.243852e-01   7.496955e-01
        254000   1.819808e+00   6.902486e+01              0             10              2              2   1.528194e+01   5.155929e-01   7.533300e-01
        254500   1.847744e+00   6.484683e+01              0             10              2              2   1.515729e+01   5.388190e-01   7.385679e-01
        255000   1.892090e+00   6.582869e+01              0             11              2              2   1.511008e+01   5.232798e-01   7.403415e-01
        255500   1.932355e+00   4.319058e+01              0             10              2              2   1.528565e+01   5.095226e-01   7.556092e-01
        256000   1.939635e+00   5.803308e+01              0             10              2              2   1.500648e+01   5.347400e-01   7.390135e-01
        256500   1.942003e+00   4.513776e+01              0             13              2              2   1.523272e+01   5.301697e-01   7.345704e-01
        257000   1.957443e+00   4.612704e+01              0             11              2              2   1.520958e+01   5.425098e-01   7.234141e-01
        257500   1.933444e+00   6.085549e+01              0              7              2              2   1.527051e+01   5.432507e-01   7.234901e-01
        258000   1.984229e+00   3.205036e+01              0              7              2              1   1.553856e+01   5.416476e-01   7.311073e-01
        258500   2.030302e+00   3.303506e+01              0              8              2              2   1.544856e+01   5.471847e-01   7.315290e-01
        259000   2.059238e+00   1.970947e+01              0              8              2              1   1.510096e+01   5.300740e-01   7.341154e-01
        259500   2.082769e+00   2.069187e+01              0              5              2              1   1.521460e+01   5.373246e-01   7.330076e-01
        260000   2.083006e+00   2.166929e+01              0              7              2              2   1.529430e+01   5.154529e-01   7.465833e-01
        260500   2.077444e+00   2.265608e+01              0              7              2              1   1.542229e+01   5.269245e-01   7.526421e-01
        261000   2.113213e+00   1.341722e+01              0              7              2              1   1.568263e+01   5.033796e-01   7.797972e-01
        261500   2.098157e+00   1.440441e+01              0              7              2              1   1.558639e+01   4.881296e-01   7.870953e-01
        262000   2.112614e+00   1.539714e+01              0              7              2              1   1.561003e+01   4.838755e-01   7.876930e-01
        262500   2.101620e+00   1.638605e+01              0              7              2              1   1.547031e+01   5.086326e-01   7.789324e-01
        263000   2.159507e+00   1.026384e+01              0              7              2              2   1.585594e+01   5.047852e-01   7.955006e-01
        263500   2.144893e+00   1.123262e+01              0              8              2              1   1.566662e+01   5.133075e-01   7.816198e-01
        264000   2.144287e+00   1.930001e+01              0              6              2              1   1.524008e+01   5.208027e-01   7.659317e-01
        264500   2.145206e+00   2.024104e+01              0              7              2              2   1.530273e+01   5.056145e-01   7.751213e-01
        265000   2.124591e+00   2.123161e+01              0              8              2              1   1.556617e+01   5.021874e-01   7.885328e-01
        265500   2.106169e+00   2.222762e+01              0              9              2              1   1.591633e+01   5.086368e-01   7.865747e-01
        266000   2.141053e+00   2.321420e+01              0              8              2              0   1.539754e+01   5.029235e-01   7.834551e-01
        266500   2.159993e+00   1.680338e+01              0              7              2              0   1.558966e+01   5.241711e-01   7.852223e-01
        267000   2.172830e+00   1.779527e+01              0              9              2              1   1.561894e+01   5.068837e-01   7.830478e-01
        267500   2.199331e+00   1.214542e+01              0              7              2              1   1.552118e+01   5.259110e-01   7.831199e-01
        268000   2.190050e+00   1.306766e+01              0              7              2              1   1.561874e+01   5.508249e-01   7.671276e-01
        268500   2.214538e+00   1.404423e+01              0              8              2              1   1.555647e+01   5.298669e-01   7.764426e-01
        269000   2.247695e+00   1.502718e+01              0              7              1              1   1.554552e+01   5.435202e-01   7.586806e-01
        269500   2.255054e+00   1.004273e+01              0              8              1              1   1.526705e+01   5.277233e-01   7.745984e-01
        270000   2.252357e+00   1.101401e+01              0              9              1              0   1.547012e+01   5.062234e-01   7.844148e-01
        270500   2.242371e+00   1.197899e+01              0              8              1              1   1.568038e+01   5.243652e-01   7.808599e-01
        271000   2.262712e+00   1.295366e+01              0              9              2              1   1.543689e+01   5.051790e-01   7.925325e-01
        271500   2.269976e+00   1.394461e+01              0             10              2              1   1.547069e+01   5.059492e-01   8.129061e-01
        272000   2.292902e+00   1.493737e+01              0              8              2              1   1.545952e+01   4.997407e-01   7.932690e-01
        272500   2.316581e+00   1.044595e+01              0              8              1              0   1.536967e+01   5.099784e-01   7.908763e-01
        273000   2.371070e+00   6.816116e+00              0              7              1              1   1.545043e+01   5.069097e-01   7.863942e-01
        273500   2.361856e+00   7.809221e+00              0              8              2              1   1.556649e+01   4.897412e-01   7.984028e-01
        274000   2.381024e+00   8.800486e+00              0              7              2              1   1.523025e+01   4.759186e-01   8.029356e-01
        274500   2.400094e+00   6.181930e+00              0              6              2              1   1.552590e+01   5.029663e-01   8.017369e-01
        275000   2.382854e+00   1.076031e+01              0              8              2              1   1.524043e+01   4.937014e-01   7.925027e-01
        275500   2.338072e+00   1.172020e+01              0             10              2              1   1.568481e+01   4.963701e-01   8.235662e-01
        276000   2.313096e+00   1.668663e+01              0              7              2              1   1.545920e+01   4.869064e-01   8.143111e-01
        276500   2.289057e+00   2.146890e+01              0              7              2              1   1.577065e+01   4.768484e-01   8.199344e-01
        277000   2.279637e+00   2.246345e+01              0              8              2              1   1.548239e+01   4.822926e-01   8.093999e-01
        277500   2.313535e+00   1.947434e+01              0              8              2              1   1.554368e+01   4.949798e-01   8.002886e-01
        278000   2.308185e+00   2.046968e+01              0              7              2              2   1.553498e+01   5.145258e-01   7.833126e-01
        278500   2.344114e+00   2.145294e+01              0              6              2              1   1.549197e+01   5.025356e-01   7.997488e-01
        279000   2.367970e+00   1.743464e+01              0              7              2              1   1.538531e+01   5.019759e-01   8.023698e-01
        279500   2.354704e+00   1.842168e+01              0              6              2              1   1.561780e+01   4.764769e-01   7.990572e-01
        280000   2.388536e+00   1.940268e+01              0              5              2              1   1.549994e+01   4.690543e-01   8.173806e-01
        280500   2.379296e+00   2.038706e+01              0              7              2              1   1.567220e+01   4.588511e-01   8.285645e-01
        281000   2.375954e+00   2.138191e+01              0              6              2              1   1.524033e+01   4.394030e-01   8.255757e-01
        281500   2.375568e+00   2.237408e+01              0             10              2              2   1.584743e+01   4.438059e-01   8.567533e-01
        282000   2.392962e+00   2.335408e+01              0              9              2              0   1.572129e+01   4.581623e-01   8.467229e-01
        282500   2.410982e+00   1.808053e+01              0              8              2              1   1.571874e+01   4.643955e-01   8.395747e-01
        283000   2.465111e+00   1.221680e+01              0              8              2              1   1.591502e+01   4.517406e-01   8.585375e-01
        283500   2.465811e+00   1.320355e+01              0              8              2              1   1.578196e+01   4.710314e-01   8.242282e-01
        284000   2.434204e+00   2.085638e+01              0              9              2              1   1.602639e+01   4.788162e-01   8.359094e-01
        284500   2.465223e+00   1.514207e+01              0              8              2              1   1.591680e+01   4.944831e-01   8.153118e-01
        285000   2.474702e+00   1.613577e+01              0              8              1              1   1.600146e+01   4.809634e-01   8.299530e-01
        285500   2.462096e+00   1.712945e+01              0              7              2              1   1.585985e+01   4.698819e-01   8.159031e-01
        286000   2.476174e+00   1.812263e+01              0              8              2              1   1.562876e+01   4.750336e-01   8.243213e-01
        286500   2.477231e+00   1.911542e+01              0              8              2              1   1.548021e+01   4.810115e-01   8.083058e-01
        287000   2.442191e+00   2.009773e+01              0              8              2              1   1.578416e+01   4.821259e-01   8.166306e-01
        287500   2.381172e+00   3.111971e+01              0              8              2              0   1.557879e+01   4.647648e-01   8.302030e-01
        288000   2.401854e+00   3.208575e+01              0              8              2              1   1.587500e+01   4.867147e-01   8.210991e-01
        288500   2.408169e+00   2.915175e+01              0              8              2              1   1.574006e+01   4.846437e-01   8.115924e-01
        289000   2.445848e+00   3.012765e+01              0              8              2              1   1.603327e+01   4.908510e-01   8.187940e-01
        289500   2.472001e+00   2.436366e+01              0              8              2              0   1.603562e+01   4.863351e-01   8.174451e-01
        290000   2.507213e+00   1.720919e+01              0              8              2              1   1.552305e+01   4.754420e-01   8.147985e-01
        290500   2.528781e+00   1.820067e+01              0              8              2              1   1.547971e+01   4.734897e-01   8.218736e-01
        291000   2.527631e+00   1.919123e+01              0              8              2              2   1.540479e+01   4.871078e-01   8.046613e-01
        291500   2.559980e+00   1.253735e+01              0              7              2              1   1.581770e+01   4.877032e-01   8.292689e-01
        292000   2.583801e+00   1.352703e+01              0              8              2              1   1.574772e+01   4.860538e-01   8.400888e-01
        292500   2.597702e+00   8.430801e+00              0              5              2              1   1.568054e+01   4.890408e-01   8.213925e-01
        293000   2.588818e+00   1.544233e+01              0              4              2              1   1.560170e+01   4.780309e-01   8.212129e-01
        293500   2.583723e+00   1.640068e+01              0              4              2              1   1.565692e+01   4.659309e-01   8.117517e-01
