          step              r      E_metad_r      n_cont_CA   n_cont_heavy       n_saltbr        n_hbond           SASA           RMSD             Rg 
             0   4.798972e-01   0.000000e+00              4             53              2             10   1.215267e+01   0.000000e+00   7.208760e-01
           500   4.875250e-01   9.937273e-01              3             50              2              9   1.212672e+01   6.693225e-02   7.336600e-01
          1000   4.879396e-01   1.985896e+00              2             49              2             10   1.218425e+01   8.157105e-02   7.354150e-01
          1500   4.703079e-01   2.973053e+00              3             50              2              9   1.217271e+01   8.777977e-02   7.413529e-01
          2000   4.803124e-01   3.961841e+00              2             48              2              9   1.231600e+01   9.260295e-02   7.336310e-01
          2500   4.784443e-01   4.953057e+00              2             49              2             10   1.220817e+01   8.993533e-02   7.310845e-01
          3000   4.734820e-01   5.950908e+00              4             50              2             10   1.220984e+01   8.972486e-02   7.255049e-01
          3500   4.704991e-01   6.945792e+00              3             50              2             11   1.223741e+01   9.349409e-02   7.224082e-01
          4000   4.742089e-01   7.933010e+00              3             50              2             10   1.232795e+01   8.489347e-02   7.302609e-01
          4500   4.652591e-01   8.926760e+00              2             49              2              9   1.228804e+01   9.879916e-02   7.444868e-01
          5000   4.722646e-01   9.920297e+00              2             49              2              8   1.237418e+01   9.990389e-02   7.298987e-01
          5500   4.928497e-01   9.626709e+00              5             50              2              8   1.251859e+01   1.010406e-01   7.303632e-01
          6000   4.626913e-01   1.189586e+01              4             50              2              9   1.224718e+01   1.008374e-01   7.449323e-01
          6500   4.853965e-01   1.287402e+01              4             49              2              8   1.231127e+01   1.028066e-01   7.402597e-01
          7000   4.929433e-01   1.233788e+01              3             48              2              9   1.239047e+01   1.166032e-01   7.370243e-01
          7500   4.883073e-01   1.327034e+01              4             49              2             10   1.229745e+01   1.030445e-01   7.337994e-01
          8000   5.076178e-01   1.420802e+01              3             50              2             11   1.224834e+01   1.225769e-01   7.426693e-01
          8500   4.860758e-01   1.677799e+01              4             50              2              9   1.222880e+01   9.948332e-02   7.243738e-01
          9000   4.846155e-01   1.777597e+01              3             48              2             11   1.218227e+01   1.068303e-01   7.347024e-01
          9500   4.872078e-01   1.874667e+01              3             47              2              7   1.215676e+01   1.052658e-01   7.286370e-01
         10000   4.852633e-01   1.974170e+01              3             48              2              7   1.233275e+01   1.059253e-01   7.298462e-01
         10500   4.835020e-01   2.072293e+01              3             49              2             10   1.205565e+01   1.068559e-01   7.222564e-01
         11000   4.912217e-01   2.170554e+01              3             51              2             11   1.227907e+01   1.130459e-01   7.345214e-01
         11500   4.949970e-01   2.268431e+01              1             48              2              8   1.211143e+01   1.042661e-01   7.362197e-01
         12000   4.766915e-01   2.367458e+01              2             48              2             10   1.216998e+01   9.464201e-02   7.268418e-01
         12500   4.737769e-01   2.466256e+01              4             51              2              8   1.214166e+01   1.008553e-01   7.316051e-01
         13000   4.764593e-01   2.565396e+01              2             50              2              9   1.222682e+01   9.273330e-02   7.362955e-01
         13500   4.874260e-01   2.664898e+01              3             50              2              9   1.232765e+01   9.793512e-02   7.410325e-01
         14000   4.612065e-01   2.764363e+01              2             50              2             10   1.216491e+01   9.908056e-02   7.320898e-01
         14500   4.587099e-01   2.470104e+01              3             49              2              9   1.239548e+01   9.852751e-02   7.260206e-01
         15000   4.875550e-01   2.962478e+01              3             49              2             10   1.262363e+01   1.047477e-01   7.282288e-01
         15500   4.892223e-01   2.775728e+01              3             49              2              8   1.260701e+01   1.117715e-01   7.328752e-01
         16000   4.823279e-01   3.160378e+01              2             49              2             10   1.237054e+01   9.328914e-02   7.369198e-01
         16500   4.687665e-01   3.259391e+01              2             51              2             12   1.233171e+01   9.865884e-02   7.207102e-01
         17000   4.735500e-01   3.359254e+01              2             50              2              9   1.236247e+01   8.730042e-02   7.238482e-01
         17500   4.713159e-01   3.457773e+01              2             49              2             10   1.219915e+01   1.000836e-01   7.230695e-01
         18000   4.759411e-01   3.557243e+01              3             49              2             11   1.232337e+01   9.186101e-02   7.269577e-01
         18500   4.762449e-01   3.656427e+01              3             50              2             10   1.221330e+01   9.890004e-02   7.325333e-01
         19000   4.758707e-01   3.756109e+01              2             49              2             10   1.250507e+01   9.127448e-02   7.331413e-01
         19500   4.750986e-01   3.854168e+01              3             50              2              9   1.236627e+01   9.404472e-02   7.232016e-01
         20000   4.836152e-01   3.558897e+01              2             50              2              9   1.232662e+01   9.281266e-02   7.316558e-01
         20500   4.781641e-01   4.051696e+01              3             49              1             11   1.224655e+01   8.819392e-02   7.259760e-01
         21000   4.574049e-01   3.618546e+01              3             51              1             11   1.229924e+01   9.791837e-02   7.186897e-01
         21500   4.644628e-01   4.249818e+01              2             51              1              8   1.211559e+01   9.097594e-02   7.231377e-01
         22000   4.523535e-01   3.803457e+01              2             51              1             10   1.230181e+01   8.810396e-02   7.282544e-01
         22500   4.699528e-01   4.444816e+01              2             49              1              9   1.221501e+01   8.264329e-02   7.285863e-01
         23000   4.501766e-01   4.543007e+01              2             50              1             10   1.202535e+01   9.029218e-02   7.256080e-01
         23500   4.742183e-01   4.641798e+01              2             49              1             11   1.212246e+01   9.412047e-02   7.374062e-01
         24000   4.915627e-01   4.226896e+01              2             49              1              9   1.216255e+01   9.163817e-02   7.387316e-01
         24500   4.888674e-01   4.839625e+01              3             49              1             10   1.216082e+01   1.133657e-01   7.398333e-01
         25000   5.055944e-01   4.416193e+01              3             49              1              9   1.221171e+01   1.169205e-01   7.410580e-01
         25500   4.809110e-01   5.030461e+01              3             49              1             10   1.226276e+01   8.134964e-02   7.377521e-01
         26000   4.709712e-01   5.129845e+01              4             50              1             12   1.231728e+01   9.282527e-02   7.431731e-01
         26500   4.769489e-01   5.229555e+01              3             46              1              9   1.211021e+01   8.067844e-02   7.185616e-01
         27000   4.798923e-01   5.329200e+01              2             48              1              7   1.235442e+01   9.805122e-02   7.470496e-01
         27500   4.779787e-01   5.428854e+01              2             47              1             10   1.233528e+01   9.296720e-02   7.459647e-01
         28000   4.900627e-01   5.527035e+01              3             49              1              9   1.225099e+01   9.914065e-02   7.339110e-01
         28500   4.691671e-01   5.626011e+01              3             49              1             10   1.205363e+01   1.057273e-01   7.386792e-01
         29000   4.630982e-01   5.724873e+01              2             49              1              7   1.199190e+01   8.266070e-02   7.375604e-01
         29500   4.751185e-01   5.824425e+01              3             49              1              8   1.221951e+01   9.061735e-02   7.420839e-01
         30000   4.784740e-01   5.923877e+01              3             49              1              8   1.212892e+01   8.584867e-02   7.375926e-01
         30500   4.736352e-01   6.022713e+01              3             50              1              6   1.227542e+01   8.786283e-02   7.400526e-01
         31000   4.743329e-01   6.121856e+01              2             50              1              9   1.233495e+01   7.378692e-02   7.308348e-01
         31500   4.631462e-01   6.221327e+01              3             48              1              8   1.220251e+01   1.008516e-01   7.346722e-01
         32000   4.556296e-01   5.552062e+01              3             50              1             10   1.226221e+01   1.065605e-01   7.300836e-01
         32500   4.618724e-01   6.415932e+01              2             48              1             10   1.185847e+01   9.729614e-02   7.262368e-01
         33000   4.744448e-01   6.515750e+01              4             48              1              9   1.223816e+01   8.092982e-02   7.249730e-01
         33500   4.684942e-01   6.613911e+01              4             50              2             10   1.247933e+01   9.534231e-02   7.298860e-01
         34000   4.682953e-01   6.713648e+01              3             50              1              8   1.235680e+01   9.161772e-02   7.308497e-01
         34500   4.659668e-01   6.812993e+01              4             50              2             11   1.219445e+01   9.934801e-02   7.430829e-01
         35000   4.380794e-01   6.103063e+01              4             50              2              7   1.215107e+01   9.444309e-02   7.289751e-01
         35500   4.737628e-01   7.008512e+01              4             51              2              9   1.216426e+01   9.235871e-02   7.402738e-01
         36000   4.833310e-01   7.108137e+01              2             49              2              9   1.220310e+01   9.442857e-02   7.388230e-01
         36500   4.701625e-01   7.207720e+01              3             50              2             10   1.233195e+01   1.158556e-01   7.460342e-01
         37000   4.652687e-01   7.307044e+01              3             50              2              9   1.229893e+01   9.751738e-02   7.317657e-01
         37500   4.693805e-01   7.404796e+01              3             50              2              8   1.230095e+01   1.028495e-01   7.314682e-01
         38000   4.949239e-01   7.503207e+01              2             49              2             10   1.215614e+01   1.091241e-01   7.428908e-01
         38500   4.722581e-01   7.600387e+01              3             51              2             10   1.220923e+01   9.291499e-02   7.277094e-01
         39000   4.954726e-01   6.823432e+01              3             50              3              6   1.217764e+01   9.953847e-02   7.336599e-01
         39500   4.714994e-01   7.796578e+01              2             50              2              9   1.226794e+01   9.965304e-02   7.298428e-01
         40000   4.897270e-01   6.996290e+01              2             49              2              7   1.206907e+01   1.041454e-01   7.297198e-01
         40500   4.810458e-01   7.084315e+01              2             48              2              9   1.227584e+01   1.120526e-01   7.384230e-01
         41000   4.759064e-01   8.093023e+01              3             44              2              9   1.215788e+01   1.010876e-01   7.349788e-01
         41500   4.753941e-01   8.192617e+01              3             51              2              9   1.219905e+01   1.026763e-01   7.352684e-01
         42000   4.894583e-01   7.349021e+01              3             49              2              7   1.218893e+01   1.003307e-01   7.292760e-01
         42500   5.025361e-01   7.441448e+01              2             50              2              8   1.229755e+01   1.107036e-01   7.340365e-01
         43000   4.865474e-01   8.478109e+01              3             49              2             10   1.232751e+01   1.111732e-01   7.542072e-01
         43500   4.864898e-01   8.575645e+01              4             51              2              8   1.233289e+01   1.068822e-01   7.393557e-01
         44000   4.712501e-01   8.675297e+01              3             48              2             10   1.216886e+01   1.188437e-01   7.370650e-01
         44500   4.892728e-01   8.773724e+01              3             50              2              7   1.226134e+01   1.075483e-01   7.383531e-01
         45000   4.771551e-01   8.871182e+01              2             49              2              9   1.234988e+01   1.017932e-01   7.386285e-01
         45500   4.799650e-01   8.970975e+01              3             50              2              5   1.201836e+01   1.086219e-01   7.352742e-01
         46000   5.033547e-01   8.089655e+01              3             51              2              7   1.218279e+01   1.047416e-01   7.478227e-01
         46500   5.009126e-01   9.159190e+01              3             50              2              9   1.209771e+01   9.797713e-02   7.401729e-01
         47000   5.115515e-01   8.280944e+01              2             48              2             11   1.237040e+01   1.044207e-01   7.430910e-01
         47500   4.783029e-01   9.351442e+01              3             49              2             11   1.245482e+01   1.102401e-01   7.419735e-01
         48000   4.775992e-01   9.450936e+01              3             51              2             10   1.216749e+01   1.057466e-01   7.377747e-01
         48500   4.828378e-01   9.550444e+01              2             49              2              9   1.237287e+01   1.011207e-01   7.318532e-01
         49000   4.939024e-01   8.646205e+01              3             50              2              9   1.217487e+01   9.942108e-02   7.328917e-01
         49500   5.006569e-01   8.742879e+01              3             47              2              7   1.234765e+01   9.855773e-02   7.378664e-01
         50000   4.965795e-01   8.840609e+01              2             47              2              7   1.219835e+01   1.034102e-01   7.245147e-01
         50500   5.101925e-01   8.939883e+01              3             48              2              9   1.241904e+01   1.005542e-01   7.242780e-01
         51000   4.906215e-01   9.039208e+01              3             48              2              9   1.214278e+01   1.043460e-01   7.347804e-01
         51500   4.941164e-01   9.138585e+01              3             46              2             10   1.206762e+01   1.148504e-01   7.400562e-01
         52000   4.760741e-01   1.020167e+02              4             49              2              8   1.226630e+01   1.220637e-01   7.450343e-01
         52500   4.682651e-01   1.030130e+02              3             48              2              9   1.213453e+01   1.148329e-01   7.390192e-01
         53000   4.876897e-01   9.415816e+01              4             50              2              8   1.228568e+01   1.125817e-01   7.512759e-01
         53500   4.939242e-01   9.514060e+01              3             48              2             10   1.238917e+01   1.016264e-01   7.408899e-01
         54000   4.916931e-01   1.058433e+02              4             50              2              8   1.235680e+01   1.037755e-01   7.471878e-01
         54500   4.693849e-01   1.068379e+02              3             49              2              9   1.226051e+01   1.100752e-01   7.342569e-01
         55000   4.610176e-01   1.078333e+02              3             50              2             10   1.236453e+01   1.152625e-01   7.457195e-01
         55500   4.653648e-01   1.088236e+02              3             49              2             11   1.233778e+01   1.176236e-01   7.420421e-01
         56000   4.826921e-01   1.098138e+02              3             49              2              8   1.227645e+01   1.153513e-01   7.489188e-01
         56500   4.736285e-01   1.108109e+02              3             49              2              8   1.219901e+01   1.029601e-01   7.334805e-01
         57000   4.806149e-01   1.118095e+02              3             50              2              9   1.219220e+01   1.073885e-01   7.379009e-01
         57500   4.487226e-01   9.793781e+01              3             50              2             11   1.239127e+01   1.086804e-01   7.367422e-01
         58000   4.562942e-01   9.893247e+01              3             50              2             12   1.236296e+01   9.710439e-02   7.364167e-01
         58500   4.759138e-01   1.146207e+02              3             46              2              8   1.238746e+01   9.923343e-02   7.374239e-01
         59000   4.653327e-01   1.156063e+02              4             51              2              8   1.212432e+01   1.120427e-01   7.439949e-01
         59500   4.621446e-01   1.017021e+02              3             50              2             11   1.235628e+01   1.068115e-01   7.460107e-01
         60000   4.786251e-01   1.175332e+02              3             48              2             10   1.230268e+01   1.127011e-01   7.445373e-01
         60500   4.710899e-01   1.185273e+02              3             49              2              7   1.219461e+01   1.206672e-01   7.471546e-01
         61000   4.702289e-01   1.195246e+02              3             49              2              9   1.220818e+01   1.081332e-01   7.396391e-01
         61500   4.603327e-01   1.205064e+02              4             48              2              9   1.230980e+01   1.127967e-01   7.390499e-01
         62000   4.754152e-01   1.215017e+02              4             49              2              8   1.231121e+01   1.268017e-01   7.426045e-01
         62500   4.867229e-01   1.224991e+02              3             50              2              8   1.224471e+01   1.147359e-01   7.394283e-01
         63000   4.719662e-01   1.234974e+02              4             51              2              8   1.225798e+01   1.104397e-01   7.295115e-01
         63500   4.810037e-01   1.244949e+02              3             47              2              9   1.214426e+01   1.187186e-01   7.436973e-01
         64000   4.644981e-01   1.254894e+02              4             50              2              9   1.235036e+01   1.173624e-01   7.385778e-01
         64500   4.821495e-01   1.264799e+02              4             48              2             10   1.220918e+01   1.178390e-01   7.374612e-01
         65000   4.737564e-01   1.274723e+02              5             49              2             10   1.209581e+01   1.161432e-01   7.422973e-01
         65500   4.901329e-01   1.156135e+02              4             50              2              9   1.232978e+01   1.240293e-01   7.335830e-01
         66000   4.605582e-01   1.293908e+02              5             50              2              9   1.222737e+01   1.316283e-01   7.414518e-01
         66500   4.718362e-01   1.303835e+02              5             51              2              6   1.223789e+01   1.338048e-01   7.385431e-01
         67000   4.708154e-01   1.313799e+02              5             51              2              9   1.229880e+01   1.212890e-01   7.462725e-01
         67500   4.461668e-01   1.157101e+02              5             51              2             10   1.219215e+01   1.316777e-01   7.333511e-01
         68000   4.392112e-01   1.167017e+02              4             51              2             11   1.224067e+01   1.214205e-01   7.435935e-01
         68500   4.450288e-01   1.177005e+02              4             51              2             11   1.240285e+01   1.416759e-01   7.336787e-01
         69000   4.729042e-01   1.350421e+02              3             50              2             12   1.234364e+01   1.337858e-01   7.395986e-01
         69500   4.504540e-01   1.195689e+02              4             51              2             11   1.221203e+01   1.289976e-01   7.364064e-01
         70000   4.536216e-01   1.205634e+02              3             48              2             10   1.231765e+01   1.338148e-01   7.392018e-01
         70500   4.550028e-01   1.215284e+02              4             50              2             11   1.243800e+01   1.332437e-01   7.382511e-01
         71000   4.651793e-01   1.387671e+02              3             50              2             13   1.222963e+01   1.279461e-01   7.348283e-01
         71500   4.510411e-01   1.234471e+02              2             50              2             11   1.237569e+01   1.299966e-01   7.400218e-01
         72000   4.498650e-01   1.244442e+02              3             48              2             12   1.236905e+01   1.311011e-01   7.341764e-01
         72500   4.669348e-01   1.415276e+02              4             51              2              8   1.226253e+01   1.240771e-01   7.329290e-01
         73000   4.412197e-01   1.263666e+02              4             50              2              9   1.212089e+01   1.302696e-01   7.286088e-01
         73500   4.587270e-01   1.273626e+02              4             51              2             10   1.229451e+01   1.283944e-01   7.440227e-01
         74000   4.469485e-01   1.283604e+02              2             50              2             10   1.226276e+01   1.257393e-01   7.292649e-01
         74500   4.340041e-01   9.096003e+01              5             50              2              8   1.208704e+01   1.302232e-01   7.320692e-01
         75000   4.556630e-01   1.303466e+02              4             51              2             10   1.246680e+01   1.193374e-01   7.393803e-01
         75500   4.517024e-01   1.313434e+02              3             49              2              8   1.235762e+01   1.275841e-01   7.360448e-01
         76000   4.340919e-01   1.323250e+02              4             51              2              9   1.224494e+01   1.320375e-01   7.376805e-01
         76500   4.715815e-01   1.485220e+02              4             51              2              9   1.243330e+01   1.199538e-01   7.287174e-01
         77000   4.433271e-01   1.342344e+02              4             50              2             10   1.248957e+01   1.333252e-01   7.372046e-01
         77500   4.498847e-01   1.352245e+02              4             50              2              9   1.231463e+01   1.210067e-01   7.354161e-01
         78000   4.609540e-01   1.512066e+02              4             51              2              9   1.209619e+01   1.216908e-01   7.290669e-01
         78500   4.408908e-01   1.371894e+02              4             51              2              8   1.226203e+01   1.393970e-01   7.441454e-01
         79000   4.652759e-01   1.529451e+02              4             50              2              9   1.222115e+01   1.224777e-01   7.433116e-01
         79500   4.821933e-01   1.539014e+02              3             50              2             10   1.227034e+01   1.124493e-01   7.415450e-01
         80000   4.644009e-01   1.548940e+02              4             50              2              8   1.231845e+01   1.148073e-01   7.372726e-01
         80500   4.885854e-01   1.558857e+02              3             48              1             11   1.239971e+01   1.235289e-01   7.328767e-01
         81000   5.191241e-01   1.375472e+02              3             49              1              9   1.225007e+01   1.196306e-01   7.367912e-01
         81500   4.954822e-01   1.385351e+02              3             48              2              6   1.223655e+01   1.134743e-01   7.408364e-01
         82000   5.022792e-01   1.395297e+02              3             49              1              8   1.217413e+01   1.241846e-01   7.480503e-01
         82500   5.067323e-01   1.405193e+02              3             48              2              7   1.234047e+01   1.215607e-01   7.412747e-01
         83000   5.223760e-01   9.923608e+01              3             46              2              9   1.237711e+01   1.297183e-01   7.473367e-01
         83500   5.384470e-01   1.002148e+02              3             48              2              9   1.233167e+01   1.178498e-01   7.406817e-01
         84000   5.356384e-01   1.012022e+02              3             48              2              8   1.244191e+01   1.199669e-01   7.550951e-01
         84500   5.432255e-01   1.021997e+02              3             47              2              8   1.242196e+01   1.315325e-01   7.438086e-01
         85000   5.336198e-01   1.031844e+02              3             47              3              8   1.237320e+01   1.234720e-01   7.419435e-01
         85500   5.436014e-01   1.041814e+02              4             47              2              6   1.232871e+01   1.301013e-01   7.544023e-01
         86000   5.713641e-01   6.061832e+01              2             42              2              4   1.261853e+01   1.483647e-01   7.553283e-01
         86500   5.499863e-01   1.061387e+02              3             48              2              6   1.226849e+01   1.353333e-01   7.448523e-01
         87000   5.589861e-01   1.071155e+02              3             47              2              6   1.253082e+01   1.515823e-01   7.618353e-01
         87500   5.669814e-01   1.081066e+02              3             46              2              4   1.230458e+01   1.543548e-01   7.629515e-01
         88000   5.739581e-01   6.440942e+01              2             46              2              6   1.227600e+01   1.579199e-01   7.539324e-01
         88500   6.005929e-01   6.540226e+01              1             38              2              5   1.246614e+01   1.974347e-01   7.744865e-01
         89000   5.970202e-01   6.639267e+01              2             43              2              5   1.238327e+01   2.064878e-01   7.540320e-01
         89500   6.004415e-01   3.384256e+01              2             41              2              3   1.255541e+01   1.759487e-01   7.584258e-01
         90000   6.077398e-01   6.833938e+01              3             45              2              5   1.250040e+01   1.721256e-01   7.546545e-01
         90500   5.834324e-01   6.933294e+01              2             43              2              6   1.272883e+01   2.007188e-01   7.642369e-01
         91000   6.132573e-01   7.032109e+01              2             44              2              4   1.271221e+01   1.869653e-01   7.674436e-01
         91500   6.014896e-01   7.131325e+01              3             44              2              5   1.260524e+01   1.736837e-01   7.610836e-01
         92000   6.133465e-01   7.230329e+01              3             47              2              6   1.273389e+01   1.895395e-01   7.688644e-01
         92500   6.456157e-01   3.941670e+01              2             44              2              6   1.274805e+01   2.181423e-01   7.724591e-01
         93000   6.374992e-01   4.040493e+01              2             43              2              5   1.270524e+01   2.146323e-01   7.542411e-01
         93500   6.339577e-01   4.138339e+01              3             45              2              7   1.275474e+01   2.310259e-01   7.731446e-01
         94000   6.151455e-01   4.233572e+01              2             39              2              4   1.258088e+01   2.004069e-01   7.703444e-01
         94500   6.355547e-01   4.331874e+01              2             38              2              4   1.273904e+01   2.201250e-01   7.685333e-01
         95000   6.346059e-01   4.429186e+01              2             41              2              6   1.272765e+01   2.290675e-01   7.647287e-01
         95500   6.459010e-01   4.528224e+01              2             38              2              5   1.272803e+01   2.319180e-01   7.674454e-01
         96000   6.768925e-01   4.626662e+01              1             37              2              4   1.270832e+01   2.168674e-01   7.556173e-01
         96500   6.542627e-01   4.726065e+01              2             37              2              7   1.276025e+01   2.362968e-01   7.617328e-01
         97000   6.561094e-01   4.825089e+01              2             35              2              6   1.272318e+01   2.423474e-01   7.733259e-01
         97500   6.771824e-01   4.924265e+01              1             39              2              5   1.282797e+01   2.310930e-01   7.621507e-01
         98000   6.772875e-01   2.785391e+01              1             36              2              5   1.302283e+01   2.435942e-01   7.620419e-01
         98500   6.262603e-01   8.398213e+01              2             42              2              7   1.263590e+01   2.408334e-01   7.532227e-01
         99000   6.451902e-01   5.219573e+01              3             42              2              8   1.272358e+01   2.525852e-01   7.611287e-01
         99500   6.311094e-01   8.586016e+01              2             43              2              7   1.280458e+01   2.251082e-01   7.506708e-01
        100000   6.383791e-01   5.415924e+01              2             37              2              3   1.280482e+01   2.338730e-01   7.469738e-01
        100500   6.618236e-01   5.514397e+01              2             38              2              5   1.287391e+01   2.389374e-01   7.568816e-01
        101000   6.434377e-01   5.613186e+01              3             40              2              6   1.264392e+01   2.318945e-01   7.597159e-01
        101500   6.445612e-01   5.712024e+01              2             43              2              6   1.283961e+01   2.292465e-01   7.532595e-01
        102000   6.284477e-01   5.809508e+01              2             42              2              3   1.275551e+01   2.195600e-01   7.595100e-01
        102500   6.574256e-01   5.908278e+01              0             36              2              7   1.263385e+01   2.026662e-01   7.564605e-01
        103000   6.439074e-01   6.008089e+01              2             33              2              6   1.269792e+01   2.219743e-01   7.544922e-01
        103500   6.496007e-01   6.107658e+01              2             40              2              7   1.278915e+01   2.295008e-01   7.475732e-01
        104000   6.455959e-01   6.206143e+01              2             39              2              4   1.277986e+01   2.387515e-01   7.654032e-01
        104500   6.767831e-01   6.304969e+01              2             36              2              4   1.279912e+01   2.392242e-01   7.662783e-01
        105000   6.590597e-01   6.403564e+01              1             40              2              4   1.256999e+01   2.362735e-01   7.537090e-01
        105500   6.884271e-01   4.065333e+01              1             35              2              6   1.275501e+01   2.297134e-01   7.459269e-01
        106000   6.797177e-01   6.597554e+01              1             42              2              5   1.251883e+01   2.525750e-01   7.325129e-01
        106500   6.636808e-01   6.695914e+01              1             37              2              6   1.237946e+01   2.270996e-01   7.360767e-01
        107000   6.538472e-01   6.794241e+01              2             36              2              5   1.245016e+01   2.256998e-01   7.216275e-01
        107500   6.696430e-01   6.893237e+01              0             40              2              7   1.255448e+01   2.260940e-01   7.267485e-01
        108000   6.577896e-01   6.991828e+01              2             37              2              8   1.257772e+01   2.321950e-01   7.335660e-01
        108500   6.655927e-01   7.091367e+01              1             38              2              7   1.270683e+01   2.196124e-01   7.362123e-01
        109000   6.492983e-01   7.190836e+01              3             41              2              7   1.296848e+01   2.457611e-01   7.496163e-01
        109500   6.728661e-01   7.290226e+01              2             36              2              3   1.292027e+01   2.393337e-01   7.478602e-01
        110000   6.790201e-01   7.388441e+01              1             39              2              8   1.265768e+01   2.313493e-01   7.405434e-01
        110500   6.789819e-01   4.993793e+01              2             38              2              5   1.280527e+01   2.619010e-01   7.532107e-01
        111000   7.084783e-01   5.093297e+01              2             37              2              6   1.280726e+01   2.632901e-01   7.463135e-01
        111500   7.007555e-01   5.192268e+01              2             35              2              6   1.264827e+01   2.554920e-01   7.526894e-01
        112000   6.882636e-01   5.291213e+01              2             34              2              8   1.253620e+01   2.463828e-01   7.419299e-01
        112500   6.712202e-01   7.857176e+01              1             35              2              7   1.267909e+01   2.560407e-01   7.437381e-01
        113000   6.754734e-01   7.954333e+01              1             35              2              7   1.275465e+01   2.565581e-01   7.525669e-01
        113500   6.654944e-01   8.052766e+01              2             36              2              7   1.268012e+01   2.470611e-01   7.414120e-01
        114000   6.567476e-01   8.151665e+01              2             38              2              8   1.263433e+01   2.630235e-01   7.486509e-01
        114500   6.672646e-01   8.249162e+01              1             36              2              8   1.264705e+01   2.647494e-01   7.588780e-01
        115000   6.756611e-01   8.347193e+01              2             40              2              5   1.281998e+01   2.663788e-01   7.773251e-01
        115500   6.822940e-01   8.442595e+01              2             38              2              8   1.261993e+01   2.723738e-01   7.651577e-01
        116000   6.992608e-01   6.050749e+01              2             38              2              5   1.262207e+01   2.727064e-01   7.483232e-01
        116500   7.028746e-01   6.149454e+01              3             37              2              4   1.261870e+01   2.789791e-01   7.598277e-01
        117000   6.602236e-01   8.720829e+01              3             39              1              6   1.268532e+01   2.549035e-01   7.500966e-01
        117500   6.732985e-01   8.814198e+01              1             35              1              6   1.291310e+01   2.685760e-01   7.595960e-01
        118000   6.897286e-01   6.436721e+01              1             35              1              6   1.294796e+01   2.683466e-01   7.670319e-01
        118500   6.975125e-01   6.535862e+01              1             38              1              3   1.274873e+01   2.549464e-01   7.419898e-01
        119000   6.884959e-01   6.635250e+01              1             37              1              6   1.281549e+01   2.666845e-01   7.503472e-01
        119500   6.689042e-01   9.188967e+01              1             37              1              7   1.269705e+01   2.710720e-01   7.461352e-01
        120000   6.856032e-01   6.828421e+01              1             37              1              3   1.266170e+01   2.610410e-01   7.630888e-01
        120500   6.830108e-01   9.382014e+01              2             36              1              5   1.283867e+01   2.414041e-01   7.549609e-01
        121000   7.234345e-01   7.024457e+01              1             33              1              6   1.271547e+01   2.636608e-01   7.623330e-01
        121500   7.220530e-01   7.121157e+01              1             34              1              6   1.299675e+01   2.636592e-01   7.709971e-01
        122000   6.783955e-01   7.219539e+01              1             36              1              8   1.285273e+01   2.577690e-01   7.516864e-01
        122500   7.157750e-01   7.318381e+01              1             36              1              6   1.282814e+01   2.453012e-01   7.626268e-01
        123000   7.133810e-01   7.417107e+01              1             35              1              8   1.283163e+01   2.486827e-01   7.587561e-01
        123500   7.093631e-01   7.515585e+01              1             33              1              6   1.309231e+01   2.598107e-01   7.724693e-01
        124000   7.092932e-01   7.615012e+01              1             37              2              4   1.277293e+01   2.773515e-01   7.762458e-01
        124500   6.792567e-01   1.007058e+02              2             37              2              8   1.279812e+01   3.155857e-01   7.673306e-01
        125000   7.244835e-01   7.812737e+01              1             34              2              6   1.269348e+01   3.288838e-01   7.652125e-01
        125500   6.934127e-01   7.911232e+01              1             35              2              7   1.263481e+01   3.433003e-01   7.596435e-01
        126000   7.473956e-01   5.474988e+01              1             34              2              4   1.287507e+01   3.397220e-01   7.678573e-01
        126500   7.655409e-01   5.574205e+01              1             32              2              5   1.279133e+01   3.706812e-01   7.623401e-01
        127000   7.696195e-01   3.314599e+01              1             34              2              4   1.280759e+01   3.838305e-01   7.579413e-01
        127500   7.452117e-01   5.772246e+01              1             34              2              6   1.277926e+01   3.976058e-01   7.438614e-01
        128000   7.605975e-01   5.870746e+01              1             33              2              5   1.273802e+01   3.906135e-01   7.522057e-01
        128500   7.561978e-01   5.969969e+01              1             36              2              5   1.276189e+01   3.932707e-01   7.488587e-01
        129000   7.526497e-01   6.068670e+01              1             36              2              4   1.261959e+01   3.819024e-01   7.496146e-01
        129500   7.668349e-01   6.168023e+01              1             34              2              5   1.256704e+01   3.785316e-01   7.394454e-01
        130000   7.649420e-01   6.267465e+01              1             35              2              3   1.258169e+01   3.952810e-01   7.486621e-01
        130500   7.740887e-01   6.366526e+01              1             31              2              4   1.263583e+01   4.024051e-01   7.337205e-01
        131000   7.852754e-01   6.465092e+01              1             33              2              3   1.293416e+01   3.980872e-01   7.373088e-01
        131500   7.298048e-01   8.933875e+01              1             34              2              6   1.279563e+01   4.065756e-01   7.289305e-01
        132000   7.472907e-01   6.657408e+01              1             31              2              5   1.260376e+01   3.853377e-01   7.228176e-01
        132500   7.773356e-01   6.756677e+01              0             30              2              6   1.250641e+01   3.878888e-01   7.255263e-01
        133000   7.790152e-01   4.384794e+01              1             32              1              3   1.272781e+01   3.877335e-01   7.290712e-01
        133500   7.777043e-01   6.953106e+01              1             34              2              5   1.256796e+01   3.898988e-01   7.132587e-01
        134000   7.796257e-01   7.048963e+01              1             29              2              6   1.269834e+01   3.988275e-01   7.326801e-01
        134500   7.602142e-01   7.146837e+01              1             29              2              3   1.250789e+01   3.891749e-01   7.230787e-01
        135000   7.923292e-01   4.764954e+01              1             30              2              5   1.251823e+01   3.988735e-01   7.181495e-01
        135500   7.856920e-01   4.862272e+01              1             31              2              4   1.248290e+01   4.036593e-01   7.266652e-01
        136000   7.642945e-01   7.431898e+01              1             27              2              4   1.259531e+01   4.082311e-01   7.196292e-01
        136500   7.754898e-01   7.531309e+01              0             27              2              4   1.260265e+01   3.979674e-01   7.241737e-01
        137000   7.833439e-01   7.625677e+01              1             30              2              5   1.265626e+01   3.853762e-01   7.287042e-01
        137500   7.765493e-01   7.724538e+01              1             31              2              6   1.259609e+01   4.210881e-01   7.178588e-01
        138000   8.091264e-01   5.334880e+01              1             27              1              2   1.238914e+01   4.133048e-01   7.064565e-01
        138500   7.720854e-01   7.915822e+01              1             28              1              3   1.246401e+01   3.896342e-01   7.182548e-01
        139000   8.114838e-01   5.528571e+01              1             28              1              2   1.231792e+01   3.830593e-01   7.161533e-01
        139500   8.434274e-01   3.339392e+01              0             26              1              2   1.243671e+01   3.968186e-01   7.140094e-01
        140000   8.323003e-01   5.723822e+01              0             26              1              2   1.240570e+01   3.855323e-01   7.175224e-01
        140500   7.973074e-01   5.822932e+01              1             29              1              3   1.240735e+01   3.784954e-01   7.170489e-01
        141000   8.180713e-01   5.921569e+01              0             29              1              3   1.231871e+01   3.605888e-01   7.227110e-01
        141500   8.165182e-01   6.017824e+01              1             30              1              2   1.251034e+01   3.729431e-01   7.416315e-01
        142000   8.400201e-01   3.806590e+01              1             27              1              3   1.268994e+01   3.529079e-01   7.408535e-01
        142500   8.382092e-01   6.208858e+01              1             28              1              4   1.268897e+01   3.748412e-01   7.501562e-01
        143000   8.360106e-01   6.300807e+01              2             29              1              5   1.258358e+01   3.762554e-01   7.474748e-01
        143500   8.673873e-01   4.102923e+01              2             28              1              3   1.247229e+01   3.607625e-01   7.557749e-01
        144000   8.662028e-01   4.202307e+01              2             27              1              4   1.248334e+01   3.852476e-01   7.484995e-01
        144500   8.398954e-01   4.301065e+01              1             30              1              4   1.249566e+01   3.941732e-01   7.364766e-01
        145000   8.619707e-01   4.399849e+01              1             29              1              3   1.258232e+01   3.873854e-01   7.360854e-01
        145500   8.683810e-01   4.499337e+01              2             27              1              3   1.255359e+01   3.814920e-01   7.414843e-01
        146000   8.666118e-01   4.592794e+01              1             29              1              4   1.259883e+01   3.681798e-01   7.476887e-01
        146500   8.908624e-01   2.813368e+01              0             25              1              2   1.263867e+01   3.683417e-01   7.371584e-01
        147000   9.133899e-01   2.908380e+01              0             23              1              1   1.266969e+01   3.574127e-01   7.401433e-01
        147500   9.072681e-01   3.007852e+01              0             25              1              3   1.270894e+01   3.702563e-01   7.451878e-01
        148000   8.902614e-01   3.107212e+01              0             26              1              4   1.277973e+01   3.574544e-01   7.509143e-01
        148500   9.184303e-01   3.203695e+01              0             24              1              3   1.286675e+01   3.617257e-01   7.612359e-01
        149000   9.389177e-01   3.302558e+01              1             24              1              2   1.268467e+01   3.618583e-01   7.569277e-01
        149500   9.457818e-01   3.400273e+01              1             25              1              1   1.274284e+01   3.672411e-01   7.583339e-01
        150000   9.438408e-01   2.067869e+01              0             27              1              4   1.254157e+01   3.974312e-01   7.449769e-01
        150500   9.514924e-01   2.165231e+01              0             25              1              3   1.259994e+01   3.995899e-01   7.329744e-01
        151000   9.751167e-01   2.263706e+01              0             23              1              3   1.259431e+01   4.183542e-01   7.342494e-01
        151500   9.881427e-01   2.362518e+01              0             22              1              2   1.259474e+01   3.860091e-01   7.344064e-01
        152000   1.021259e+00   1.421774e+01              0             19              1              3   1.249618e+01   3.798662e-01   7.357380e-01
        152500   1.002658e+00   1.520301e+01              0             20              1              2   1.268108e+01   3.822675e-01   7.407520e-01
        153000   1.002767e+00   1.616978e+01              0             22              1              2   1.275853e+01   3.864605e-01   7.436997e-01
        153500   1.022738e+00   1.716614e+01              0             21              1              4   1.263677e+01   3.801224e-01   7.471029e-01
        154000   1.052684e+00   1.077374e+01              0             18              1              3   1.257157e+01   3.856689e-01   7.512412e-01
        154500   1.019400e+00   1.911409e+01              0             19              1              2   1.261432e+01   3.869598e-01   7.428004e-01
        155000   1.041227e+00   2.010520e+01              0             19              1              3   1.224124e+01   3.660751e-01   7.364256e-01
        155500   1.031762e+00   1.353914e+01              0             19              1              3   1.267336e+01   3.594035e-01   7.509026e-01
        156000   1.050360e+00   1.447332e+01              0             17              1              1   1.258744e+01   3.754863e-01   7.354464e-01
        156500   9.997508e-01   2.306577e+01              0             21              1              3   1.251471e+01   3.968593e-01   7.319171e-01
        157000   1.037337e+00   2.405553e+01              0             19              1              2   1.280327e+01   4.089713e-01   7.450583e-01
        157500   1.045565e+00   1.722462e+01              0             21              1              3   1.275391e+01   3.974433e-01   7.533010e-01
        158000   9.926987e-01   2.597948e+01              0             23              1              2   1.250997e+01   3.905659e-01   7.370215e-01
        158500   9.516974e-01   3.555837e+01              0             22              1              3   1.266845e+01   3.921207e-01   7.394523e-01
        159000   9.892580e-01   3.654194e+01              1             23              1              3   1.279794e+01   3.703314e-01   7.362157e-01
        159500   9.840445e-01   3.751317e+01              0             21              1              3   1.264387e+01   3.833823e-01   7.329608e-01
        160000   9.886093e-01   3.848920e+01              0             21              1              3   1.252769e+01   3.915626e-01   7.362373e-01
        160500   9.977325e-01   3.062647e+01              0             21              1              2   1.273707e+01   3.857489e-01   7.388116e-01
        161000   9.833557e-01   4.042524e+01              1             21              1              5   1.270589e+01   3.815778e-01   7.331189e-01
        161500   9.808377e-01   4.142161e+01              1             20              1              4   1.274715e+01   3.794821e-01   7.344472e-01
        162000   9.701594e-01   4.239227e+01              0             18              1              2   1.259695e+01   3.917268e-01   7.177281e-01
        162500   9.475525e-01   4.338273e+01              0             22              1              3   1.274020e+01   3.903026e-01   7.277519e-01
        163000   9.996863e-01   3.520310e+01              0             19              1              1   1.276231e+01   3.880694e-01   7.323423e-01
        163500   1.015320e+00   3.619301e+01              1             20              1              5   1.281930e+01   3.754123e-01   7.407138e-01
        164000   1.016944e+00   3.718980e+01              0             19              1              3   1.276880e+01   3.874788e-01   7.317878e-01
        164500   9.975945e-01   3.818143e+01              0             22              1              4   1.257819e+01   4.034060e-01   7.163341e-01
        165000   1.003168e+00   4.799877e+01              1             20              1              3   1.271294e+01   4.120949e-01   7.231172e-01
        165500   1.043192e+00   4.013919e+01              0             19              1              3   1.268196e+01   4.014163e-01   7.260331e-01
        166000   1.033311e+00   4.111964e+01              0             17              1              2   1.250815e+01   3.961762e-01   7.206269e-01
        166500   1.038898e+00   3.104941e+01              0             17              1              2   1.252120e+01   4.002519e-01   7.252116e-01
        167000   1.032975e+00   4.309363e+01              0             16              1              2   1.228415e+01   3.800061e-01   7.216057e-01
        167500   1.002420e+00   4.406290e+01              1             19              1              1   1.240544e+01   3.902879e-01   7.280790e-01
        168000   1.001764e+00   4.504534e+01              0             20              1              2   1.233931e+01   3.938929e-01   7.423836e-01
        168500   9.967638e-01   4.601463e+01              0             17              1              3   1.246117e+01   3.896817e-01   7.351928e-01
        169000   1.030812e+00   4.701104e+01              0             20              1              4   1.252581e+01   4.057202e-01   7.383263e-01
        169500   1.046636e+00   4.798402e+01              0             18              1              3   1.248644e+01   3.860646e-01   7.265079e-01
        170000   1.063525e+00   3.730179e+01              0             19              1              2   1.254630e+01   3.982015e-01   7.233326e-01
        170500   1.092676e+00   2.476050e+01              0             18              1              3   1.253947e+01   3.840193e-01   7.485056e-01
        171000   1.057240e+00   3.925716e+01              0             19              1              2   1.242395e+01   3.951683e-01   7.365738e-01
        171500   1.060183e+00   4.025586e+01              1             17              1              3   1.248961e+01   3.836001e-01   7.469279e-01
        172000   1.101989e+00   2.744643e+01              1             16              1              2   1.238316e+01   3.586675e-01   7.421341e-01
        172500   1.064169e+00   4.217204e+01              0             18              1              2   1.243378e+01   3.677708e-01   7.435358e-01
        173000   1.089650e+00   2.930369e+01              1             18              1              3   1.253376e+01   3.768228e-01   7.441476e-01
        173500   1.086408e+00   4.415217e+01              1             14              1              2   1.253592e+01   3.709422e-01   7.386058e-01
        174000   1.153152e+00   1.801808e+01              0             17              1              3   1.259123e+01   3.637882e-01   7.519313e-01
        174500   1.182935e+00   9.494742e+00              0             16              1              2   1.254884e+01   3.674485e-01   7.595327e-01
        175000   1.153954e+00   1.999496e+01              1             16              1              2   1.240570e+01   3.718791e-01   7.621870e-01
        175500   1.126508e+00   3.385654e+01              0             17              1              3   1.227341e+01   3.579939e-01   7.487810e-01
        176000   1.157917e+00   2.192605e+01              0             14              1              2   1.244329e+01   3.521850e-01   7.533712e-01
        176500   1.140465e+00   3.570255e+01              0             15              1              1   1.248510e+01   3.534716e-01   7.419848e-01
        177000   1.172332e+00   2.388892e+01              1             15              1              2   1.259549e+01   3.473475e-01   7.601069e-01
        177500   1.218439e+00   1.452270e+01              0             14              1              2   1.250732e+01   3.155484e-01   7.614086e-01
        178000   1.204159e+00   2.572457e+01              0             12              1              2   1.244329e+01   3.281233e-01   7.484481e-01
        178500   1.219323e+00   1.649731e+01              0             13              1              2   1.267119e+01   3.321905e-01   7.598606e-01
        179000   1.205141e+00   1.749295e+01              0             12              1              2   1.252664e+01   3.199797e-01   7.610007e-01
        179500   1.213848e+00   1.848310e+01              0             13              1              1   1.245497e+01   3.238597e-01   7.705488e-01
        180000   1.202533e+00   1.947256e+01              0             14              1              2   1.236053e+01   3.340848e-01   7.655695e-01
        180500   1.208902e+00   2.046038e+01              0             15              1              1   1.246114e+01   3.394814e-01   7.732608e-01
        181000   1.182710e+00   3.122816e+01              0             14              1              2   1.253245e+01   3.229519e-01   7.672512e-01
        181500   1.137707e+00   3.221682e+01              0             19              1              1   1.274295e+01   3.198569e-01   7.775747e-01
        182000   1.140346e+00   4.382154e+01              0             19              1              2   1.248096e+01   3.333983e-01   7.623280e-01
        182500   1.186308e+00   3.417033e+01              0             16              1              2   1.263400e+01   3.348201e-01   7.777064e-01
        183000   1.212248e+00   2.493055e+01              0             14              1              2   1.259233e+01   3.382280e-01   7.774545e-01
        183500   1.231788e+00   2.592652e+01              0             17              1              1   1.263710e+01   3.260053e-01   7.745703e-01
        184000   1.235575e+00   2.691681e+01              0             12              1              1   1.257916e+01   3.360747e-01   7.616302e-01
        184500   1.241263e+00   2.788090e+01              0             11              1              1   1.245021e+01   3.452083e-01   7.700418e-01
        185000   1.229107e+00   2.883309e+01              0             14              1              1   1.260407e+01   3.546576e-01   7.627618e-01
        185500   1.262763e+00   2.047079e+01              0             10              1              1   1.247150e+01   3.264031e-01   7.560668e-01
        186000   1.265178e+00   2.146427e+01              0             13              1              1   1.253464e+01   3.509519e-01   7.631692e-01
        186500   1.253603e+00   2.244207e+01              0             13              1              2   1.215024e+01   3.468035e-01   7.455913e-01
        187000   1.214432e+00   3.258773e+01              0             13              1              2   1.195435e+01   3.649511e-01   7.370046e-01
        187500   1.235060e+00   3.357008e+01              0             13              1              2   1.229823e+01   3.911995e-01   7.400634e-01
        188000   1.280782e+00   2.526443e+01              0             10              1              1   1.238552e+01   3.831377e-01   7.561781e-01
        188500   1.251489e+00   2.624681e+01              0             15              1              2   1.233274e+01   3.731525e-01   7.633023e-01
        189000   1.283553e+00   2.723032e+01              0             13              1              1   1.272595e+01   3.566174e-01   7.736250e-01
        189500   1.301706e+00   1.864280e+01              0             10              1              2   1.262164e+01   3.530287e-01   7.647432e-01
        190000   1.252252e+00   2.917187e+01              0             17              1              1   1.247394e+01   3.784609e-01   7.583558e-01
        190500   1.258394e+00   3.015363e+01              0             17              1              1   1.242870e+01   3.835442e-01   7.583408e-01
        191000   1.261042e+00   3.114741e+01              0             13              1              3   1.245241e+01   3.802118e-01   7.560247e-01
        191500   1.240967e+00   4.061165e+01              0             15              1              3   1.249276e+01   3.771502e-01   7.522815e-01
        192000   1.266698e+00   3.310544e+01              0             14              1              2   1.230998e+01   3.756515e-01   7.538627e-01
        192500   1.259561e+00   3.409918e+01              0             14              1              1   1.203984e+01   3.567451e-01   7.515944e-01
        193000   1.262603e+00   3.509563e+01              0             13              1              2   1.248341e+01   3.698656e-01   7.542789e-01
        193500   1.265737e+00   3.607265e+01              0             14              1              1   1.255821e+01   3.690685e-01   7.597032e-01
        194000   1.246146e+00   4.526121e+01              0             14              1              2   1.228567e+01   3.643202e-01   7.421630e-01
        194500   1.282546e+00   3.803360e+01              0             11              1              1   1.250934e+01   3.621002e-01   7.545697e-01
        195000   1.310834e+00   2.798083e+01              0             11              1              2   1.231904e+01   3.570552e-01   7.556145e-01
        195500   1.310376e+00   2.897627e+01              0             11              1              1   1.255771e+01   3.640098e-01   7.533267e-01
        196000   1.404415e+00   9.529625e+00              0             10              1              1   1.237953e+01   3.584318e-01   7.653480e-01
        196500   1.445443e+00   1.050317e+01              0              8              1              2   1.212779e+01   3.478950e-01   7.741797e-01
        197000   1.458437e+00   5.942472e+00              0              8              1              2   1.216863e+01   3.513060e-01   7.722438e-01
        197500   1.425016e+00   1.243219e+01              0              9              1              1   1.214834e+01   3.674740e-01   7.544860e-01
        198000   1.485092e+00   7.840189e+00              0              7              1              1   1.224815e+01   3.654417e-01   7.465408e-01
        198500   1.459476e+00   8.823348e+00              0             10              1              1   1.227251e+01   3.803824e-01   7.466002e-01
        199000   1.452980e+00   9.783928e+00              0              7              1              1   1.225891e+01   3.982241e-01   7.440113e-01
        199500   1.459305e+00   1.075294e+01              0              7              1              1   1.225034e+01   3.957784e-01   7.450477e-01
        200000   1.475227e+00   1.174946e+01              0              7              0              0   1.210308e+01   3.892454e-01   7.459554e-01
        200500   1.519975e+00   8.630382e+00              0              7              0              0   1.215105e+01   3.808603e-01   7.563789e-01
        201000   1.514970e+00   9.624934e+00              0              5              0              1   1.218938e+01   3.689646e-01   7.306955e-01
        201500   1.553342e+00   6.960731e+00              0              4              0              0   1.242534e+01   3.720641e-01   7.601104e-01
        202000   1.510689e+00   1.157410e+01              0              4              0              0   1.232615e+01   3.843348e-01   7.534560e-01
        202500   1.534951e+00   1.256429e+01              0              4              0              1   1.217791e+01   3.465862e-01   7.592636e-01
        203000   1.590632e+00   9.679278e+00              0              5              0              0   1.229241e+01   3.383352e-01   7.581365e-01
        203500   1.571400e+00   1.065736e+01              0              5              0              0   1.215859e+01   3.572882e-01   7.678870e-01
        204000   1.601979e+00   7.765288e+00              0              7              0              0   1.219016e+01   3.498937e-01   7.620299e-01
        204500   1.572228e+00   1.256713e+01              0              5              0              1   1.232092e+01   3.459393e-01   7.552548e-01
        205000   1.569623e+00   1.355188e+01              0              7              0              1   1.239264e+01   3.358500e-01   7.705194e-01
        205500   1.606710e+00   1.052874e+01              0              6              0              1   1.246616e+01   3.363368e-01   7.651119e-01
        206000   1.606980e+00   1.151485e+01              0              4              0              1   1.250284e+01   3.136048e-01   7.587398e-01
        206500   1.538654e+00   1.901817e+01              0              4              0              1   1.266926e+01   3.124554e-01   7.648990e-01
        207000   1.521396e+00   2.001299e+01              0              9              0              1   1.238668e+01   3.255996e-01   7.549299e-01
        207500   1.509194e+00   2.099969e+01              0              9              0              1   1.247667e+01   3.612183e-01   7.574377e-01
        208000   1.530381e+00   2.199812e+01              0              9              0              0   1.272941e+01   3.573362e-01   7.667609e-01
        208500   1.546084e+00   2.296504e+01              0              7              0              1   1.254830e+01   3.321283e-01   7.531935e-01
        209000   1.524707e+00   2.396190e+01              0              7              0              1   1.263246e+01   3.233595e-01   7.486903e-01
        209500   1.543187e+00   2.494531e+01              0              7              0              1   1.255580e+01   3.346485e-01   7.674361e-01
        210000   1.497210e+00   2.592205e+01              0              6              0              1   1.242632e+01   3.257353e-01   7.496935e-01
        210500   1.507468e+00   2.686836e+01              0              8              0              1   1.248254e+01   3.300956e-01   7.480865e-01
        211000   1.567726e+00   2.427301e+01              1              6              0              1   1.254157e+01   3.363517e-01   7.465183e-01
        211500   1.529527e+00   2.875875e+01              0              4              0              1   1.241589e+01   3.381280e-01   7.453985e-01
        212000   1.579091e+00   2.621253e+01              0              3              0              0   1.257697e+01   3.381199e-01   7.410444e-01
        212500   1.614479e+00   2.042973e+01              0              5              0              1   1.254221e+01   3.308739e-01   7.488500e-01
        213000   1.600726e+00   2.141396e+01              0              4              0              0   1.243422e+01   3.132566e-01   7.527772e-01
        213500   1.601202e+00   2.240450e+01              0              5              0              1   1.227325e+01   3.223706e-01   7.439237e-01
        214000   1.622688e+00   2.339770e+01              0              5              0              1   1.229438e+01   3.032055e-01   7.464813e-01
        214500   1.639867e+00   2.438683e+01              0              4              0              0   1.244039e+01   2.804261e-01   7.423079e-01
        215000   1.684794e+00   1.716543e+01              0              5              0              1   1.238708e+01   2.858253e-01   7.534794e-01
        215500   1.680808e+00   1.815752e+01              0              5              0              1   1.212595e+01   2.756343e-01   7.541145e-01
        216000   1.680529e+00   1.914077e+01              0              3              0              1   1.262467e+01   2.468203e-01   7.508934e-01
        216500   1.657427e+00   2.013203e+01              0              4              0              1   1.249672e+01   2.347037e-01   7.580091e-01
        217000   1.670610e+00   2.112181e+01              0              5              0              0   1.252476e+01   2.175977e-01   7.610995e-01
        217500   1.689374e+00   2.211602e+01              0              5              0              1   1.237066e+01   2.391052e-01   7.626178e-01
        218000   1.728284e+00   1.529974e+01              0              3              0              0   1.253990e+01   2.364605e-01   7.568850e-01
        218500   1.654026e+00   2.396975e+01              0              4              0              1   1.239544e+01   2.501723e-01   7.604656e-01
        219000   1.688566e+00   2.494240e+01              0              4              0              0   1.240138e+01   2.537851e-01   7.639536e-01
        219500   1.741217e+00   1.798969e+01              0              5              0              0   1.288800e+01   2.873672e-01   7.681287e-01
        220000   1.742174e+00   1.175646e+01              0              4              0              0   1.270330e+01   2.936541e-01   7.614687e-01
        220500   1.744465e+00   1.991589e+01              0              3              0              0   1.280188e+01   2.877870e-01   7.516613e-01
        221000   1.724653e+00   2.088693e+01              0              4              0              0   1.279696e+01   2.949725e-01   7.513666e-01
        221500   1.808543e+00   8.628190e+00              0              3              0              1   1.276342e+01   2.784711e-01   7.509432e-01
        222000   1.829779e+00   9.624343e+00              0              5              0              1   1.297005e+01   2.290528e-01   7.586752e-01
        222500   1.804216e+00   1.644495e+01              0              3              0              1   1.265745e+01   2.405083e-01   7.463725e-01
        223000   1.821547e+00   1.158405e+01              0              4              0              1   1.270256e+01   2.536585e-01   7.635954e-01
        223500   1.835303e+00   1.256752e+01              0              5              0              0   1.243848e+01   2.545416e-01   7.471050e-01
        224000   1.813393e+00   1.356372e+01              0              5              0              1   1.273056e+01   2.634557e-01   7.607024e-01
        224500   1.808884e+00   1.453805e+01              0              4              0              1   1.266089e+01   2.762469e-01   7.642404e-01
        225000   1.786630e+00   1.548765e+01              0              5              0              0   1.299408e+01   2.590921e-01   7.589411e-01
        225500   1.808691e+00   1.641468e+01              1              5              0              1   1.271299e+01   2.647187e-01   7.648166e-01
        226000   1.787101e+00   2.284962e+01              0              5              0              2   1.282222e+01   2.358127e-01   7.677836e-01
        226500   1.798170e+00   2.382549e+01              0              3              0              0   1.287043e+01   2.407759e-01   7.775388e-01
        227000   1.825306e+00   1.930420e+01              0              3              0              0   1.295356e+01   2.462263e-01   7.710973e-01
        227500   1.854064e+00   2.028214e+01              0              3              0              0   1.279498e+01   2.406663e-01   7.667091e-01
        228000   1.895702e+00   1.514057e+01              0              3              0              1   1.265510e+01   2.381592e-01   7.712694e-01
        228500   1.886667e+00   1.022049e+01              0              3              0              0   1.269116e+01   2.509260e-01   7.703219e-01
        229000   1.894899e+00   1.709326e+01              0              4              0              0   1.267422e+01   2.606196e-01   7.916343e-01
        229500   1.903518e+00   1.213174e+01              0              3              0              0   1.291790e+01   2.426012e-01   7.764918e-01
        230000   1.896228e+00   1.900041e+01              0              3              0              0   1.262974e+01   2.307961e-01   7.739384e-01
        230500   1.937641e+00   1.408352e+01              0              3              0              0   1.269016e+01   2.209719e-01   7.659035e-01
        231000   1.910171e+00   1.507644e+01              0              3              0              0   1.277027e+01   2.224856e-01   7.761519e-01
        231500   1.874453e+00   2.164653e+01              0              3              0              0   1.267249e+01   2.484857e-01   7.532644e-01
        232000   1.893121e+00   1.687671e+01              0              3              0              0   1.276992e+01   2.326971e-01   7.658425e-01
        232500   1.901313e+00   1.785662e+01              0              3              0              0   1.277736e+01   2.353947e-01   7.815706e-01
        233000   1.876854e+00   2.456761e+01              0              5              0              0   1.277068e+01   2.299474e-01   7.616219e-01
        233500   1.943183e+00   1.307942e+01              0              3              0              0   1.268515e+01   2.463894e-01   7.640911e-01
        234000   1.939418e+00   1.404305e+01              0              5              0              0   1.271216e+01   2.385806e-01   7.768720e-01
        234500   1.976650e+00   1.502590e+01              0              4              0              1   1.268277e+01   1.946478e-01   7.556290e-01
        235000   2.023777e+00   9.814009e+00              0              3              0              0   1.272463e+01   2.113114e-01   7.693998e-01
        235500   1.970903e+00   1.693532e+01              0              5              0              0   1.283558e+01   2.374420e-01   7.669968e-01
        236000   1.923026e+00   2.402521e+01              0              5              0              1   1.268693e+01   2.235243e-01   7.675919e-01
        236500   1.963468e+00   1.880641e+01              0              6              0              1   1.262249e+01   2.066454e-01   7.588603e-01
        237000   1.952936e+00   2.591566e+01              0              7              0              0   1.256725e+01   2.029762e-01   7.663317e-01
        237500   1.958528e+00   2.684517e+01              0              6              0              1   1.277257e+01   2.269143e-01   7.723764e-01
        238000   1.970198e+00   2.172947e+01              0              6              0              0   1.254158e+01   2.189639e-01   7.430270e-01
        238500   1.944400e+00   2.869123e+01              0              8              0              1   1.252083e+01   2.040977e-01   7.622885e-01
        239000   1.954722e+00   2.369458e+01              0              8              0              1   1.238416e+01   1.847540e-01   7.476844e-01
        239500   1.955473e+00   2.468715e+01              0              8              0              0   1.240676e+01   1.978907e-01   7.478603e-01
        240000   1.949191e+00   3.150162e+01              0              7              0              1   1.252199e+01   1.898117e-01   7.596863e-01
        240500   1.979629e+00   2.666447e+01              0              6              0              0   1.264375e+01   1.869975e-01   7.604092e-01
        241000   1.969573e+00   2.766014e+01              0              6              0              0   1.248560e+01   1.881812e-01   7.436395e-01
        241500   1.992676e+00   2.059181e+01              0              6              0              1   1.269709e+01   2.099397e-01   7.707616e-01
        242000   2.086842e+00   1.322386e+01              0              3              0              0   1.265676e+01   2.228921e-01   7.619212e-01
        242500   2.049705e+00   1.420049e+01              0              3              0              0   1.264245e+01   2.382440e-01   7.794991e-01
        243000   2.006512e+00   2.342944e+01              0              5              0              0   1.272510e+01   2.413533e-01   7.807213e-01
        243500   2.004587e+00   2.441453e+01              0              5              0              0   1.263686e+01   2.143566e-01   7.592503e-01
        244000   2.016380e+00   2.539992e+01              0              5              0              0   1.286531e+01   2.226029e-01   7.602218e-01
        244500   2.053960e+00   2.636687e+01              0              4              0              0   1.289877e+01   2.497335e-01   7.633699e-01
        245000   2.125410e+00   1.097458e+01              0              4              0              0   1.284447e+01   2.385280e-01   7.587879e-01
        245500   2.101216e+00   1.196509e+01              0              5              0              0   1.271980e+01   2.303280e-01   7.477424e-01
        246000   2.111255e+00   1.294282e+01              0              6              0              0   1.277922e+01   2.426900e-01   7.622526e-01
        246500   2.173475e+00   8.003205e+00              0              7              0              0   1.282916e+01   2.468001e-01   7.577373e-01
        247000   2.182219e+00   8.986460e+00              0              8              0              1   1.265867e+01   2.362665e-01   7.699119e-01
        247500   2.200837e+00   5.903822e+00              0              5              0              0   1.294208e+01   2.507909e-01   7.694093e-01
        248000   2.170111e+00   1.095097e+01              0              6              0              0   1.285200e+01   2.710872e-01   7.728401e-01
        248500   2.213583e+00   7.816508e+00              0              3              0              0   1.262108e+01   2.594328e-01   7.706715e-01
        249000   2.227761e+00   8.803285e+00              0              3              0              0   1.279204e+01   2.687081e-01   7.849602e-01
        249500   2.227740e+00   9.790295e+00              0              4              0              0   1.296730e+01   2.697853e-01   7.777682e-01
        250000   2.184368e+00   1.464816e+01              0              4              0              0   1.272822e+01   2.740582e-01   7.716199e-01
        250500   2.195106e+00   1.563784e+01              0              4              0              0   1.267705e+01   2.443905e-01   7.629995e-01
        251000   2.213820e+00   1.268494e+01              0              4              0              0   1.287435e+01   2.570996e-01   7.674160e-01
        251500   2.202058e+00   1.751808e+01              0              4              0              0   1.278733e+01   2.406084e-01   7.549523e-01
        252000   2.243157e+00   1.459522e+01              0              6              0              0   1.248336e+01   2.627135e-01   7.622777e-01
        252500   2.202678e+00   1.557620e+01              0              7              0              0   1.259906e+01   2.528345e-01   7.574310e-01
        253000   2.212613e+00   1.654208e+01              0              9              0              0   1.276905e+01   2.535481e-01   7.657161e-01
        253500   2.238875e+00   1.752523e+01              0              9              0              0   1.286383e+01   2.660907e-01   7.775368e-01
        254000   2.284800e+00   1.370641e+01              0              7              0              0   1.265817e+01   2.607350e-01   7.638096e-01
        254500   2.271125e+00   1.467275e+01              0             11              0              0   1.278993e+01   2.666082e-01   7.379141e-01
        255000   2.230287e+00   2.020013e+01              0             10              0              0   1.270207e+01   2.732349e-01   7.263107e-01
        255500   2.295559e+00   1.657356e+01              0              7              0              0   1.291702e+01   2.846387e-01   7.517364e-01
        256000   2.333986e+00   1.192162e+01              0              6              0              0   1.294073e+01   2.764524e-01   7.390302e-01
        256500   2.421426e+00   4.063034e+00              0              7              0              0   1.263378e+01   2.864033e-01   7.348890e-01
        257000   2.447572e+00   2.788006e+00              0              7              0              0   1.275355e+01   2.824658e-01   7.289834e-01
        257500   2.450643e+00   3.762181e+00              0             10              0              0   1.282941e+01   2.716437e-01   7.436332e-01
        258000   2.444318e+00   6.982581e+00              0              8              0              0   1.278701e+01   2.864993e-01   7.427112e-01
        258500   2.407896e+00   7.971370e+00              0             10              0              0   1.262505e+01   3.034540e-01   7.304432e-01
        259000   2.363672e+00   1.190592e+01              0              9              0              0   1.259043e+01   2.789203e-01   7.317181e-01
        259500   2.397098e+00   9.804515e+00              0              6              0              0   1.254810e+01   2.714863e-01   7.365598e-01
        260000   2.410192e+00   1.079499e+01              0             11              0              0   1.267715e+01   2.659169e-01   7.274760e-01
        260500   2.441656e+00   1.178482e+01              0             13              0              1   1.275851e+01   2.633885e-01   7.318350e-01
        261000   2.481396e+00   9.615438e+00              0             10              0              0   1.279459e+01   2.671054e-01   7.162916e-01
        261500   2.460851e+00   1.059947e+01              0             10              0              0   1.271269e+01   2.747821e-01   7.168584e-01
        262000   2.443539e+00   1.449823e+01              0              9              0              0   1.272261e+01   2.656925e-01   7.151866e-01
        262500   2.477912e+00   1.251873e+01              0              7              0              0   1.261755e+01   2.507492e-01   7.150925e-01
        263000   2.480254e+00   1.351755e+01              0              9              0              0   1.266462e+01   2.444124e-01   7.069912e-01
        263500   2.459163e+00   1.450786e+01              0              8              0              0   1.247751e+01   2.718823e-01   6.960957e-01
        264000   2.473677e+00   1.550406e+01              0              6              0              0   1.247916e+01   2.701959e-01   6.868116e-01
