          step              r      E_metad_r      n_cont_CA   n_cont_heavy       n_saltbr        n_hbond           SASA           RMSD             Rg 
             0   8.482989e-01   0.000000e+00              3             61              2              7   1.765624e+01   0.000000e+00   9.851472e-01
           500   8.658640e-01   9.794152e-01              2             55              2              6   1.749286e+01   8.402116e-02   9.929351e-01
          1000   8.666360e-01   1.962319e+00              2             51              2              8   1.734524e+01   9.269613e-02   9.901852e-01
          1500   8.551544e-01   2.945237e+00              3             57              2              6   1.768380e+01   9.336659e-02   1.005021e+00
          2000   8.419538e-01   3.686664e+00              2             59              2              9   1.777011e+01   7.627328e-02   9.959251e-01
          2500   8.339844e-01   4.667816e+00              2             58              2              8   1.770275e+01   1.021023e-01   9.871961e-01
          3000   8.398324e-01   5.755564e+00              3             57              2              5   1.752547e+01   8.620083e-02   9.785685e-01
          3500   8.469784e-01   6.695882e+00              2             63              2              8   1.754373e+01   7.759207e-02   9.746538e-01
          4000   8.446670e-01   7.633494e+00              2             59              2              6   1.783439e+01   8.840046e-02   9.723410e-01
          4500   8.433743e-01   8.624409e+00              2             60              2              7   1.769509e+01   8.367742e-02   9.871893e-01
          5000   8.288285e-01   9.615830e+00              4             59              2              4   1.785911e+01   8.694399e-02   9.705121e-01
          5500   8.085044e-01   1.060874e+01              2             62              2              7   1.768303e+01   9.367192e-02   9.469883e-01
          6000   8.280688e-01   1.160672e+01              3             59              2              9   1.767426e+01   9.240688e-02   9.551085e-01
          6500   8.320562e-01   1.260133e+01              2             58              2              6   1.758810e+01   8.696246e-02   9.594733e-01
          7000   8.387787e-01   1.359688e+01              2             59              2              9   1.773990e+01   1.051658e-01   9.604097e-01
          7500   8.409053e-01   1.459032e+01              2             61              2              5   1.791099e+01   1.078733e-01   9.721120e-01
          8000   8.258012e-01   1.558877e+01              3             60              2              9   1.775476e+01   1.026253e-01   9.726459e-01
          8500   8.377911e-01   1.658589e+01              3             60              2             10   1.784978e+01   1.035041e-01   9.689697e-01
          9000   8.305058e-01   1.758259e+01              2             61              2              7   1.769532e+01   1.027852e-01   9.854068e-01
          9500   8.270627e-01   1.857910e+01              2             60              2              7   1.755737e+01   1.219459e-01   9.946629e-01
         10000   8.154333e-01   1.957370e+01              3             58              2              9   1.791381e+01   1.173526e-01   9.920990e-01
         10500   8.314460e-01   2.057049e+01              2             59              2              8   1.801360e+01   1.532987e-01   9.916358e-01
         11000   8.158997e-01   2.156633e+01              2             61              2              8   1.772989e+01   1.256565e-01   9.883179e-01
         11500   7.995580e-01   1.912714e+01              2             61              2              6   1.772509e+01   1.073376e-01   9.776102e-01
         12000   8.031913e-01   2.352879e+01              3             64              2              7   1.763526e+01   1.072420e-01   9.840356e-01
         12500   8.244810e-01   2.449304e+01              2             62              2              8   1.776608e+01   1.341661e-01   9.770191e-01
         13000   8.075431e-01   2.547048e+01              2             65              2              8   1.775479e+01   1.339305e-01   9.883961e-01
         13500   8.002903e-01   2.291183e+01              2             65              2              7   1.749930e+01   1.369480e-01   9.758078e-01
         14000   7.983962e-01   2.386881e+01              2             64              2             10   1.784209e+01   1.507347e-01   9.804567e-01
         14500   7.959213e-01   2.484165e+01              2             65              2              7   1.810281e+01   1.542851e-01   9.912009e-01
         15000   8.109845e-01   2.931915e+01              2             65              2              7   1.806739e+01   1.431556e-01   9.861857e-01
         15500   8.207847e-01   3.028124e+01              2             67              2              7   1.807898e+01   1.572553e-01   1.001473e+00
         16000   8.112319e-01   2.770270e+01              2             65              2              8   1.787165e+01   1.430615e-01   9.924578e-01
         16500   8.179063e-01   2.862851e+01              2             63              2              9   1.804376e+01   1.419614e-01   1.005533e+00
         17000   8.037248e-01   2.956307e+01              2             61              2              7   1.790878e+01   1.239678e-01   9.996389e-01
         17500   8.231321e-01   3.414855e+01              3             68              2              7   1.770818e+01   1.415881e-01   1.011368e+00
         18000   8.100074e-01   3.514034e+01              3             63              2              8   1.795562e+01   1.468516e-01   9.980725e-01
         18500   8.114155e-01   3.612890e+01              2             67              2              8   1.793643e+01   1.528242e-01   1.003163e+00
         19000   8.420515e-01   3.711194e+01              2             65              2              5   1.774493e+01   1.525752e-01   1.009240e+00
         19500   8.254564e-01   3.810731e+01              2             67              2              9   1.757388e+01   1.564646e-01   9.839943e-01
         20000   8.144873e-01   3.910130e+01              2             67              2              9   1.778322e+01   1.646852e-01   9.903900e-01
         20500   8.133197e-01   4.008590e+01              3             64              2             10   1.742822e+01   1.654582e-01   9.772582e-01
         21000   8.124316e-01   4.107647e+01              2             67              2              8   1.725379e+01   1.941265e-01   9.723459e-01
         21500   8.085281e-01   4.204668e+01              2             66              2              8   1.758649e+01   1.915118e-01   9.912676e-01
         22000   8.051109e-01   4.299616e+01              2             67              2              9   1.782200e+01   1.909187e-01   9.916965e-01
         22500   7.931145e-01   3.957967e+01              2             68              2              9   1.788236e+01   2.077474e-01   9.832087e-01
         23000   7.954287e-01   4.057514e+01              2             68              2              6   1.776186e+01   2.140734e-01   9.912605e-01
         23500   7.963752e-01   4.156373e+01              3             64              2              6   1.790412e+01   1.940410e-01   9.953730e-01
         24000   7.979719e-01   4.252818e+01              3             66              1              4   1.775537e+01   1.841792e-01   9.977641e-01
         24500   7.865284e-01   4.350842e+01              4             65              1              9   1.793056e+01   1.850092e-01   9.863665e-01
         25000   7.924348e-01   4.448643e+01              2             68              1              7   1.794183e+01   1.943378e-01   9.986633e-01
         25500   8.101250e-01   4.958075e+01              2             67              1              5   1.757556e+01   1.997209e-01   1.007104e+00
         26000   8.330299e-01   5.057130e+01              2             68              1              3   1.783301e+01   1.981613e-01   1.010318e+00
         26500   7.962409e-01   4.724717e+01              2             64              1              6   1.762686e+01   1.734152e-01   9.955787e-01
         27000   7.926879e-01   4.820847e+01              2             61              1              6   1.781656e+01   1.727868e-01   9.854302e-01
         27500   7.984529e-01   4.920103e+01              2             62              1              6   1.759992e+01   1.634134e-01   9.988279e-01
         28000   7.916064e-01   5.018660e+01              3             62              1              8   1.745194e+01   1.766030e-01   9.940919e-01
         28500   8.273876e-01   5.532747e+01              2             66              1              7   1.800668e+01   1.882618e-01   1.021693e+00
         29000   8.107752e-01   5.631189e+01              3             62              1              6   1.789815e+01   1.896370e-01   9.936661e-01
         29500   8.139334e-01   5.730444e+01              3             63              1              6   1.770085e+01   1.973360e-01   1.006700e+00
         30000   8.242092e-01   5.829494e+01              2             66              1              7   1.771365e+01   1.785872e-01   9.972891e-01
         30500   8.463360e-01   5.927993e+01              2             62              1              8   1.783756e+01   1.585162e-01   1.018763e+00
         31000   8.529428e-01   5.168488e+01              3             58              1              8   1.777111e+01   1.821864e-01   9.969541e-01
         31500   8.328512e-01   6.121782e+01              2             60              1              5   1.748908e+01   1.758937e-01   9.925325e-01
         32000   8.346832e-01   6.220087e+01              3             63              1             10   1.791308e+01   1.875523e-01   1.001360e+00
         32500   8.354210e-01   6.318495e+01              2             62              1              7   1.785067e+01   1.899412e-01   1.003019e+00
         33000   8.252025e-01   6.417615e+01              2             64              1              5   1.767020e+01   1.705695e-01   9.994443e-01
         33500   8.304530e-01   6.516935e+01              2             62              1              8   1.764325e+01   1.609502e-01   9.967287e-01
         34000   8.090255e-01   6.616134e+01              2             63              1              6   1.736337e+01   1.914573e-01   9.934652e-01
         34500   8.602672e-01   5.803016e+01              2             66              1              8   1.773186e+01   1.770087e-01   1.011576e+00
         35000   8.520722e-01   6.809659e+01              2             64              1              5   1.766443e+01   1.807298e-01   1.024896e+00
         35500   8.448931e-01   6.905367e+01              2             63              1              8   1.782145e+01   1.558314e-01   1.007755e+00
         36000   8.329189e-01   6.999321e+01              3             62              1              6   1.757563e+01   1.795926e-01   1.010686e+00
         36500   8.226199e-01   7.097796e+01              2             64              1             10   1.740797e+01   1.897678e-01   9.898051e-01
         37000   8.450521e-01   7.196968e+01              2             57              1              8   1.764555e+01   1.773225e-01   1.011708e+00
         37500   8.402131e-01   7.296158e+01              2             62              1              9   1.794937e+01   1.903326e-01   1.036025e+00
         38000   8.493682e-01   6.456623e+01              2             60              1              8   1.788003e+01   1.640826e-01   1.005658e+00
         38500   8.356723e-01   7.486337e+01              2             63              1              9   1.817261e+01   1.760878e-01   9.985472e-01
         39000   8.560097e-01   6.640469e+01              2             57              1              9   1.774394e+01   1.680673e-01   1.004338e+00
         39500   8.570572e-01   6.737544e+01              2             60              1              9   1.796798e+01   1.562289e-01   1.012914e+00
         40000   8.979762e-01   4.763081e+01              2             58              1              7   1.771024e+01   1.644357e-01   1.019839e+00
         40500   9.031608e-01   4.859698e+01              2             58              1              7   1.790937e+01   1.715330e-01   1.031386e+00
         41000   8.755041e-01   7.023594e+01              3             59              1              6   1.777135e+01   1.597867e-01   1.018585e+00
         41500   9.152584e-01   5.054119e+01              3             61              1              6   1.796582e+01   1.744429e-01   1.052016e+00
         42000   9.012009e-01   5.152702e+01              2             61              1              6   1.792124e+01   1.718106e-01   1.037934e+00
         42500   9.207903e-01   5.251779e+01              2             57              1              6   1.757022e+01   1.640386e-01   1.039957e+00
         43000   8.984099e-01   5.350560e+01              2             55              1              7   1.791591e+01   1.566971e-01   1.029749e+00
         43500   8.874592e-01   5.448346e+01              2             57              1              8   1.779476e+01   1.535906e-01   1.034399e+00
         44000   9.390082e-01   3.305087e+01              2             55              1              6   1.788278e+01   1.670757e-01   1.058551e+00
         44500   9.158820e-01   5.643521e+01              2             58              1              7   1.793778e+01   1.540495e-01   1.051442e+00
         45000   9.268112e-01   3.488499e+01              2             54              1              6   1.792955e+01   1.464317e-01   1.041438e+00
         45500   9.115086e-01   5.838883e+01              2             54              1              7   1.785108e+01   1.369193e-01   1.032287e+00
         46000   9.196528e-01   5.937803e+01              3             56              1              8   1.780365e+01   1.536731e-01   1.023916e+00
         46500   9.150502e-01   6.036748e+01              2             57              1              6   1.790886e+01   1.615197e-01   1.039422e+00
         47000   9.322877e-01   3.855733e+01              2             56              1              8   1.817115e+01   1.596873e-01   1.039973e+00
         47500   9.803675e-01   2.103552e+01              2             53              1              7   1.795214e+01   1.636704e-01   1.054718e+00
         48000   9.769466e-01   4.052025e+01              3             54              1              7   1.804847e+01   1.727476e-01   1.066307e+00
         48500   9.553154e-01   4.151014e+01              2             55              1              6   1.788192e+01   1.514169e-01   1.045102e+00
         49000   9.501172e-01   4.250390e+01              3             56              1              7   1.795043e+01   1.708549e-01   1.058559e+00
         49500   9.555026e-01   4.350078e+01              3             54              1              5   1.789796e+01   1.688787e-01   1.052526e+00
         50000   9.786409e-01   4.449405e+01              2             55              1              7   1.785981e+01   1.781384e-01   1.056745e+00
         50500   9.858560e-01   2.650250e+01              2             49              1              5   1.805829e+01   2.071043e-01   1.070556e+00
         51000   9.965391e-01   4.644008e+01              2             50              1              7   1.807363e+01   1.858389e-01   1.058960e+00
         51500   9.722490e-01   4.740221e+01              2             54              1              7   1.806299e+01   1.771977e-01   1.064263e+00
         52000   9.555102e-01   4.838416e+01              2             56              1              8   1.790150e+01   1.696552e-01   1.057196e+00
         52500   9.623276e-01   4.938007e+01              2             52              1              7   1.835390e+01   1.750148e-01   1.056574e+00
         53000   9.590978e-01   5.036747e+01              4             49              1              6   1.780421e+01   1.856996e-01   1.063042e+00
         53500   9.503473e-01   5.136421e+01              2             54              0              5   1.809130e+01   1.713530e-01   1.060706e+00
         54000   9.677893e-01   5.235807e+01              2             52              1              6   1.812752e+01   1.784497e-01   1.059113e+00
         54500   9.786628e-01   5.333369e+01              2             53              1              6   1.793857e+01   2.094108e-01   1.065420e+00
         55000   9.903000e-01   3.480562e+01              2             49              1              7   1.783762e+01   2.245731e-01   1.069971e+00
         55500   9.624391e-01   5.528821e+01              2             52              1              7   1.782201e+01   2.124029e-01   1.050587e+00
         56000   9.598202e-01   5.628277e+01              3             50              1              6   1.809856e+01   1.973374e-01   1.050808e+00
         56500   9.518539e-01   5.727652e+01              2             53              1              8   1.794809e+01   1.985765e-01   1.042055e+00
         57000   9.624625e-01   5.827205e+01              2             53              2              8   1.777525e+01   2.005435e-01   1.045902e+00
         57500   9.732963e-01   5.926418e+01              2             53              2              7   1.803278e+01   2.035722e-01   1.059660e+00
         58000   9.737739e-01   6.022494e+01              2             49              1              6   1.804825e+01   2.042937e-01   1.056403e+00
         58500   9.659963e-01   6.122236e+01              2             55              1              9   1.807836e+01   1.958089e-01   1.058884e+00
         59000   9.447014e-01   6.220897e+01              2             56              1              7   1.794940e+01   1.758713e-01   1.039970e+00
         59500   9.498334e-01   6.319789e+01              2             55              1              7   1.811320e+01   1.908766e-01   1.064608e+00
         60000   9.644821e-01   6.419431e+01              2             54              1              6   1.794721e+01   1.745748e-01   1.040377e+00
         60500   9.485606e-01   6.518648e+01              2             54              1              7   1.821379e+01   1.791588e-01   1.050404e+00
         61000   9.537504e-01   6.617744e+01              2             53              1              8   1.792075e+01   1.758622e-01   1.042037e+00
         61500   9.729750e-01   6.716908e+01              2             57              1              9   1.843341e+01   1.915514e-01   1.065933e+00
         62000   9.770200e-01   4.724226e+01              3             50              2              7   1.796747e+01   2.150412e-01   1.046889e+00
         62500   9.587714e-01   6.912574e+01              3             55              1              7   1.784043e+01   1.938597e-01   1.048232e+00
         63000   9.588712e-01   7.011617e+01              2             54              1              8   1.789734e+01   1.855972e-01   1.040756e+00
         63500   9.507961e-01   7.110939e+01              2             56              1              9   1.821376e+01   1.929189e-01   1.057381e+00
         64000   9.650572e-01   7.210319e+01              3             56              1              9   1.785409e+01   1.967196e-01   1.051930e+00
         64500   9.847404e-01   7.309004e+01              2             53              1              9   1.809689e+01   2.148934e-01   1.071948e+00
         65000   9.710679e-01   7.404983e+01              3             55              1              8   1.817062e+01   2.148946e-01   1.071533e+00
         65500   9.745648e-01   7.504111e+01              3             51              1              9   1.814239e+01   2.261288e-01   1.066515e+00
         66000   9.874230e-01   5.452646e+01              2             51              1              6   1.833580e+01   2.259018e-01   1.080551e+00
         66500   9.667778e-01   7.699052e+01              2             57              1              4   1.803293e+01   2.198632e-01   1.059600e+00
         67000   9.600505e-01   7.798552e+01              2             56              1              7   1.808767e+01   2.300489e-01   1.056346e+00
         67500   9.665592e-01   7.896664e+01              2             53              1             10   1.792942e+01   2.372953e-01   1.043142e+00
         68000   9.984503e-01   5.827232e+01              2             49              1              9   1.814968e+01   2.488534e-01   1.059945e+00
         68500   9.782870e-01   8.089273e+01              2             46              1              8   1.794854e+01   2.499118e-01   1.045359e+00
         69000   9.689400e-01   8.184894e+01              3             49              1              6   1.776584e+01   2.347136e-01   1.024758e+00
         69500   9.793289e-01   8.283225e+01              2             50              1              6   1.769804e+01   2.330911e-01   1.035531e+00
         70000   9.958852e-01   6.213834e+01              2             48              1              7   1.783431e+01   2.463541e-01   1.058714e+00
         70500   9.838742e-01   8.471154e+01              2             48              1              8   1.789228e+01   2.387293e-01   1.040538e+00
         71000   1.002990e+00   6.409505e+01              2             49              2              7   1.818584e+01   2.470222e-01   1.054334e+00
         71500   1.002363e+00   6.509200e+01              3             49              1              8   1.817062e+01   2.448456e-01   1.063780e+00
         72000   1.027451e+00   6.608328e+01              3             47              1              8   1.813190e+01   2.419169e-01   1.076924e+00
         72500   1.034628e+00   4.373581e+01              2             48              1              5   1.786678e+01   2.312385e-01   1.059944e+00
         73000   1.031985e+00   4.470492e+01              2             47              1              6   1.853004e+01   2.352817e-01   1.087103e+00
         73500   1.030012e+00   6.897473e+01              1             46              1              7   1.816715e+01   2.253541e-01   1.071914e+00
         74000   1.020330e+00   6.996747e+01              1             48              1              8   1.844567e+01   2.357655e-01   1.083091e+00
         74500   1.001428e+00   7.095915e+01              2             51              1              6   1.843438e+01   2.230036e-01   1.077477e+00
         75000   1.015069e+00   7.195551e+01              2             48              1              5   1.823127e+01   2.497264e-01   1.076390e+00
         75500   1.017131e+00   7.294325e+01              2             50              1              6   1.792869e+01   2.590097e-01   1.049181e+00
         76000   1.034574e+00   5.022007e+01              2             49              1              5   1.800408e+01   2.721179e-01   1.066267e+00
         76500   1.028387e+00   7.487975e+01              2             48              1              7   1.807716e+01   2.740959e-01   1.063529e+00
         77000   1.013662e+00   7.585038e+01              2             47              1              8   1.824608e+01   2.577498e-01   1.056557e+00
         77500   1.049672e+00   5.309165e+01              3             48              1              8   1.823001e+01   2.651896e-01   1.072135e+00
         78000   1.037120e+00   5.408272e+01              2             44              1              7   1.817388e+01   2.645438e-01   1.050640e+00
         78500   1.029192e+00   7.872852e+01              2             48              1              6   1.806185e+01   2.760646e-01   1.059029e+00
         79000   1.032788e+00   5.596621e+01              2             46              1              8   1.811083e+01   2.729364e-01   1.058784e+00
         79500   1.025890e+00   8.068979e+01              2             45              1              5   1.800404e+01   2.978206e-01   1.040853e+00
         80000   1.013973e+00   8.168115e+01              2             48              1              7   1.835333e+01   3.027558e-01   1.040169e+00
         80500   1.011188e+00   8.267491e+01              2             47              1              7   1.818076e+01   3.062186e-01   1.035677e+00
         81000   1.000797e+00   8.366465e+01              3             48              1              9   1.825362e+01   2.990671e-01   1.025114e+00
         81500   9.899183e-01   8.464484e+01              2             47              1              9   1.824535e+01   3.187484e-01   1.019390e+00
         82000   9.814865e-01   8.561737e+01              2             48              1              8   1.814469e+01   3.127401e-01   1.010862e+00
         82500   9.879279e-01   1.045736e+02              3             49              1              9   1.818516e+01   3.169463e-01   1.013713e+00
         83000   9.754195e-01   1.055348e+02              3             48              1              9   1.820841e+01   3.147914e-01   1.009775e+00
         83500   1.006561e+00   8.851806e+01              3             48              1              6   1.786747e+01   3.345883e-01   1.003287e+00
         84000   1.009268e+00   8.950751e+01              2             47              1              9   1.840560e+01   3.305106e-01   1.027560e+00
         84500   9.948660e-01   1.082081e+02              2             48              1              8   1.813388e+01   3.485323e-01   1.001579e+00
         85000   1.003124e+00   9.146086e+01              3             46              1              7   1.840559e+01   3.424225e-01   1.017740e+00
         85500   1.044614e+00   6.698935e+01              2             47              1              7   1.841736e+01   3.668911e-01   1.028492e+00
         86000   1.048549e+00   6.798024e+01              2             47              1              7   1.818184e+01   3.592538e-01   1.008343e+00
         86500   1.067245e+00   6.897047e+01              2             46              1              3   1.826388e+01   3.489729e-01   1.018396e+00
         87000   1.018172e+00   9.511918e+01              2             48              1              8   1.809745e+01   3.649703e-01   1.000332e+00
         87500   1.061983e+00   7.089273e+01              2             45              1              6   1.852071e+01   3.412826e-01   1.025191e+00
         88000   1.089330e+00   4.472671e+01              2             44              1              5   1.852833e+01   3.499942e-01   1.019220e+00
         88500   1.078465e+00   7.281373e+01              2             46              1              5   1.837560e+01   3.814724e-01   1.017413e+00
         89000   1.091887e+00   4.669045e+01              2             46              1              7   1.854609e+01   3.844447e-01   1.024237e+00
         89500   1.115562e+00   4.768372e+01              2             45              1              6   1.868991e+01   3.722360e-01   1.057878e+00
         90000   1.107418e+00   4.867265e+01              2             42              1              5   1.823139e+01   3.808858e-01   1.033317e+00
         90500   1.095540e+00   4.965935e+01              1             44              1              6   1.842465e+01   3.547912e-01   1.038240e+00
         91000   1.140421e+00   2.812515e+01              0             40              1              3   1.834247e+01   3.502407e-01   1.056962e+00
         91500   1.124822e+00   5.157604e+01              1             40              1              5   1.834801e+01   3.604299e-01   1.050371e+00
         92000   1.132453e+00   5.255204e+01              2             42              1              5   1.855591e+01   3.505473e-01   1.047459e+00
         92500   1.130513e+00   5.351352e+01              1             41              1              1   1.846883e+01   3.676082e-01   1.048426e+00
         93000   1.136201e+00   3.199627e+01              2             43              1              3   1.867534e+01   3.629548e-01   1.060363e+00
         93500   1.148926e+00   3.296257e+01              1             42              2              4   1.846048e+01   3.700770e-01   1.049768e+00
         94000   1.139850e+00   3.393644e+01              1             43              2              6   1.860471e+01   3.710010e-01   1.044329e+00
         94500   1.142338e+00   3.492555e+01              1             41              1              4   1.860982e+01   3.728422e-01   1.042360e+00
         95000   1.124593e+00   5.819731e+01              2             42              2              5   1.823467e+01   3.809980e-01   1.032279e+00
         95500   1.119852e+00   5.917067e+01              1             41              1              6   1.850607e+01   3.499687e-01   1.049502e+00
         96000   1.117087e+00   6.014464e+01              2             43              1              6   1.848609e+01   3.766091e-01   1.047426e+00
         96500   1.117069e+00   6.113125e+01              1             43              1              7   1.849593e+01   3.804537e-01   1.027233e+00
         97000   1.107044e+00   6.211222e+01              2             40              1              5   1.829756e+01   3.829276e-01   1.019735e+00
         97500   1.110137e+00   6.311070e+01              1             39              1              7   1.862308e+01   3.905585e-01   1.022592e+00
         98000   1.119105e+00   6.410332e+01              1             40              1              6   1.840865e+01   3.894986e-01   1.027822e+00
         98500   1.125105e+00   4.243062e+01              1             41              1              5   1.862977e+01   4.044076e-01   1.014310e+00
         99000   1.122738e+00   6.606422e+01              2             41              1              6   1.858133e+01   3.781834e-01   1.022596e+00
         99500   1.146120e+00   4.432904e+01              2             42              2              7   1.854217e+01   3.603696e-01   1.038951e+00
        100000   1.156753e+00   4.532570e+01              1             42              1              7   1.847361e+01   3.637044e-01   1.038941e+00
        100500   1.160267e+00   4.631547e+01              1             40              2              6   1.838697e+01   3.793324e-01   1.030974e+00
        101000   1.134302e+00   4.730321e+01              1             40              1              5   1.829862e+01   3.647204e-01   1.039629e+00
        101500   1.131525e+00   7.067610e+01              1             37              1              5   1.828594e+01   3.621677e-01   1.040792e+00
        102000   1.161197e+00   4.925493e+01              1             40              1              7   1.820473e+01   3.689396e-01   1.046998e+00
        102500   1.137901e+00   5.024849e+01              1             37              2              5   1.828353e+01   3.739656e-01   1.058960e+00
        103000   1.134945e+00   5.120121e+01              1             40              1              6   1.842487e+01   3.570823e-01   1.053521e+00
        103500   1.144887e+00   5.218664e+01              1             39              2              7   1.800784e+01   3.461160e-01   1.031131e+00
        104000   1.162227e+00   5.317601e+01              1             39              1              4   1.825337e+01   3.743694e-01   1.040708e+00
        104500   1.133589e+00   7.628238e+01              1             39              2              6   1.808545e+01   3.678712e-01   1.012456e+00
        105000   1.139168e+00   5.511525e+01              2             40              2              7   1.819852e+01   3.709407e-01   1.021112e+00
        105500   1.129372e+00   5.607507e+01              2             39              1              7   1.825636e+01   3.934744e-01   1.020670e+00
        106000   1.116852e+00   7.921015e+01              2             35              1              5   1.804404e+01   3.697945e-01   1.029737e+00
        106500   1.120476e+00   8.020503e+01              2             38              1              5   1.798341e+01   3.634393e-01   1.029065e+00
        107000   1.122440e+00   8.119354e+01              1             36              1              8   1.804288e+01   3.662387e-01   1.030854e+00
        107500   1.145760e+00   5.977971e+01              1             34              1              5   1.834244e+01   3.453484e-01   1.054143e+00
        108000   1.126791e+00   6.075806e+01              2             33              1              5   1.811207e+01   3.607782e-01   1.045985e+00
        108500   1.125264e+00   8.406455e+01              1             37              1              6   1.803711e+01   3.692631e-01   1.040929e+00
        109000   1.119502e+00   8.505683e+01              2             36              1              5   1.824292e+01   3.861832e-01   1.033356e+00
        109500   1.124098e+00   8.604030e+01              1             39              1              5   1.820182e+01   3.708245e-01   1.027873e+00
        110000   1.134892e+00   8.701341e+01              1             34              1              7   1.804694e+01   3.575044e-01   1.048327e+00
        110500   1.141006e+00   6.541157e+01              1             35              1              5   1.840087e+01   3.601798e-01   1.068413e+00
        111000   1.158212e+00   6.638484e+01              1             39              1              4   1.842267e+01   3.502914e-01   1.071278e+00
        111500   1.152989e+00   6.738317e+01              1             34              1              4   1.853838e+01   3.453218e-01   1.075127e+00
        112000   1.169880e+00   6.837822e+01              1             36              1              6   1.811661e+01   3.408823e-01   1.061824e+00
        112500   1.194800e+00   4.589485e+01              1             30              1              3   1.836163e+01   3.375259e-01   1.065957e+00
        113000   1.193106e+00   7.029635e+01              1             33              1              5   1.832816e+01   3.416249e-01   1.076143e+00
        113500   1.182599e+00   4.785832e+01              1             34              1              6   1.817569e+01   3.721676e-01   1.066549e+00
        114000   1.151271e+00   7.220631e+01              3             36              1              6   1.855550e+01   3.691732e-01   1.063644e+00
        114500   1.180151e+00   7.319750e+01              1             36              1              3   1.819278e+01   3.506262e-01   1.067098e+00
        115000   1.141842e+00   7.417140e+01              1             33              1              6   1.831492e+01   3.397060e-01   1.058948e+00
        115500   1.134250e+00   7.514389e+01              2             35              1              5   1.825207e+01   3.402708e-01   1.052472e+00
        116000   1.121925e+00   9.722058e+01              2             36              1              6   1.811258e+01   3.263908e-01   1.034032e+00
        116500   1.129779e+00   9.820327e+01              1             33              1              5   1.829179e+01   3.508236e-01   1.034416e+00
        117000   1.167825e+00   7.803598e+01              1             35              1              3   1.811869e+01   3.536097e-01   1.039746e+00
        117500   1.179886e+00   7.898815e+01              1             35              1              6   1.827262e+01   3.549637e-01   1.043094e+00
        118000   1.156273e+00   7.998195e+01              2             40              1              5   1.823691e+01   3.778047e-01   1.024468e+00
        118500   1.156601e+00   8.097464e+01              1             33              1              4   1.818052e+01   3.888334e-01   1.024433e+00
        119000   1.151586e+00   8.196490e+01              2             35              1              6   1.835456e+01   3.985884e-01   1.028521e+00
        119500   1.155063e+00   8.295554e+01              1             32              1              4   1.829823e+01   4.019864e-01   1.035123e+00
        120000   1.143374e+00   8.395110e+01              2             30              1              5   1.832041e+01   4.089772e-01   1.036175e+00
        120500   1.130431e+00   1.052316e+02              2             33              1              6   1.834314e+01   4.143126e-01   1.027427e+00
        121000   1.116406e+00   1.062236e+02              2             34              1              6   1.816030e+01   4.147182e-01   1.025281e+00
        121500   1.132344e+00   8.677808e+01              1             34              1              4   1.865991e+01   4.160739e-01   1.047806e+00
        122000   1.109404e+00   1.082086e+02              1             32              1              5   1.835722e+01   4.127750e-01   1.033597e+00
        122500   1.103235e+00   1.091990e+02              2             35              1              7   1.829838e+01   4.218540e-01   1.026616e+00
        123000   1.137065e+00   8.940820e+01              2             34              1              6   1.832568e+01   4.097005e-01   1.044340e+00
        123500   1.115869e+00   1.111592e+02              1             30              1              5   1.805951e+01   4.037035e-01   1.004900e+00
        124000   1.117921e+00   1.121565e+02              2             34              1              7   1.809847e+01   3.928060e-01   1.008297e+00
        124500   1.134009e+00   1.131370e+02              3             36              1              5   1.791693e+01   3.862439e-01   1.030039e+00
        125000   1.142864e+00   9.315255e+01              2             35              1              6   1.808831e+01   3.906504e-01   1.013297e+00
        125500   1.153536e+00   9.414970e+01              1             33              1              5   1.812955e+01   3.636663e-01   1.030978e+00
        126000   1.147002e+00   9.514551e+01              2             35              1              5   1.826079e+01   3.657643e-01   1.029986e+00
        126500   1.161931e+00   9.614284e+01              2             36              1              5   1.815521e+01   3.761402e-01   1.017098e+00
        127000   1.178967e+00   6.930500e+01              0             36              1              3   1.799975e+01   3.818680e-01   1.009240e+00
        127500   1.177452e+00   7.020398e+01              1             35              1              4   1.809950e+01   3.947785e-01   1.010918e+00
        128000   1.163560e+00   9.910281e+01              2             37              1              4   1.796237e+01   3.830837e-01   1.015633e+00
        128500   1.191053e+00   7.208728e+01              1             36              1              3   1.801474e+01   3.772465e-01   1.026817e+00
        129000   1.166470e+00   1.010475e+02              2             40              1              5   1.791328e+01   3.874554e-01   1.031569e+00
        129500   1.166322e+00   1.020208e+02              1             38              1              4   1.779516e+01   3.906193e-01   1.017308e+00
        130000   1.168959e+00   1.030136e+02              1             40              1              5   1.815436e+01   4.153752e-01   1.020038e+00
        130500   1.174988e+00   7.585996e+01              1             35              1              5   1.828282e+01   4.175639e-01   1.020895e+00
        131000   1.181314e+00   7.681158e+01              1             37              1              6   1.831056e+01   4.103886e-01   1.020682e+00
        131500   1.194369e+00   7.780360e+01              0             34              1              2   1.817013e+01   3.807409e-01   1.017918e+00
        132000   1.212539e+00   7.880091e+01              1             38              0              3   1.801100e+01   3.851712e-01   1.031693e+00
        132500   1.228721e+00   4.954463e+01              1             37              1              4   1.833986e+01   4.015580e-01   1.037842e+00
        133000   1.200697e+00   8.077353e+01              1             39              1              5   1.825091e+01   3.974093e-01   1.042064e+00
        133500   1.198957e+00   8.175917e+01              1             36              1              4   1.841826e+01   4.012726e-01   1.038972e+00
        134000   1.183560e+00   8.272213e+01              3             38              1              5   1.857728e+01   4.105471e-01   1.041118e+00
        134500   1.193010e+00   8.369947e+01              1             38              1              4   1.814943e+01   3.946173e-01   1.021497e+00
        135000   1.164074e+00   1.120778e+02              2             39              1              6   1.826539e+01   3.969114e-01   1.004257e+00
        135500   1.183149e+00   8.560989e+01              1             39              1              6   1.847921e+01   4.051668e-01   1.020024e+00
        136000   1.185539e+00   8.660098e+01              1             38              1              6   1.832919e+01   3.864643e-01   1.020001e+00
        136500   1.196934e+00   8.757348e+01              1             37              1              4   1.862884e+01   3.957220e-01   1.016948e+00
        137000   1.192363e+00   8.855996e+01              1             36              1              5   1.851200e+01   4.066787e-01   1.019376e+00
        137500   1.214677e+00   8.955505e+01              1             38              1              3   1.854211e+01   4.206513e-01   1.013933e+00
        138000   1.217274e+00   5.861445e+01              1             36              1              5   1.828108e+01   4.099703e-01   1.005437e+00
        138500   1.248481e+00   5.958861e+01              1             33              1              5   1.856418e+01   4.147509e-01   1.022505e+00
        139000   1.229896e+00   6.058198e+01              1             36              1              5   1.823323e+01   4.140450e-01   1.018102e+00
        139500   1.207232e+00   9.337668e+01              2             37              1              4   1.827378e+01   4.229663e-01   1.012898e+00
        140000   1.213714e+00   9.437042e+01              2             39              1              3   1.844678e+01   4.255520e-01   1.013017e+00
        140500   1.236623e+00   6.338404e+01              2             38              1              6   1.860038e+01   4.200569e-01   1.042580e+00
        141000   1.249710e+00   6.438232e+01              2             39              1              4   1.865577e+01   4.088980e-01   1.049752e+00
        141500   1.227560e+00   9.715321e+01              1             37              1              3   1.853210e+01   4.240167e-01   1.037695e+00
        142000   1.250563e+00   6.631948e+01              1             37              1              5   1.878669e+01   4.117878e-01   1.056474e+00
        142500   1.272512e+00   6.729698e+01              1             36              1              3   1.839266e+01   4.020628e-01   1.037679e+00
        143000   1.297902e+00   3.932411e+01              1             38              1              3   1.820177e+01   4.054182e-01   1.065552e+00
        143500   1.299246e+00   4.031811e+01              1             36              1              3   1.836928e+01   3.949853e-01   1.049346e+00
        144000   1.304965e+00   4.130404e+01              0             37              1              4   1.836291e+01   3.954393e-01   1.045955e+00
        144500   1.277562e+00   7.101408e+01              0             36              1              4   1.854018e+01   4.098551e-01   1.052427e+00
        145000   1.266700e+00   4.323639e+01              1             39              1              4   1.846958e+01   3.897988e-01   1.058087e+00
        145500   1.256687e+00   7.298614e+01              1             35              1              4   1.839280e+01   4.019635e-01   1.049791e+00
        146000   1.245071e+00   7.397877e+01              1             39              1              4   1.830793e+01   4.136032e-01   1.033729e+00
        146500   1.271117e+00   7.495817e+01              1             36              1              4   1.843337e+01   4.146941e-01   1.050458e+00
        147000   1.218295e+00   1.058362e+02              1             32              1              5   1.863671e+01   4.197813e-01   1.041438e+00
        147500   1.206033e+00   1.068311e+02              1             37              1              5   1.867854e+01   4.380173e-01   1.029312e+00
        148000   1.229202e+00   7.779432e+01              2             37              1              5   1.836893e+01   4.172248e-01   1.029648e+00
        148500   1.244403e+00   7.877667e+01              1             35              1              3   1.835772e+01   4.123688e-01   1.062004e+00
        149000   1.244834e+00   7.976788e+01              1             37              1              5   1.860398e+01   4.358167e-01   1.055248e+00
        149500   1.221007e+00   1.105358e+02              1             38              1              4   1.844746e+01   4.373454e-01   1.039965e+00
        150000   1.226471e+00   8.170926e+01              1             38              1              4   1.840021e+01   4.330294e-01   1.045980e+00
        150500   1.244627e+00   8.270112e+01              1             37              1              5   1.824040e+01   4.307103e-01   1.045133e+00
        151000   1.274608e+00   8.367622e+01              1             38              1              5   1.842576e+01   4.405265e-01   1.057598e+00
        151500   1.261041e+00   8.464569e+01              1             35              1              3   1.816175e+01   4.219875e-01   1.050731e+00
        152000   1.268092e+00   8.562310e+01              1             34              1              5   1.834774e+01   4.377223e-01   1.048811e+00
        152500   1.270305e+00   5.600784e+01              1             32              1              5   1.860934e+01   4.770525e-01   1.045756e+00
        153000   1.279928e+00   8.756155e+01              1             35              1              6   1.820149e+01   4.494717e-01   1.039881e+00
        153500   1.278927e+00   5.794441e+01              1             35              1              4   1.821994e+01   4.337963e-01   1.021829e+00
        154000   1.240135e+00   8.950752e+01              2             36              1              6   1.832139e+01   4.316077e-01   1.023281e+00
        154500   1.269442e+00   9.050178e+01              1             35              1              4   1.819153e+01   4.551741e-01   1.023007e+00
        155000   1.234165e+00   1.196470e+02              2             37              1              5   1.807052e+01   4.626069e-01   1.023033e+00
        155500   1.250459e+00   9.247652e+01              1             38              1              6   1.849057e+01   4.658720e-01   1.020712e+00
        156000   1.270984e+00   9.345642e+01              1             37              1              7   1.846432e+01   4.429701e-01   1.023313e+00
        156500   1.267345e+00   9.443548e+01              1             36              1              6   1.852973e+01   4.456382e-01   1.020133e+00
        157000   1.286871e+00   6.427813e+01              1             35              1              4   1.845861e+01   4.525062e-01   1.033661e+00
        157500   1.285204e+00   6.526665e+01              2             38              1              4   1.864578e+01   4.626684e-01   1.036475e+00
        158000   1.280394e+00   6.625518e+01              1             38              1              4   1.840533e+01   4.594827e-01   1.024362e+00
        158500   1.301926e+00   6.724903e+01              1             38              1              6   1.838036e+01   4.591371e-01   1.039166e+00
        159000   1.299468e+00   6.823654e+01              1             37              1              7   1.846364e+01   4.772789e-01   1.038289e+00
        159500   1.308620e+00   6.923190e+01              1             35              1              3   1.830219e+01   5.182889e-01   1.020391e+00
        160000   1.275865e+00   1.007797e+02              1             36              1              5   1.844870e+01   5.141333e-01   1.016886e+00
        160500   1.258911e+00   1.017568e+02              2             38              1              5   1.828080e+01   4.921949e-01   1.029013e+00
        161000   1.289166e+00   7.213105e+01              1             38              1              4   1.828045e+01   4.854423e-01   1.046252e+00
        161500   1.263344e+00   1.036652e+02              2             35              1              6   1.812590e+01   4.557836e-01   1.031032e+00
        162000   1.285469e+00   7.404585e+01              1             36              1              5   1.850073e+01   4.674664e-01   1.058477e+00
        162500   1.303256e+00   7.503258e+01              1             35              1              5   1.829152e+01   4.800129e-01   1.053640e+00
        163000   1.253661e+00   1.065308e+02              1             39              0              5   1.859270e+01   4.790104e-01   1.033037e+00
        163500   1.252538e+00   1.075275e+02              1             39              1              7   1.816481e+01   4.763973e-01   1.042096e+00
        164000   1.278070e+00   1.085079e+02              1             38              1              6   1.860340e+01   4.637299e-01   1.043678e+00
        164500   1.302341e+00   7.878350e+01              0             37              1              6   1.846243e+01   4.685522e-01   1.040245e+00
        165000   1.287162e+00   7.976246e+01              1             37              1              4   1.829941e+01   4.674207e-01   1.028124e+00
        165500   1.288028e+00   8.075361e+01              1             39              1              5   1.847448e+01   4.760038e-01   1.037074e+00
        166000   1.282683e+00   1.121667e+02              0             37              1              7   1.849843e+01   4.745608e-01   1.024589e+00
        166500   1.295037e+00   8.272344e+01              0             35              1              7   1.851916e+01   4.569173e-01   1.050533e+00
        167000   1.273170e+00   1.140274e+02              1             35              1              4   1.861523e+01   4.613191e-01   1.048471e+00
        167500   1.308144e+00   8.466119e+01              0             34              1              3   1.844393e+01   4.555455e-01   1.049963e+00
        168000   1.283707e+00   8.565234e+01              1             35              1              6   1.843209e+01   4.232811e-01   1.068950e+00
        168500   1.301081e+00   8.664239e+01              0             33              1              4   1.812401e+01   4.459147e-01   1.052469e+00
        169000   1.306864e+00   8.763837e+01              0             38              1              5   1.830176e+01   4.359351e-01   1.050981e+00
        169500   1.312402e+00   8.863027e+01              0             39              1              5   1.810080e+01   4.264456e-01   1.054290e+00
        170000   1.323350e+00   8.960865e+01              0             36              1              4   1.840190e+01   4.267700e-01   1.054774e+00
        170500   1.337014e+00   5.917873e+01              0             33              1              3   1.828400e+01   4.339983e-01   1.044968e+00
        171000   1.333310e+00   6.016155e+01              0             33              0              3   1.842039e+01   4.654019e-01   1.035529e+00
        171500   1.362932e+00   6.115483e+01              0             27              0              3   1.833093e+01   4.453353e-01   1.044568e+00
        172000   1.370846e+00   6.213817e+01              0             29              0              2   1.842829e+01   4.287620e-01   1.060953e+00
        172500   1.343953e+00   6.312929e+01              0             39              1              2   1.805789e+01   4.148905e-01   1.055068e+00
        173000   1.336561e+00   6.412176e+01              1             34              0              2   1.838711e+01   3.996772e-01   1.049784e+00
        173500   1.363334e+00   6.512002e+01              0             33              0              1   1.835028e+01   4.079168e-01   1.036793e+00
        174000   1.359030e+00   6.610445e+01              0             37              0              2   1.863238e+01   4.250313e-01   1.047266e+00
        174500   1.410251e+00   3.975476e+01              0             30              0              1   1.872594e+01   4.055795e-01   1.062707e+00
        175000   1.410945e+00   4.074957e+01              0             38              0              1   1.857750e+01   4.240596e-01   1.059468e+00
        175500   1.392933e+00   4.173778e+01              0             38              0              4   1.866190e+01   4.054160e-01   1.066204e+00
        176000   1.401667e+00   4.273621e+01              0             33              0              0   1.846734e+01   4.077801e-01   1.060231e+00
        176500   1.372605e+00   7.073823e+01              2             38              0              3   1.848123e+01   4.145873e-01   1.049638e+00
        177000   1.373015e+00   7.171441e+01              0             38              0              3   1.826352e+01   4.105810e-01   1.052668e+00
        177500   1.378809e+00   4.563444e+01              1             35              0              1   1.831022e+01   4.037455e-01   1.054594e+00
        178000   1.380294e+00   7.364071e+01              1             37              0              2   1.836211e+01   4.031307e-01   1.060068e+00
        178500   1.375509e+00   7.456444e+01              0             37              0              2   1.827898e+01   3.945687e-01   1.047058e+00
        179000   1.396801e+00   4.854395e+01              0             32              0              2   1.839304e+01   3.983271e-01   1.060442e+00
        179500   1.412880e+00   4.953341e+01              0             37              0              3   1.839598e+01   4.082605e-01   1.064701e+00
        180000   1.389676e+00   5.052700e+01              0             36              0              2   1.838016e+01   4.115997e-01   1.049621e+00
        180500   1.384681e+00   5.149907e+01              1             37              0              3   1.840716e+01   4.329272e-01   1.067015e+00
        181000   1.421536e+00   5.248945e+01              1             35              0              2   1.855678e+01   4.217555e-01   1.055584e+00
        181500   1.406649e+00   5.348409e+01              0             30              0              1   1.856444e+01   4.373954e-01   1.057833e+00
        182000   1.437669e+00   3.230494e+01              0             35              0              2   1.889347e+01   4.575520e-01   1.065402e+00
        182500   1.431618e+00   3.327532e+01              0             34              0              2   1.826488e+01   4.185029e-01   1.043008e+00
        183000   1.395399e+00   5.640610e+01              0             30              0              2   1.824493e+01   4.130296e-01   1.050724e+00
        183500   1.392665e+00   5.738229e+01              1             33              0              3   1.837329e+01   4.090130e-01   1.050165e+00
        184000   1.422443e+00   5.837728e+01              0             30              0              2   1.860143e+01   4.372974e-01   1.049944e+00
        184500   1.452840e+00   3.684838e+01              0             31              0              1   1.849988e+01   4.189966e-01   1.057637e+00
        185000   1.431322e+00   6.025474e+01              0             30              0              1   1.846719e+01   4.089729e-01   1.046608e+00
        185500   1.463737e+00   3.881476e+01              0             25              0              1   1.857793e+01   4.146765e-01   1.036495e+00
        186000   1.457719e+00   3.980436e+01              0             25              0              3   1.856168e+01   4.230610e-01   1.032969e+00
        186500   1.455412e+00   4.080021e+01              0             30              0              2   1.850548e+01   4.061254e-01   1.047544e+00
        187000   1.457271e+00   4.179085e+01              0             25              0              1   1.853860e+01   4.252957e-01   1.041402e+00
        187500   1.461996e+00   4.278856e+01              0             26              0              1   1.841626e+01   4.274668e-01   1.055648e+00
        188000   1.510177e+00   2.594678e+01              0             22              0              1   1.836445e+01   4.310530e-01   1.046110e+00
        188500   1.541113e+00   2.693214e+01              0             16              0              0   1.845972e+01   4.065929e-01   1.024342e+00
        189000   1.518667e+00   2.792666e+01              1             17              0              1   1.827169e+01   4.096446e-01   1.040697e+00
        189500   1.542234e+00   1.604808e+01              1             23              0              1   1.831938e+01   4.066452e-01   1.036445e+00
        190000   1.573338e+00   1.703528e+01              0             13              0              1   1.800895e+01   4.132572e-01   1.017700e+00
        190500   1.556834e+00   1.801665e+01              0             21              0              0   1.839698e+01   4.260944e-01   1.038562e+00
        191000   1.583923e+00   1.900326e+01              0             15              0              0   1.830221e+01   4.209808e-01   1.040357e+00
        191500   1.578510e+00   1.999830e+01              0             22              0              1   1.837027e+01   4.079142e-01   1.025582e+00
        192000   1.562832e+00   2.098824e+01              0             19              0              1   1.859105e+01   4.420542e-01   1.033666e+00
        192500   1.588632e+00   2.197785e+01              0             18              0              1   1.851676e+01   4.469183e-01   1.015313e+00
        193000   1.584967e+00   2.295780e+01              0             17              0              1   1.852406e+01   4.444625e-01   1.029679e+00
        193500   1.577593e+00   2.393908e+01              0             16              0              1   1.856855e+01   4.583222e-01   1.012011e+00
        194000   1.590438e+00   1.584259e+01              0             21              0              2   1.839709e+01   4.645389e-01   1.020656e+00
        194500   1.578169e+00   2.590423e+01              1             17              0              1   1.836782e+01   4.738960e-01   1.030956e+00
        195000   1.595536e+00   1.772974e+01              0             18              0              0   1.852570e+01   4.704759e-01   1.018047e+00
        195500   1.589048e+00   2.785800e+01              0             18              0              0   1.848767e+01   4.752733e-01   1.008187e+00
        196000   1.600857e+00   1.962833e+01              1             13              0              1   1.840869e+01   4.903244e-01   1.022713e+00
        196500   1.597451e+00   2.059371e+01              1             16              0              2   1.845426e+01   4.834676e-01   1.033749e+00
        197000   1.606879e+00   2.158716e+01              0             14              0              0   1.830213e+01   4.719290e-01   1.016248e+00
        197500   1.607206e+00   2.257451e+01              1             15              0              1   1.836464e+01   4.723345e-01   1.025853e+00
        198000   1.604556e+00   3.253101e+01              0             14              0              1   1.836821e+01   4.731901e-01   1.008702e+00
        198500   1.602860e+00   2.451988e+01              0             16              0              1   1.819801e+01   4.777793e-01   1.006308e+00
        199000   1.583941e+00   3.446197e+01              0             17              0              2   1.822706e+01   4.642420e-01   1.022369e+00
        199500   1.615026e+00   2.645086e+01              0             14              0              1   1.804821e+01   4.849868e-01   1.009937e+00
        200000   1.622817e+00   2.743846e+01              0             15              0              1   1.814302e+01   4.783964e-01   9.975161e-01
        200500   1.584686e+00   3.714527e+01              0             16              0              1   1.837462e+01   4.690229e-01   9.949924e-01
        201000   1.632109e+00   2.936858e+01              0             15              0              2   1.822419e+01   4.657159e-01   9.849720e-01
        201500   1.623391e+00   3.035572e+01              0             15              0              1   1.834481e+01   4.578001e-01   1.004855e+00
        202000   1.658320e+00   2.178942e+01              0             14              0              1   1.844081e+01   4.499437e-01   1.026797e+00
        202500   1.665557e+00   2.277920e+01              0             14              0              1   1.829171e+01   4.557121e-01   1.031210e+00
        203000   1.680642e+00   1.450628e+01              1             14              0              1   1.859223e+01   4.741389e-01   1.055264e+00
        203500   1.713644e+00   1.547345e+01              0             14              0              0   1.870372e+01   4.685226e-01   1.049055e+00
        204000   1.676899e+00   2.562660e+01              0             16              0              1   1.817626e+01   4.647949e-01   1.045232e+00
        204500   1.675456e+00   2.660618e+01              0             15              0              2   1.854939e+01   4.636839e-01   1.042896e+00
        205000   1.649240e+00   2.759484e+01              1             15              0              0   1.814728e+01   4.555151e-01   1.032551e+00
        205500   1.595948e+00   4.354053e+01              1             17              0              1   1.805319e+01   4.413091e-01   1.018285e+00
        206000   1.639345e+00   3.802302e+01              1             16              0              2   1.807410e+01   4.362189e-01   1.028343e+00
        206500   1.673510e+00   2.027533e+01              0             15              0              1   1.834286e+01   4.243707e-01   1.042440e+00
        207000   1.700942e+00   2.124754e+01              1             15              0              2   1.859170e+01   4.034986e-01   1.065084e+00
        207500   1.706260e+00   2.223428e+01              0             15              0              2   1.875026e+01   4.039031e-01   1.079428e+00
        208000   1.704472e+00   2.323076e+01              1             15              0              1   1.855658e+01   3.902792e-01   1.070063e+00
        208500   1.701586e+00   3.400174e+01              0             13              0              1   1.819341e+01   3.813641e-01   1.061288e+00
        209000   1.694393e+00   3.494349e+01              1             14              0              1   1.828903e+01   3.717793e-01   1.076703e+00
        209500   1.700571e+00   3.590043e+01              1             13              0              2   1.820423e+01   3.849353e-01   1.077627e+00
        210000   1.710984e+00   2.714656e+01              0             13              0              1   1.843098e+01   3.754870e-01   1.070455e+00
        210500   1.710184e+00   2.812838e+01              1             11              0              0   1.843991e+01   3.597334e-01   1.070298e+00
        211000   1.720056e+00   2.912660e+01              0             11              0              1   1.834710e+01   3.515361e-01   1.084014e+00
        211500   1.734492e+00   3.011869e+01              1             13              0              0   1.835937e+01   3.425291e-01   1.095789e+00
        212000   1.729218e+00   3.110232e+01              0             14              0              0   1.790740e+01   3.442110e-01   1.083387e+00
        212500   1.713734e+00   3.206661e+01              0             14              0              1   1.799059e+01   3.361428e-01   1.064598e+00
        213000   1.755922e+00   2.252025e+01              0             13              0              1   1.793411e+01   3.597629e-01   1.069848e+00
        213500   1.745794e+00   2.350622e+01              1             15              0              1   1.772221e+01   3.455102e-01   1.067193e+00
        214000   1.759303e+00   2.447299e+01              1             10              0              0   1.814301e+01   3.555853e-01   1.072616e+00
        214500   1.741660e+00   2.543863e+01              1             13              0              0   1.780851e+01   3.552780e-01   1.063511e+00
        215000   1.742797e+00   2.641821e+01              0             10              0              1   1.822476e+01   3.693114e-01   1.063669e+00
        215500   1.740718e+00   2.736709e+01              1             10              0              2   1.831623e+01   3.764172e-01   1.074654e+00
        216000   1.732903e+00   3.866488e+01              1             12              0              1   1.806499e+01   3.846561e-01   1.065942e+00
        216500   1.771561e+00   2.930856e+01              1             10              0              0   1.790708e+01   3.732462e-01   1.055401e+00
        217000   1.749557e+00   4.049931e+01              1              9              0              2   1.804968e+01   3.936750e-01   1.054418e+00
        217500   1.738277e+00   4.145397e+01              1             10              0              1   1.798883e+01   3.812066e-01   1.046264e+00
        218000   1.720543e+00   4.243979e+01              0             11              0              1   1.804291e+01   3.876670e-01   1.038975e+00
        218500   1.750578e+00   3.312279e+01              1             10              0              1   1.807143e+01   3.880990e-01   1.042441e+00
        219000   1.787346e+00   3.411383e+01              0             11              0              0   1.798145e+01   3.758345e-01   1.027140e+00
        219500   1.771305e+00   3.510215e+01              0             10              0              1   1.813930e+01   3.767039e-01   1.027085e+00
        220000   1.764706e+00   3.608556e+01              0             11              0              1   1.788282e+01   3.648701e-01   1.054790e+00
        220500   1.771111e+00   3.708217e+01              0             12              0              2   1.786405e+01   3.553564e-01   1.041798e+00
        221000   1.791174e+00   3.806119e+01              0             12              0              1   1.810879e+01   3.497560e-01   1.054966e+00
        221500   1.818154e+00   2.688526e+01              0             13              0              3   1.809788e+01   3.275297e-01   1.055161e+00
        222000   1.800919e+00   3.988851e+01              0             12              0              2   1.792441e+01   3.421660e-01   1.038702e+00
        222500   1.823553e+00   2.886975e+01              0             11              0              2   1.767086e+01   3.286065e-01   1.037504e+00
        223000   1.824576e+00   2.985331e+01              0             11              0              1   1.768080e+01   3.150079e-01   1.026889e+00
        223500   1.835954e+00   3.084612e+01              0             13              0              2   1.797322e+01   3.338012e-01   1.038426e+00
        224000   1.849838e+00   2.002853e+01              0              8              0              2   1.790792e+01   3.159800e-01   1.033015e+00
        224500   1.876758e+00   2.102486e+01              0             12              0              2   1.765882e+01   3.136543e-01   1.017166e+00
        225000   1.900162e+00   1.244179e+01              0             11              0              2   1.801279e+01   3.043748e-01   1.034802e+00
        225500   1.906916e+00   1.340317e+01              0             13              0              1   1.776960e+01   3.060711e-01   1.037044e+00
        226000   1.909067e+00   1.439163e+01              0             12              0              1   1.743081e+01   3.087367e-01   1.051383e+00
        226500   1.931546e+00   1.538896e+01              0             13              0              2   1.769742e+01   3.130957e-01   1.062477e+00
        227000   1.912411e+00   1.638311e+01              0             12              0              1   1.772466e+01   3.257710e-01   1.056050e+00
        227500   1.925046e+00   1.737075e+01              0             12              0              2   1.790202e+01   3.216513e-01   1.064636e+00
        228000   1.930179e+00   1.836351e+01              0             11              0              1   1.788922e+01   3.126347e-01   1.072469e+00
        228500   1.939256e+00   1.935206e+01              0             12              0              1   1.780659e+01   3.243779e-01   1.075988e+00
        229000   1.985614e+00   1.313877e+01              0             11              0              2   1.772702e+01   3.177620e-01   1.069431e+00
        229500   1.948697e+00   1.413261e+01              0             12              0              1   1.756519e+01   3.284411e-01   1.050195e+00
        230000   1.948710e+00   1.510615e+01              0             13              0              1   1.758412e+01   3.219372e-01   1.053395e+00
        230500   1.949205e+00   1.605871e+01              0             12              0              2   1.747766e+01   3.218330e-01   1.042102e+00
        231000   1.968586e+00   1.705533e+01              0             12              0              0   1.757801e+01   3.204824e-01   1.060132e+00
        231500   1.971799e+00   1.805110e+01              0             14              0              0   1.739951e+01   3.217140e-01   1.063971e+00
        232000   1.998858e+00   1.268665e+01              0             12              0              1   1.757156e+01   3.232426e-01   1.056459e+00
        232500   2.002057e+00   1.365044e+01              1             12              0              1   1.727074e+01   3.286875e-01   1.056390e+00
        233000   2.017165e+00   1.464211e+01              0             10              0              1   1.715927e+01   3.123692e-01   1.027825e+00
        233500   2.036716e+00   1.562622e+01              0              8              0              0   1.723815e+01   3.442107e-01   1.036829e+00
        234000   2.015136e+00   1.661784e+01              0             13              0              2   1.724321e+01   3.338461e-01   1.028015e+00
        234500   2.036515e+00   1.760485e+01              0             15              0              1   1.709534e+01   3.367599e-01   1.036947e+00
        235000   2.042667e+00   1.858666e+01              0             13              0              0   1.762610e+01   3.154978e-01   1.037756e+00
        235500   2.039483e+00   1.349212e+01              0             16              0              2   1.726470e+01   3.106666e-01   1.026197e+00
        236000   2.064137e+00   1.443449e+01              1             16              0              1   1.735467e+01   3.153009e-01   1.024040e+00
        236500   2.055797e+00   1.542500e+01              0             14              0              1   1.718244e+01   3.278478e-01   1.006481e+00
        237000   2.054357e+00   1.640794e+01              0             14              0              1   1.717469e+01   3.118156e-01   9.986247e-01
        237500   2.065379e+00   1.738657e+01              0             14              0              1   1.722625e+01   2.962157e-01   1.013810e+00
        238000   2.088886e+00   1.837491e+01              0             13              0              2   1.744890e+01   3.216611e-01   1.009151e+00
        238500   2.058159e+00   1.936223e+01              0             14              0              1   1.715447e+01   3.308843e-01   1.001088e+00
        239000   2.016698e+00   2.602320e+01              0             14              0              2   1.717565e+01   3.217582e-01   1.006211e+00
        239500   2.010089e+00   2.701596e+01              0             14              0              2   1.697926e+01   3.462934e-01   1.019181e+00
        240000   1.971133e+00   3.168986e+01              0             13              0              2   1.704401e+01   3.515343e-01   1.010950e+00
        240500   1.967808e+00   3.268107e+01              0             13              0              2   1.708178e+01   3.459255e-01   9.851534e-01
        241000   1.964705e+00   3.367666e+01              0             13              0              2   1.722254e+01   3.391989e-01   1.004210e+00
        241500   1.975383e+00   3.466973e+01              0             13              0              2   1.762452e+01   3.366701e-01   9.972652e-01
        242000   1.986459e+00   3.566270e+01              0             13              0              2   1.739007e+01   3.408980e-01   9.969288e-01
        242500   1.992772e+00   3.232777e+01              0             14              0              2   1.759914e+01   3.341002e-01   1.009164e+00
        243000   2.013532e+00   3.330707e+01              0             13              0              3   1.787118e+01   3.293075e-01   1.016467e+00
        243500   2.045346e+00   3.428368e+01              0             13              0              0   1.774843e+01   3.457673e-01   1.027278e+00
        244000   1.995672e+00   3.526214e+01              0             15              0              1   1.738435e+01   3.387577e-01   1.011182e+00
        244500   2.026420e+00   3.625366e+01              0             13              0              1   1.749855e+01   3.456302e-01   1.017760e+00
        245000   2.036425e+00   3.724731e+01              0             14              0              2   1.729490e+01   3.549451e-01   1.043042e+00
        245500   2.057421e+00   3.018065e+01              0             14              0              2   1.706924e+01   3.499598e-01   1.029078e+00
        246000   2.076872e+00   3.117646e+01              0             14              0              1   1.744417e+01   3.517556e-01   1.047042e+00
        246500   2.079097e+00   3.216043e+01              0             14              0              1   1.704250e+01   3.394598e-01   1.018054e+00
        247000   2.096857e+00   2.265948e+01              0             14              0              2   1.704900e+01   3.313909e-01   1.029119e+00
        247500   2.131504e+00   2.364733e+01              0             14              0              1   1.730250e+01   3.361303e-01   1.040019e+00
        248000   2.122109e+00   2.463302e+01              0             14              0              1   1.690531e+01   3.385026e-01   1.028320e+00
        248500   2.142737e+00   1.544781e+01              0             14              0              1   1.731332e+01   3.189199e-01   1.025550e+00
        249000   2.134881e+00   2.658852e+01              0             16              0              2   1.710461e+01   3.288848e-01   1.036238e+00
        249500   2.141839e+00   2.754408e+01              0             13              0              1   1.742531e+01   3.339303e-01   1.046278e+00
        250000   2.151393e+00   2.850635e+01              0             14              0              2   1.731786e+01   3.389218e-01   1.025480e+00
        250500   2.166341e+00   1.934254e+01              0             13              0              1   1.720438e+01   3.190727e-01   1.028095e+00
        251000   2.184490e+00   2.032098e+01              0             14              0              2   1.734634e+01   3.300504e-01   1.022136e+00
        251500   2.159476e+00   2.131646e+01              1             14              0              1   1.764678e+01   3.249815e-01   1.013373e+00
        252000   2.151858e+00   2.230651e+01              0             13              0              0   1.750610e+01   3.302213e-01   1.031724e+00
        252500   2.153751e+00   2.329782e+01              0             13              0              1   1.774880e+01   3.184876e-01   1.048910e+00
        253000   2.153438e+00   2.429152e+01              1             13              0              1   1.753128e+01   3.219076e-01   1.035658e+00
        253500   2.167562e+00   2.527478e+01              0             11              0              1   1.818467e+01   3.131105e-01   1.062711e+00
        254000   2.134881e+00   3.574526e+01              0             13              0              0   1.791724e+01   3.160122e-01   1.040192e+00
        254500   2.162416e+00   2.719851e+01              0             15              0              0   1.802728e+01   3.148903e-01   1.055997e+00
        255000   2.205607e+00   1.851546e+01              0             13              0              2   1.820256e+01   3.024273e-01   1.054527e+00
        255500   2.234247e+00   1.124589e+01              1             14              0              1   1.813679e+01   3.153054e-01   1.063661e+00
        256000   2.236822e+00   2.046775e+01              0             14              0              2   1.798919e+01   2.952493e-01   1.066937e+00
        256500   2.222754e+00   2.145747e+01              0             13              0              0   1.785021e+01   2.966402e-01   1.042264e+00
        257000   2.243791e+00   1.396465e+01              0             13              0              1   1.805858e+01   3.054577e-01   1.068620e+00
        257500   2.245791e+00   2.340766e+01              0             13              0              1   1.790881e+01   3.000920e-01   1.054405e+00
        258000   2.265926e+00   1.593269e+01              0             13              0              1   1.810042e+01   3.125328e-01   1.061221e+00
        258500   2.289879e+00   9.985405e+00              1             19              0              2   1.785283e+01   3.260309e-01   1.060231e+00
        259000   2.296209e+00   1.095976e+01              1             16              0              1   1.804938e+01   3.335758e-01   1.069909e+00
        259500   2.306517e+00   1.193175e+01              0             13              0              0   1.797418e+01   3.339124e-01   1.052370e+00
        260000   2.296327e+00   1.290764e+01              0             13              0              1   1.801520e+01   3.607962e-01   1.054509e+00
        260500   2.276564e+00   2.073870e+01              0             11              0              1   1.797351e+01   3.679721e-01   1.056810e+00
        261000   2.254326e+00   2.173140e+01              0             11              0              1   1.805381e+01   3.783410e-01   1.047150e+00
        261500   2.234500e+00   2.992050e+01              0             14              0              0   1.774282e+01   3.509978e-01   1.033825e+00
        262000   2.211920e+00   3.091139e+01              1             14              0              1   1.757558e+01   3.592312e-01   1.022981e+00
        262500   2.176704e+00   3.841565e+01              1              9              0              1   1.767143e+01   3.624167e-01   1.024288e+00
        263000   2.182849e+00   3.939929e+01              0              9              0              1   1.742216e+01   3.593519e-01   1.007989e+00
        263500   2.210788e+00   3.377752e+01              0             11              0              2   1.741685e+01   3.410501e-01   1.008228e+00
        264000   2.204440e+00   3.473814e+01              0              9              0              1   1.727989e+01   3.470899e-01   1.008224e+00
        264500   2.227645e+00   3.571898e+01              1              9              0              2   1.715190e+01   3.503067e-01   9.972325e-01
        265000   2.255732e+00   2.829357e+01              0              8              0              1   1.713561e+01   3.509526e-01   1.003449e+00
        265500   2.234405e+00   3.765195e+01              0              8              0              0   1.733257e+01   3.632268e-01   9.949239e-01
        266000   2.232907e+00   3.863991e+01              0              8              0              0   1.736700e+01   3.606067e-01   9.992274e-01
        266500   2.215174e+00   3.963470e+01              0              8              0              1   1.715580e+01   3.736085e-01   9.938173e-01
        267000   2.284064e+00   3.204682e+01              1              8              0              0   1.717847e+01   3.641528e-01   9.835361e-01
        267500   2.292088e+00   3.303261e+01              0              8              0              1   1.697736e+01   3.665429e-01   9.785270e-01
        268000   2.344142e+00   1.434595e+01              0              8              0              1   1.738252e+01   3.509777e-01   9.755114e-01
        268500   2.390992e+00   1.531921e+01              0              8              0              0   1.734127e+01   3.426825e-01   9.975506e-01
        269000   2.433225e+00   9.038492e+00              0              8              0              1   1.727695e+01   3.415910e-01   1.012793e+00
        269500   2.456231e+00   5.386948e+00              0              8              0              0   1.740406e+01   3.442276e-01   1.010269e+00
        270000   2.480572e+00   6.365406e+00              1              8              0              0   1.745776e+01   3.421010e-01   1.009054e+00
        270500   2.508404e+00   4.429997e+00              0              8              0              1   1.739633e+01   3.635301e-01   1.011457e+00
        271000   2.529336e+00   5.424181e+00              1              8              0              0   1.780955e+01   3.726418e-01   1.015962e+00
        271500   2.483509e+00   9.169172e+00              0              8              0              0   1.706975e+01   3.811956e-01   1.005670e+00
        272000   2.495882e+00   1.014521e+01              0              8              0              0   1.724736e+01   3.819650e-01   1.029363e+00
        272500   2.494646e+00   8.292432e+00              0              9              0              1   1.742049e+01   3.944366e-01   1.014876e+00
        273000   2.469805e+00   1.209141e+01              0              8              0              1   1.740219e+01   4.223145e-01   1.005149e+00
        273500   2.463429e+00   1.308612e+01              0              8              0              1   1.722838e+01   3.875544e-01   1.000194e+00
        274000   2.468732e+00   1.406489e+01              0              8              0              1   1.752233e+01   3.868557e-01   9.936181e-01
        274500   2.483733e+00   1.505778e+01              0              9              0              1   1.771165e+01   3.797464e-01   1.006942e+00
        275000   2.474162e+00   1.605252e+01              1              8              0              0   1.730444e+01   3.676688e-01   9.775859e-01
        275500   2.464362e+00   1.705043e+01              0              9              0              0   1.747615e+01   3.342997e-01   9.799992e-01
        276000   2.500106e+00   1.444704e+01              0              8              0              1   1.712921e+01   3.226646e-01   9.838972e-01
        276500   2.500499e+00   1.542724e+01              0              8              0              1   1.731353e+01   3.301621e-01   9.741876e-01
        277000   2.445802e+00   2.226369e+01              0              8              0              0   1.721029e+01   3.243138e-01   9.856582e-01
        277500   2.405463e+00   2.323659e+01              0              8              0              1   1.740033e+01   3.354348e-01   9.809570e-01
        278000   2.386210e+00   2.686596e+01              0              8              0              0   1.741851e+01   3.403927e-01   9.680744e-01
        278500   2.384784e+00   2.785657e+01              1              8              0              1   1.774070e+01   3.464765e-01   9.623247e-01
        279000   2.390477e+00   2.884933e+01              0              8              0              1   1.770237e+01   3.844983e-01   9.862714e-01
        279500   2.379967e+00   2.982564e+01              0              9              0              1   1.759321e+01   4.021746e-01   9.910722e-01
        280000   2.398303e+00   2.794991e+01              1              8              0              0   1.811964e+01   3.898952e-01   9.857937e-01
        280500   2.392793e+00   2.885441e+01              1              8              0              1   1.824072e+01   4.169212e-01   1.010690e+00
        281000   2.433196e+00   2.984157e+01              1              8              0              0   1.814268e+01   4.402939e-01   1.021071e+00
        281500   2.390560e+00   3.359960e+01              0              8              0              0   1.815294e+01   4.320734e-01   1.021243e+00
        282000   2.401191e+00   3.458213e+01              0              8              0              1   1.816735e+01   4.208962e-01   1.040203e+00
        282500   2.400389e+00   3.275078e+01              0              8              0              1   1.817059e+01   3.952204e-01   1.046837e+00
        283000   2.406673e+00   3.372356e+01              0              8              0              1   1.813011e+01   3.930755e-01   1.049133e+00
        283500   2.441205e+00   3.471725e+01              0              8              0              1   1.818508e+01   4.063299e-01   1.050348e+00
        284000   2.442712e+00   3.568689e+01              0              6              0              1   1.836339e+01   4.074762e-01   1.056704e+00
        284500   2.438705e+00   3.664447e+01              0              9              0              0   1.802051e+01   4.144382e-01   1.053386e+00
        285000   2.465459e+00   3.281265e+01              0              8              0              1   1.796173e+01   4.264529e-01   1.060321e+00
        285500   2.475331e+00   3.380833e+01              0              8              0              1   1.819581e+01   4.127093e-01   1.035654e+00
        286000   2.459517e+00   3.479985e+01              0              8              0              1   1.811051e+01   4.238257e-01   1.056104e+00
        286500   2.472913e+00   3.578754e+01              0              8              0              0   1.800167e+01   4.154534e-01   1.038116e+00
        287000   2.473452e+00   3.678416e+01              1              9              0              2   1.804875e+01   4.204652e-01   1.042979e+00
        287500   2.434492e+00   4.193981e+01              0              8              0              0   1.803378e+01   4.201302e-01   1.044877e+00
        288000   2.454960e+00   3.866250e+01              1              9              0              1   1.793522e+01   3.979833e-01   1.043457e+00
        288500   2.375952e+00   4.431781e+01              0              8              0              0   1.793416e+01   4.115399e-01   1.058742e+00
        289000   2.429168e+00   4.484213e+01              0              8              0              0   1.790619e+01   4.223996e-01   1.058443e+00
        289500   2.431107e+00   4.583593e+01              1              9              0              1   1.808525e+01   4.205482e-01   1.050148e+00
        290000   2.441393e+00   4.205937e+01              0              8              0              1   1.761963e+01   4.191550e-01   1.044917e+00
        290500   2.441190e+00   4.780555e+01              0              9              0              0   1.791117e+01   4.243015e-01   1.045880e+00
        291000   2.481248e+00   4.395238e+01              0              9              0              1   1.765854e+01   4.253123e-01   1.026724e+00
        291500   2.491853e+00   3.464712e+01              1              8              0              0   1.794990e+01   4.454966e-01   1.055733e+00
        292000   2.444715e+00   5.041655e+01              0             11              0              0   1.817883e+01   4.334531e-01   1.049627e+00
        292500   2.419605e+00   5.140364e+01              0              9              0              1   1.799043e+01   4.622381e-01   1.030794e+00
        293000   2.424358e+00   5.239698e+01              0              8              0              0   1.768534e+01   4.752659e-01   1.000820e+00
        293500   2.398102e+00   5.226188e+01              0              9              0              0   1.764763e+01   4.908617e-01   9.857614e-01
        294000   2.366512e+00   5.325154e+01              0              8              0              2   1.780040e+01   4.874088e-01   9.956650e-01
        294500   2.419542e+00   5.517727e+01              0              8              0              0   1.793014e+01   4.911637e-01   9.891418e-01
        295000   2.462273e+00   5.076722e+01              1              8              0              1   1.809000e+01   4.894494e-01   1.014375e+00
        295500   2.518909e+00   3.975110e+01              0              7              0              1   1.810157e+01   4.836449e-01   1.020096e+00
        296000   2.590783e+00   1.381069e+01              1              8              0              1   1.817657e+01   4.612756e-01   1.029150e+00
        296500   2.595261e+00   1.479981e+01              0              7              0              1   1.806982e+01   4.750620e-01   1.033889e+00
        297000   2.621379e+00   1.578813e+01              0              7              0              1   1.777670e+01   4.804339e-01   1.013485e+00
        297500   2.643045e+00   1.677196e+01              0              7              0              2   1.767986e+01   4.915576e-01   9.910453e-01
        298000   2.678998e+00   9.575340e+00              1              8              0              1   1.814415e+01   4.875202e-01   1.017161e+00
        298500   2.726347e+00   5.750774e+00              1              8              0              0   1.823605e+01   4.530576e-01   1.027276e+00
        299000   2.727474e+00   6.746883e+00              0              8              0              2   1.789989e+01   4.635215e-01   1.034859e+00
        299500   2.711940e+00   7.741078e+00              0              8              0              0   1.804608e+01   4.587805e-01   1.024067e+00
        300000   2.719249e+00   8.736411e+00              0              8              0              0   1.802437e+01   4.609129e-01   1.023674e+00
        300500   2.740924e+00   9.727715e+00              0              8              0              1   1.789553e+01   4.619954e-01   1.017220e+00
        301000   2.698750e+00   1.071715e+01              0              7              0              1   1.796206e+01   4.686798e-01   1.022656e+00
        301500   2.714133e+00   1.170657e+01              1              7              0              1   1.828987e+01   4.844159e-01   1.024088e+00
        302000   2.711562e+00   1.270006e+01              0              8              0              1   1.833747e+01   4.862251e-01   1.016704e+00
        302500   2.738354e+00   1.368602e+01              0              7              0              1   1.803092e+01   4.753433e-01   9.999546e-01
        303000   2.720722e+00   1.468166e+01              0              8              0              1   1.816597e+01   5.098706e-01   1.004798e+00
        303500   2.737666e+00   1.567716e+01              0              8              0              0   1.798926e+01   5.241467e-01   1.020154e+00
        304000   2.755724e+00   1.263239e+01              0              5              0              0   1.774330e+01   5.219190e-01   9.999443e-01
        304500   2.793089e+00   1.362409e+01              0              5              0              0   1.783408e+01   5.063111e-01   1.006668e+00
