          step              r      E_metad_r      n_cont_CA   n_cont_heavy       n_saltbr        n_hbond           SASA           RMSD             Rg 
             0   8.652810e-01   0.000000e+00              2             48              0              7   1.508517e+01   0.000000e+00   8.759846e-01
           500   9.090149e-01   9.458378e-01              2             45              0              8   1.518855e+01   6.360161e-02   8.907043e-01
          1000   8.887919e-01   1.941636e+00              2             46              0              9   1.513016e+01   9.406179e-02   8.889991e-01
          1500   8.820555e-01   2.927296e+00              2             45              0              4   1.535087e+01   8.714141e-02   8.790358e-01
          2000   8.889665e-01   3.912490e+00              2             45              0              6   1.554205e+01   1.075097e-01   8.830482e-01
          2500   8.911198e-01   4.706858e+00              2             44              0              9   1.540379e+01   9.909252e-02   8.769120e-01
          3000   8.727617e-01   5.887431e+00              2             47              0              9   1.541783e+01   1.037659e-01   8.872610e-01
          3500   8.977737e-01   6.877115e+00              3             47              0              7   1.549782e+01   1.098717e-01   8.894605e-01
          4000   8.989397e-01   7.842479e+00              2             45              0              7   1.577206e+01   1.289174e-01   9.083195e-01
          4500   9.081087e-01   8.478953e+00              2             44              0              7   1.543386e+01   1.409832e-01   8.998580e-01
          5000   9.073843e-01   9.438442e+00              2             48              0              8   1.531224e+01   1.415114e-01   9.016523e-01
          5500   9.132535e-01   1.041714e+01              2             44              0              8   1.550853e+01   1.340825e-01   9.072843e-01
          6000   8.856120e-01   1.166429e+01              2             50              0              8   1.522053e+01   1.059716e-01   8.803135e-01
          6500   9.041069e-01   1.234600e+01              2             48              0              7   1.501549e+01   1.270013e-01   8.808341e-01
          7000   8.845497e-01   1.360287e+01              2             53              0              6   1.510077e+01   1.465322e-01   8.873215e-01
          7500   9.096110e-01   1.425305e+01              2             51              0              7   1.545899e+01   1.319439e-01   8.857121e-01
          8000   9.148496e-01   1.524526e+01              2             47              0              6   1.537665e+01   1.572733e-01   9.025261e-01
          8500   9.215366e-01   1.624245e+01              2             46              0              7   1.544087e+01   1.537976e-01   9.048067e-01
          9000   9.507302e-01   1.720117e+01              2             51              0              6   1.545711e+01   1.520335e-01   9.027068e-01
          9500   9.387784e-01   1.818098e+01              2             56              0              7   1.558255e+01   1.522068e-01   8.942741e-01
         10000   9.163820e-01   1.916859e+01              3             54              0              5   1.537756e+01   1.571860e-01   8.956781e-01
         10500   9.350565e-01   2.014092e+01              2             52              0              7   1.548585e+01   1.750894e-01   8.996514e-01
         11000   9.122452e-01   2.113938e+01              2             54              0              7   1.568140e+01   1.867306e-01   9.053701e-01
         11500   9.062849e-01   2.212000e+01              2             51              0              7   1.560116e+01   1.724198e-01   9.055833e-01
         12000   9.041424e-01   2.309537e+01              2             54              0              8   1.512072e+01   1.771706e-01   8.889222e-01
         12500   9.019373e-01   2.408127e+01              2             49              0              8   1.548437e+01   1.702424e-01   8.942749e-01
         13000   9.280883e-01   2.505398e+01              2             47              0              7   1.563488e+01   1.775733e-01   9.110819e-01
         13500   9.292539e-01   2.605058e+01              2             47              0              6   1.557922e+01   1.897428e-01   8.949359e-01
         14000   9.465169e-01   2.704443e+01              2             46              0              5   1.558911e+01   1.823768e-01   9.084005e-01
         14500   9.221808e-01   2.802420e+01              2             46              0              7   1.580769e+01   1.864800e-01   9.039979e-01
         15000   9.404831e-01   2.411109e+01              2             48              0              7   1.563308e+01   1.941562e-01   9.131704e-01
         15500   9.112244e-01   2.997843e+01              2             47              0              7   1.561238e+01   1.915553e-01   9.005268e-01
         16000   8.946538e-01   2.941392e+01              2             43              0              8   1.543879e+01   1.590989e-01   8.718825e-01
         16500   9.194860e-01   3.188719e+01              2             44              0              6   1.556160e+01   1.753766e-01   8.999973e-01
         17000   9.032815e-01   3.285897e+01              2             46              0              6   1.547649e+01   1.766732e-01   9.012327e-01
         17500   8.852639e-01   3.229938e+01              2             46              1              6   1.536940e+01   1.584245e-01   8.958429e-01
         18000   9.123853e-01   3.476684e+01              1             46              0              7   1.540052e+01   1.769691e-01   8.987263e-01
         18500   8.859491e-01   3.423346e+01              2             45              0              4   1.564748e+01   1.957541e-01   9.034345e-01
         19000   8.664891e-01   3.522961e+01              2             46              0              6   1.571277e+01   1.884217e-01   9.077730e-01
         19500   8.839026e-01   3.621911e+01              2             47              0              6   1.559544e+01   2.104376e-01   8.970635e-01
         20000   8.543578e-01   2.860392e+01              1             48              0              8   1.538126e+01   1.924820e-01   8.868344e-01
         20500   8.759252e-01   3.817993e+01              2             51              0              5   1.542905e+01   1.800568e-01   8.949830e-01
         21000   9.041065e-01   3.917289e+01              2             43              0              7   1.570174e+01   1.770478e-01   9.100729e-01
         21500   8.571351e-01   3.122312e+01              1             43              0              8   1.520126e+01   1.625731e-01   8.887423e-01
         22000   8.574294e-01   3.215698e+01              2             49              0              4   1.515329e+01   1.714537e-01   8.827443e-01
         22500   8.629043e-01   3.311724e+01              2             43              0              7   1.518502e+01   1.920502e-01   8.876543e-01
         23000   8.741113e-01   4.308238e+01              2             44              0              8   1.527795e+01   1.815496e-01   8.856559e-01
         23500   8.902812e-01   4.406954e+01              2             45              0              8   1.527119e+01   1.852095e-01   8.874522e-01
         24000   8.829561e-01   4.505383e+01              2             44              0              7   1.538005e+01   1.943493e-01   8.874853e-01
         24500   8.813290e-01   4.604054e+01              1             42              0              7   1.537510e+01   1.891444e-01   8.751736e-01
         25000   8.669396e-01   4.700571e+01              2             41              0              5   1.440854e+01   1.966084e-01   8.425223e-01
         25500   8.682226e-01   4.799108e+01              2             46              0              6   1.459019e+01   1.965426e-01   8.697302e-01
         26000   8.936985e-01   4.831444e+01              2             47              0              7   1.484969e+01   1.960854e-01   8.673231e-01
         26500   9.214217e-01   4.928008e+01              2             43              0              5   1.478426e+01   1.991280e-01   8.961991e-01
         27000   8.857926e-01   5.080194e+01              1             42              0              7   1.468115e+01   1.974761e-01   8.787285e-01
         27500   9.223828e-01   5.123690e+01              2             42              0              8   1.473980e+01   2.022987e-01   8.997310e-01
         28000   9.067453e-01   5.223267e+01              2             44              0              6   1.482201e+01   1.887816e-01   8.882683e-01
         28500   9.227674e-01   5.322626e+01              2             43              0              8   1.503527e+01   2.049468e-01   8.871535e-01
         29000   9.151922e-01   5.421769e+01              2             46              0              7   1.470661e+01   2.025488e-01   8.765577e-01
         29500   9.233939e-01   5.520922e+01              2             43              0              8   1.458945e+01   1.898853e-01   8.700288e-01
         30000   9.106381e-01   5.619213e+01              2             43              0              6   1.475052e+01   2.038014e-01   8.828795e-01
         30500   8.895237e-01   5.716105e+01              2             43              0              7   1.466328e+01   1.959919e-01   8.748904e-01
         31000   8.804205e-01   5.810698e+01              2             42              0              7   1.460913e+01   1.905317e-01   8.618857e-01
         31500   8.757323e-01   5.910080e+01              2             44              1              8   1.477814e+01   1.858296e-01   8.552039e-01
         32000   8.721712e-01   6.009426e+01              1             44              1              7   1.469651e+01   1.927141e-01   8.631934e-01
         32500   8.708553e-01   6.108068e+01              1             42              1              6   1.492145e+01   1.900384e-01   8.705639e-01
         33000   8.459795e-01   4.978603e+01              1             49              0              7   1.504245e+01   1.844832e-01   8.778427e-01
         33500   8.745489e-01   6.301549e+01              2             48              1              8   1.513258e+01   1.740217e-01   8.744686e-01
         34000   9.090324e-01   6.306978e+01              1             41              0              5   1.501434e+01   1.793400e-01   8.772168e-01
         34500   8.747942e-01   6.497964e+01              1             43              0              6   1.498440e+01   1.740137e-01   8.796457e-01
         35000   8.709735e-01   6.596757e+01              2             46              0              7   1.547369e+01   1.843754e-01   8.783953e-01
         35500   8.525350e-01   5.414822e+01              2             47              0              7   1.522335e+01   1.781521e-01   8.767966e-01
         36000   8.507256e-01   5.514401e+01              3             47              0              7   1.497453e+01   1.860725e-01   8.652621e-01
         36500   8.849226e-01   6.881950e+01              2             46              0              5   1.510318e+01   1.854228e-01   8.708081e-01
         37000   8.796548e-01   6.980238e+01              2             38              0              6   1.506561e+01   1.878521e-01   8.683647e-01
         37500   8.511642e-01   5.788999e+01              1             46              1              6   1.499695e+01   1.788424e-01   8.624183e-01
         38000   8.585104e-01   7.176215e+01              2             44              2              7   1.492940e+01   1.814874e-01   8.664924e-01
         38500   8.645791e-01   5.979519e+01              2             47              1              7   1.524130e+01   2.140844e-01   8.702169e-01
         39000   8.622469e-01   7.366871e+01              2             42              1              8   1.490990e+01   2.032130e-01   8.580114e-01
         39500   8.490407e-01   6.173415e+01              1             46              2              8   1.488854e+01   2.187622e-01   8.494003e-01
         40000   8.868010e-01   7.557717e+01              1             43              2              7   1.523044e+01   2.113959e-01   8.639680e-01
         40500   8.761351e-01   7.656303e+01              1             45              1              8   1.532045e+01   2.075601e-01   8.543347e-01
         41000   8.609611e-01   6.453148e+01              1             45              1              9   1.517968e+01   2.130340e-01   8.492287e-01
         41500   8.472198e-01   6.552206e+01              1             40              1              7   1.535360e+01   2.012661e-01   8.620039e-01
         42000   8.451055e-01   6.647649e+01              2             44              1              8   1.499893e+01   2.072675e-01   8.662970e-01
         42500   8.626084e-01   8.030884e+01              2             43              1              8   1.492091e+01   1.931193e-01   8.550812e-01
         43000   8.954467e-01   8.130276e+01              2             44              1              8   1.530642e+01   1.883349e-01   8.720348e-01
         43500   8.787462e-01   8.225202e+01              1             41              1              8   1.533635e+01   1.979267e-01   8.680650e-01
         44000   8.804768e-01   8.323994e+01              2             46              2              7   1.509146e+01   1.844477e-01   8.615713e-01
         44500   9.070130e-01   7.990445e+01              2             43              2              7   1.530352e+01   1.728411e-01   8.687856e-01
         45000   9.495742e-01   6.140811e+01              2             45              1              6   1.540012e+01   1.722004e-01   8.924860e-01
         45500   9.581377e-01   6.240472e+01              2             41              0              6   1.560743e+01   1.702631e-01   9.068306e-01
         46000   9.243501e-01   8.263558e+01              2             43              1              6   1.523013e+01   1.695408e-01   8.968091e-01
         46500   9.173815e-01   8.360464e+01              1             42              1              7   1.508839e+01   1.479474e-01   8.813123e-01
         47000   9.292646e-01   8.459747e+01              2             44              1              6   1.550208e+01   1.554027e-01   8.956809e-01
         47500   9.525226e-01   6.620795e+01              1             43              1              5   1.514693e+01   1.606708e-01   8.917167e-01
         48000   9.792827e-01   6.719386e+01              2             44              0              6   1.522522e+01   1.571986e-01   9.020538e-01
         48500   9.645598e-01   6.817458e+01              1             43              0              5   1.540955e+01   1.649287e-01   9.064416e-01
         49000   9.670655e-01   6.916860e+01              1             42              0              5   1.551347e+01   1.547683e-01   8.993500e-01
         49500   9.155864e-01   8.887110e+01              1             44              0              6   1.526380e+01   1.765296e-01   8.994535e-01
         50000   9.407268e-01   7.106158e+01              2             45              0              7   1.545206e+01   1.782316e-01   9.014371e-01
         50500   9.439867e-01   7.205735e+01              2             46              0              6   1.519249e+01   1.625764e-01   8.795506e-01
         51000   9.493840e-01   7.305199e+01              1             45              1              6   1.525133e+01   1.579720e-01   8.747226e-01
         51500   1.003272e+00   4.805955e+01              2             42              1              6   1.538832e+01   1.747580e-01   8.881145e-01
         52000   1.004882e+00   4.905674e+01              1             41              1              5   1.532126e+01   1.859023e-01   8.907280e-01
         52500   1.040429e+00   2.714034e+01              1             40              0              4   1.522156e+01   1.822760e-01   8.909017e-01
         53000   1.038348e+00   5.097599e+01              1             38              0              5   1.504470e+01   1.801754e-01   8.863099e-01
         53500   1.008876e+00   5.195218e+01              2             44              0              6   1.493929e+01   2.098954e-01   8.762497e-01
         54000   1.005950e+00   5.294825e+01              1             40              0              5   1.510002e+01   1.991140e-01   8.889106e-01
         54500   1.030186e+00   3.092727e+01              1             39              0              5   1.481201e+01   2.174605e-01   8.717616e-01
         55000   1.007576e+00   5.490854e+01              1             42              0              4   1.514868e+01   2.119658e-01   8.991286e-01
         55500   1.011346e+00   5.590476e+01              3             39              0              4   1.472872e+01   2.045633e-01   8.739823e-01
         56000   1.004407e+00   5.689678e+01              3             40              0              4   1.491227e+01   2.285392e-01   8.788006e-01
         56500   1.038717e+00   3.464746e+01              2             39              0              6   1.485399e+01   2.212516e-01   8.723541e-01
         57000   1.007901e+00   5.882393e+01              1             40              0              4   1.488707e+01   2.265118e-01   8.743920e-01
         57500   1.017321e+00   5.980881e+01              1             43              0              5   1.477177e+01   2.421936e-01   8.650262e-01
         58000   1.034286e+00   6.078849e+01              2             39              0              5   1.518900e+01   2.179966e-01   8.970144e-01
         58500   1.048558e+00   3.845801e+01              3             43              0              3   1.511077e+01   2.156528e-01   8.981635e-01
         59000   1.037340e+00   3.943817e+01              3             41              0              5   1.514424e+01   2.236772e-01   8.938770e-01
         59500   1.041302e+00   4.042812e+01              2             39              0              3   1.481325e+01   2.137929e-01   8.752665e-01
         60000   1.054313e+00   4.142322e+01              1             41              0              4   1.488739e+01   2.155870e-01   9.015250e-01
         60500   1.001989e+00   6.542370e+01              3             43              0              2   1.476117e+01   2.297997e-01   8.705172e-01
         61000   1.045486e+00   4.332486e+01              2             42              0              3   1.516825e+01   2.317184e-01   8.877308e-01
         61500   1.051463e+00   4.432166e+01              2             41              0              3   1.506970e+01   2.279724e-01   8.766381e-01
         62000   1.069840e+00   4.529543e+01              2             42              0              3   1.505001e+01   2.147432e-01   8.940377e-01
         62500   1.072818e+00   4.628759e+01              1             40              0              3   1.499269e+01   2.089883e-01   8.780898e-01
         63000   1.093968e+00   2.839816e+01              3             41              0              3   1.531142e+01   2.033848e-01   9.007594e-01
         63500   1.077023e+00   2.935994e+01              2             41              0              4   1.503860e+01   2.070068e-01   8.842250e-01
         64000   1.081212e+00   4.920330e+01              2             40              0              3   1.509080e+01   2.037499e-01   8.869345e-01
         64500   1.092449e+00   3.123973e+01              1             37              0              3   1.487842e+01   2.013800e-01   8.795725e-01
         65000   1.122689e+00   3.223042e+01              1             38              0              3   1.491873e+01   2.037226e-01   8.818457e-01
         65500   1.085028e+00   3.322365e+01              2             39              0              3   1.489719e+01   2.114559e-01   8.855220e-01
         66000   1.069623e+00   5.290702e+01              2             41              0              3   1.496061e+01   2.292255e-01   8.888610e-01
         66500   1.066430e+00   5.389403e+01              1             42              0              3   1.532192e+01   2.264606e-01   8.854015e-01
         67000   1.088400e+00   5.485364e+01              3             41              0              3   1.507191e+01   2.333121e-01   8.933258e-01
         67500   1.075514e+00   5.578612e+01              2             37              0              3   1.484430e+01   2.267203e-01   8.819215e-01
         68000   1.084864e+00   5.676483e+01              1             40              0              3   1.511218e+01   2.304503e-01   8.756117e-01
         68500   1.067631e+00   5.775308e+01              1             42              0              3   1.515801e+01   2.201938e-01   8.952297e-01
         69000   1.104326e+00   3.985551e+01              2             41              0              3   1.481739e+01   2.242872e-01   8.787470e-01
         69500   1.105212e+00   4.084740e+01              1             42              0              3   1.497660e+01   2.208260e-01   8.832871e-01
         70000   1.091111e+00   6.052979e+01              2             43              0              4   1.491182e+01   2.179143e-01   8.980729e-01
         70500   1.051375e+00   6.149416e+01              1             43              0              4   1.488795e+01   2.319874e-01   8.871650e-01
         71000   1.077809e+00   6.248837e+01              1             41              0              3   1.488969e+01   2.236198e-01   8.908099e-01
         71500   1.108485e+00   4.466085e+01              1             41              0              3   1.489910e+01   2.223826e-01   8.791440e-01
         72000   1.101515e+00   4.565906e+01              2             41              0              3   1.534258e+01   2.213506e-01   8.944039e-01
         72500   1.096342e+00   4.661714e+01              2             41              0              3   1.513635e+01   2.257698e-01   8.819313e-01
         73000   1.114732e+00   4.760806e+01              1             37              0              3   1.543216e+01   2.231963e-01   8.964435e-01
         73500   1.110060e+00   4.859963e+01              1             37              0              3   1.515021e+01   2.142392e-01   8.777457e-01
         74000   1.092713e+00   6.793953e+01              1             38              0              4   1.519206e+01   2.319502e-01   8.886235e-01
         74500   1.106563e+00   5.058628e+01              1             35              0              3   1.497961e+01   2.480933e-01   8.866536e-01
         75000   1.082389e+00   6.979668e+01              1             38              0              4   1.518580e+01   2.563050e-01   8.987736e-01
         75500   1.045667e+00   7.077397e+01              1             39              0              2   1.552714e+01   2.524555e-01   9.036387e-01
         76000   1.060679e+00   7.176249e+01              1             39              0              3   1.564829e+01   2.565646e-01   8.984486e-01
         76500   1.068132e+00   7.274937e+01              1             37              0              4   1.556114e+01   2.692170e-01   9.069332e-01
         77000   1.064551e+00   7.374420e+01              1             38              0              3   1.560390e+01   2.595068e-01   8.994376e-01
         77500   1.060755e+00   7.472919e+01              2             38              0              3   1.528885e+01   2.440687e-01   9.003956e-01
         78000   1.062198e+00   7.572222e+01              1             43              0              4   1.524593e+01   2.468319e-01   9.037651e-01
         78500   1.053082e+00   7.671827e+01              1             40              0              3   1.557726e+01   2.529642e-01   9.221940e-01
         79000   1.028629e+00   9.392988e+01              2             41              0              4   1.546066e+01   2.539735e-01   8.951436e-01
         79500   1.027621e+00   9.492118e+01              2             40              0              4   1.529476e+01   2.338400e-01   9.032747e-01
         80000   1.027117e+00   9.589927e+01              1             40              0              4   1.531516e+01   2.461745e-01   8.959158e-01
         80500   1.006247e+00   9.687627e+01              2             42              0              4   1.531685e+01   2.444131e-01   8.935467e-01
         81000   1.015430e+00   9.787229e+01              2             40              0              4   1.529107e+01   2.773716e-01   8.967954e-01
         81500   1.035796e+00   9.886633e+01              1             42              0              4   1.530682e+01   2.723031e-01   8.816081e-01
         82000   1.014501e+00   9.985352e+01              1             41              0              3   1.533728e+01   2.776487e-01   8.953127e-01
         82500   1.031518e+00   1.008400e+02              1             41              0              4   1.516065e+01   2.712020e-01   8.885237e-01
         83000   1.044605e+00   8.499490e+01              1             40              0              4   1.513852e+01   2.688332e-01   8.892675e-01
         83500   1.035080e+00   8.596581e+01              1             39              0              4   1.538103e+01   2.715339e-01   8.905048e-01
         84000   1.033648e+00   8.692616e+01              2             41              0              4   1.559233e+01   2.978914e-01   8.923373e-01
         84500   1.012573e+00   1.047186e+02              2             42              0              4   1.538373e+01   3.042904e-01   8.866634e-01
         85000   1.004005e+00   1.057153e+02              1             43              0              4   1.544385e+01   2.960786e-01   8.770681e-01
         85500   1.036715e+00   1.067059e+02              1             43              0              4   1.558199e+01   2.838982e-01   9.156427e-01
         86000   1.081862e+00   9.058359e+01              1             39              0              4   1.573631e+01   2.861370e-01   8.986967e-01
         86500   1.122453e+00   6.907689e+01              1             36              0              3   1.565043e+01   2.843763e-01   9.011802e-01
         87000   1.104156e+00   7.007386e+01              1             37              0              5   1.588253e+01   2.875393e-01   9.050112e-01
         87500   1.111207e+00   7.106829e+01              1             36              0              4   1.589097e+01   2.960028e-01   9.106430e-01
         88000   1.104330e+00   7.206167e+01              1             37              0              4   1.560472e+01   2.929485e-01   8.898986e-01
         88500   1.121504e+00   7.304202e+01              2             37              0              3   1.545995e+01   2.843911e-01   8.879286e-01
         89000   1.111840e+00   7.402612e+01              2             39              0              5   1.588568e+01   2.958220e-01   9.273586e-01
         89500   1.085567e+00   7.501483e+01              1             38              0              5   1.565224e+01   2.902722e-01   8.931600e-01
         90000   1.092865e+00   7.598884e+01              2             38              0              6   1.566190e+01   2.809777e-01   8.931344e-01
         90500   1.092726e+00   7.695007e+01              2             35              0              4   1.546318e+01   2.874557e-01   9.006007e-01
         91000   1.121404e+00   7.793827e+01              2             37              0              5   1.595534e+01   2.873876e-01   9.047232e-01
         91500   1.152444e+00   5.345977e+01              3             39              0              4   1.579508e+01   2.916738e-01   9.168616e-01
         92000   1.160877e+00   5.445525e+01              2             37              0              5   1.623950e+01   2.938837e-01   9.504658e-01
         92500   1.182245e+00   3.205238e+01              2             36              0              4   1.615197e+01   3.051394e-01   9.365139e-01
         93000   1.148098e+00   5.643203e+01              2             35              0              5   1.609321e+01   2.973760e-01   9.213955e-01
         93500   1.140228e+00   5.742932e+01              2             36              0              5   1.587438e+01   3.074760e-01   9.367766e-01
         94000   1.130358e+00   8.322373e+01              2             36              0              5   1.591039e+01   2.951243e-01   9.216895e-01
         94500   1.120050e+00   8.417539e+01              2             36              0              5   1.580281e+01   3.042500e-01   9.195104e-01
         95000   1.140646e+00   6.034391e+01              2             35              0              5   1.595374e+01   3.011549e-01   9.252230e-01
         95500   1.161345e+00   6.133999e+01              2             39              0              4   1.551796e+01   3.072916e-01   8.984108e-01
         96000   1.173076e+00   6.233507e+01              2             36              0              3   1.562946e+01   3.035049e-01   9.015606e-01
         96500   1.197880e+00   3.891723e+01              1             38              0              4   1.569730e+01   3.029998e-01   9.255042e-01
         97000   1.218092e+00   3.991340e+01              1             37              0              4   1.597467e+01   2.961221e-01   9.164192e-01
         97500   1.211881e+00   4.091075e+01              1             38              0              4   1.589420e+01   3.145424e-01   9.429211e-01
         98000   1.235080e+00   2.284303e+01              1             36              0              2   1.602079e+01   3.142664e-01   9.431042e-01
         98500   1.258653e+00   2.383682e+01              1             39              0              3   1.600381e+01   3.186088e-01   9.311705e-01
         99000   1.279857e+00   2.482778e+01              2             39              0              3   1.580037e+01   3.320044e-01   9.277056e-01
         99500   1.269064e+00   2.581665e+01              2             40              0              3   1.594632e+01   3.116927e-01   9.303431e-01
        100000   1.263623e+00   2.680639e+01              1             39              0              3   1.590854e+01   3.378300e-01   9.224137e-01
        100500   1.272149e+00   2.779739e+01              1             38              0              3   1.567386e+01   3.469119e-01   9.208180e-01
        101000   1.257799e+00   2.877792e+01              1             33              0              3   1.556462e+01   3.385858e-01   9.310502e-01
        101500   1.239718e+00   2.974625e+01              1             37              0              2   1.548825e+01   3.280669e-01   9.122609e-01
        102000   1.259310e+00   3.073453e+01              0             35              0              3   1.523687e+01   3.401455e-01   9.116680e-01
        102500   1.279206e+00   3.173049e+01              2             38              0              3   1.542355e+01   3.579275e-01   9.187727e-01
        103000   1.291414e+00   3.267971e+01              1             37              0              3   1.490137e+01   3.577323e-01   9.125192e-01
        103500   1.289881e+00   2.026717e+01              0             37              0              3   1.485688e+01   3.701672e-01   9.130379e-01
        104000   1.289157e+00   3.462890e+01              0             37              0              3   1.488488e+01   3.792608e-01   8.916730e-01
        104500   1.331478e+00   2.222341e+01              1             35              0              3   1.482891e+01   3.724591e-01   9.136178e-01
        105000   1.312955e+00   2.321764e+01              1             34              0              4   1.510420e+01   3.546389e-01   9.110493e-01
        105500   1.290859e+00   3.727935e+01              1             36              0              3   1.547495e+01   3.505798e-01   9.114866e-01
        106000   1.264958e+00   3.826451e+01              0             37              0              4   1.508541e+01   3.718759e-01   9.002928e-01
        106500   1.302398e+00   2.610457e+01              1             37              0              3   1.528207e+01   3.671337e-01   9.178207e-01
        107000   1.273797e+00   4.018765e+01              1             44              0              1   1.479019e+01   3.676226e-01   8.886750e-01
        107500   1.280065e+00   4.117550e+01              1             38              0              2   1.497413e+01   3.638695e-01   9.079080e-01
        108000   1.301347e+00   2.896934e+01              1             37              0              1   1.502438e+01   3.661785e-01   9.059026e-01
        108500   1.323250e+00   2.996067e+01              0             28              0              0   1.474224e+01   3.562650e-01   8.829165e-01
        109000   1.307496e+00   3.095808e+01              1             30              0              0   1.471636e+01   3.636716e-01   9.081885e-01
        109500   1.316899e+00   3.195520e+01              1             38              0              2   1.480373e+01   3.627778e-01   9.012629e-01
        110000   1.337250e+00   3.294284e+01              1             33              0              2   1.490264e+01   3.759030e-01   9.199741e-01
        110500   1.334549e+00   3.392064e+01              1             32              0              2   1.518518e+01   3.735045e-01   9.167802e-01
        111000   1.286030e+00   4.736946e+01              1             35              0              2   1.525844e+01   3.533813e-01   9.039452e-01
        111500   1.274647e+00   4.836049e+01              0             32              0              2   1.528719e+01   3.759313e-01   9.012682e-01
        112000   1.289316e+00   4.931739e+01              0             33              0              2   1.509024e+01   3.671812e-01   9.038770e-01
        112500   1.295953e+00   3.773373e+01              0             35              0              1   1.488264e+01   3.844486e-01   8.733154e-01
        113000   1.279546e+00   5.128326e+01              1             34              0              2   1.515964e+01   3.692302e-01   8.664655e-01
        113500   1.293043e+00   3.962747e+01              1             38              0              0   1.492705e+01   3.737838e-01   8.881245e-01
        114000   1.292210e+00   4.061524e+01              1             36              0              1   1.505261e+01   3.994512e-01   8.758458e-01
        114500   1.290329e+00   5.415427e+01              1             36              0              2   1.508718e+01   3.871588e-01   8.668817e-01
        115000   1.298617e+00   4.257136e+01              1             36              0              1   1.526817e+01   3.961534e-01   8.977805e-01
        115500   1.276897e+00   5.606381e+01              1             36              0              3   1.507617e+01   3.889070e-01   8.869551e-01
        116000   1.284811e+00   4.448566e+01              1             34              0              2   1.523919e+01   3.897722e-01   8.928087e-01
        116500   1.272437e+00   5.802929e+01              0             33              0              1   1.506795e+01   3.746611e-01   8.782621e-01
        117000   1.288907e+00   4.620384e+01              0             38              0              3   1.511288e+01   3.763286e-01   8.933855e-01
        117500   1.286251e+00   4.717347e+01              0             36              0              3   1.497202e+01   3.823892e-01   8.911698e-01
        118000   1.313072e+00   4.814759e+01              0             34              0              1   1.506852e+01   3.824866e-01   8.800600e-01
        118500   1.284275e+00   4.911904e+01              1             36              0              2   1.518418e+01   3.752521e-01   9.024050e-01
        119000   1.289245e+00   5.007505e+01              0             34              0              2   1.506449e+01   3.663963e-01   8.881054e-01
        119500   1.295916e+00   5.104068e+01              1             32              0              2   1.514013e+01   3.715975e-01   8.825280e-01
        120000   1.294933e+00   6.468113e+01              1             35              0              2   1.531147e+01   3.754657e-01   9.103107e-01
        120500   1.286596e+00   6.563431e+01              1             36              0              2   1.531559e+01   3.688786e-01   9.017125e-01
        121000   1.299253e+00   5.397403e+01              1             35              0              2   1.510149e+01   3.778124e-01   9.051084e-01
        121500   1.289837e+00   5.495869e+01              1             37              0              1   1.510824e+01   3.601210e-01   9.159131e-01
        122000   1.289498e+00   5.592723e+01              0             36              0              1   1.514869e+01   3.710879e-01   9.061382e-01
        122500   1.329608e+00   5.691419e+01              0             35              0              0   1.503838e+01   3.705622e-01   9.146739e-01
        123000   1.324152e+00   5.790808e+01              1             36              0              2   1.503285e+01   3.788389e-01   9.032313e-01
        123500   1.313267e+00   5.890159e+01              0             33              0              2   1.484912e+01   3.892595e-01   8.767226e-01
        124000   1.327088e+00   5.989600e+01              0             35              0              1   1.508099e+01   3.826780e-01   8.884704e-01
        124500   1.327614e+00   6.088740e+01              0             32              0              2   1.495596e+01   3.701846e-01   9.008463e-01
        125000   1.333494e+00   6.186598e+01              1             34              0              2   1.478157e+01   3.727307e-01   9.037881e-01
        125500   1.343470e+00   4.609029e+01              1             34              0              2   1.520268e+01   3.488864e-01   9.074696e-01
        126000   1.375708e+00   4.708227e+01              0             34              0              1   1.482085e+01   3.705099e-01   8.962646e-01
        126500   1.371536e+00   4.806392e+01              0             35              0              0   1.504124e+01   3.750271e-01   8.911826e-01
        127000   1.378747e+00   4.903756e+01              0             34              0              1   1.491738e+01   3.810785e-01   8.762817e-01
        127500   1.367131e+00   5.002279e+01              1             35              0              2   1.489424e+01   3.774642e-01   8.905791e-01
        128000   1.379717e+00   5.101119e+01              1             32              0              1   1.485077e+01   3.769214e-01   8.976508e-01
        128500   1.390074e+00   3.348786e+01              1             32              0              2   1.497908e+01   3.675546e-01   8.826307e-01
        129000   1.464722e+00   1.868861e+01              0             31              0              1   1.488175e+01   3.677942e-01   8.902709e-01
        129500   1.495980e+00   1.966799e+01              0             29              0              0   1.506152e+01   3.739598e-01   8.933096e-01
        130000   1.461213e+00   2.065058e+01              0             35              0              2   1.497766e+01   3.669621e-01   8.881818e-01
        130500   1.499402e+00   1.115261e+01              0             29              0              1   1.473386e+01   3.470792e-01   8.780909e-01
        131000   1.486893e+00   2.261938e+01              0             31              0              2   1.502469e+01   3.565415e-01   8.746562e-01
        131500   1.516992e+00   1.307948e+01              0             31              0              0   1.507400e+01   3.506534e-01   8.898024e-01
        132000   1.499730e+00   1.407433e+01              0             31              0              1   1.478464e+01   3.761216e-01   8.659120e-01
        132500   1.483019e+00   2.541847e+01              0             26              0              1   1.475934e+01   3.648419e-01   8.691313e-01
        133000   1.515915e+00   1.601643e+01              0             27              0              2   1.457349e+01   3.732919e-01   8.567080e-01
        133500   1.508431e+00   1.701034e+01              0             31              0              2   1.483772e+01   3.832550e-01   8.780182e-01
        134000   1.524198e+00   1.800216e+01              0             32              0              2   1.483603e+01   3.730056e-01   8.690923e-01
        134500   1.518127e+00   1.899995e+01              0             31              0              0   1.485368e+01   3.667369e-01   8.884904e-01
        135000   1.506681e+00   1.999396e+01              0             30              0              2   1.497838e+01   3.840040e-01   8.856960e-01
        135500   1.506942e+00   2.098845e+01              0             30              0              2   1.519773e+01   3.599238e-01   9.089361e-01
        136000   1.479542e+00   3.179801e+01              0             27              0              1   1.507477e+01   3.676166e-01   8.950408e-01
        136500   1.459765e+00   3.278445e+01              0             26              0              1   1.512452e+01   3.728693e-01   8.911217e-01
        137000   1.510353e+00   2.379504e+01              0             29              0              1   1.499476e+01   3.594210e-01   8.828325e-01
        137500   1.538689e+00   2.477860e+01              0             22              0              0   1.515970e+01   3.638670e-01   8.934134e-01
        138000   1.535395e+00   2.574272e+01              0             23              0              0   1.489067e+01   3.446482e-01   9.024241e-01
        138500   1.543847e+00   2.670487e+01              0             22              0              0   1.496161e+01   3.414968e-01   8.986400e-01
        139000   1.589639e+00   1.168070e+01              0             26              0              0   1.499149e+01   3.468012e-01   9.015744e-01
        139500   1.575159e+00   2.023368e+01              0             27              0              0   1.493009e+01   3.493676e-01   9.032350e-01
        140000   1.545804e+00   2.931426e+01              0             22              0              1   1.476869e+01   3.677230e-01   8.858502e-01
        140500   1.587065e+00   2.220375e+01              0             17              0              0   1.504073e+01   3.785655e-01   9.008926e-01
        141000   1.577111e+00   2.317934e+01              0             16              0              1   1.510064e+01   3.766922e-01   8.908010e-01
        141500   1.575477e+00   2.417610e+01              0             17              0              1   1.492765e+01   3.733158e-01   8.771327e-01
        142000   1.563270e+00   2.517467e+01              0             17              0              1   1.492405e+01   3.705920e-01   8.824312e-01
        142500   1.580894e+00   2.616859e+01              0             18              0              0   1.520338e+01   3.709543e-01   8.853237e-01
        143000   1.615768e+00   1.885894e+01              0             17              0              0   1.493620e+01   3.765242e-01   8.874027e-01
        143500   1.636916e+00   1.985339e+01              0             18              0              0   1.512260e+01   3.529614e-01   8.793186e-01
        144000   1.642160e+00   1.289086e+01              0             16              0              1   1.470319e+01   3.774467e-01   8.581307e-01
        144500   1.586698e+00   2.962616e+01              0             19              0              0   1.508559e+01   3.777708e-01   8.546667e-01
        145000   1.634993e+00   2.278161e+01              0             16              0              1   1.538847e+01   3.638049e-01   8.639157e-01
        145500   1.615299e+00   2.377888e+01              0             19              0              2   1.504466e+01   3.651536e-01   8.515176e-01
        146000   1.631464e+00   2.476883e+01              0             12              0              1   1.493422e+01   3.689637e-01   8.334897e-01
        146500   1.623312e+00   2.576309e+01              0             16              0              1   1.489222e+01   3.713097e-01   8.361210e-01
        147000   1.648649e+00   1.826621e+01              0             20              0              1   1.502680e+01   3.592153e-01   8.338143e-01
        147500   1.644628e+00   2.764351e+01              0             16              0              1   1.488615e+01   3.472419e-01   8.273231e-01
        148000   1.684940e+00   2.023734e+01              0             12              0              0   1.469423e+01   3.476029e-01   8.234993e-01
        148500   1.658513e+00   2.121780e+01              0             12              0              0   1.478801e+01   3.445744e-01   8.120801e-01
        149000   1.655139e+00   3.025184e+01              0             16              0              2   1.479401e+01   3.467095e-01   8.297571e-01
        149500   1.645198e+00   3.120654e+01              0             11              0              2   1.497362e+01   3.498799e-01   8.423072e-01
        150000   1.626070e+00   3.218862e+01              0             14              0              2   1.485594e+01   3.299003e-01   8.271452e-01
        150500   1.641867e+00   3.317048e+01              0             19              0              1   1.473828e+01   3.596700e-01   8.196072e-01
        151000   1.697177e+00   2.602421e+01              0             20              0              2   1.456080e+01   3.488163e-01   8.189008e-01
        151500   1.712120e+00   1.799105e+01              0             19              0              2   1.483987e+01   3.624924e-01   8.260031e-01
        152000   1.730062e+00   1.898705e+01              0             19              0              3   1.489573e+01   3.548124e-01   8.533590e-01
        152500   1.724044e+00   1.997791e+01              0             20              0              3   1.510964e+01   3.454520e-01   8.525929e-01
        153000   1.781023e+00   1.291776e+01              0             19              0              1   1.485206e+01   3.418487e-01   8.460324e-01
        153500   1.838120e+00   7.765799e+00              0             18              0              1   1.502721e+01   3.251452e-01   8.546671e-01
        154000   1.808688e+00   8.759556e+00              0             20              0              1   1.459420e+01   3.517489e-01   8.444927e-01
        154500   1.758361e+00   1.569289e+01              0             16              0              2   1.461099e+01   3.610981e-01   8.388554e-01
        155000   1.778657e+00   1.669006e+01              0             19              0              2   1.447412e+01   3.570680e-01   8.316498e-01
        155500   1.828972e+00   1.151079e+01              0             17              0              2   1.464642e+01   3.601493e-01   8.378381e-01
        156000   1.810475e+00   1.250475e+01              0             18              0              2   1.453153e+01   3.536893e-01   8.312067e-01
        156500   1.792420e+00   1.943153e+01              0             20              0              2   1.435790e+01   3.388235e-01   8.269092e-01
        157000   1.820317e+00   1.445783e+01              0             18              0              0   1.443893e+01   3.512140e-01   8.264681e-01
        157500   1.843276e+00   1.018818e+01              0             14              0              0   1.411418e+01   3.144427e-01   8.378779e-01
        158000   1.862292e+00   1.116202e+01              0             13              0              0   1.409316e+01   3.241067e-01   8.220125e-01
        158500   1.824419e+00   1.734097e+01              0             15              0              0   1.429787e+01   3.253160e-01   8.203534e-01
        159000   1.828105e+00   1.831062e+01              0             17              0              1   1.422244e+01   3.229515e-01   8.349052e-01
        159500   1.853388e+00   1.928268e+01              0             15              0              0   1.384025e+01   3.108709e-01   8.151436e-01
        160000   1.880210e+00   1.485931e+01              0             14              0              0   1.415149e+01   3.289932e-01   8.285651e-01
        160500   1.898868e+00   1.583968e+01              0             14              0              0   1.451408e+01   3.146605e-01   8.438199e-01
        161000   1.899931e+00   1.681598e+01              0             17              0              0   1.461135e+01   3.147600e-01   8.550080e-01
        161500   1.896349e+00   1.774773e+01              0             13              0              0   1.487663e+01   3.081720e-01   8.632556e-01
        162000   1.866411e+00   1.873698e+01              0             14              0              0   1.422635e+01   3.141384e-01   8.373306e-01
        162500   1.899788e+00   1.410485e+01              0             14              0              1   1.450241e+01   3.105128e-01   8.470688e-01
        163000   1.877296e+00   2.070305e+01              0             13              0              0   1.431177e+01   2.917460e-01   8.408851e-01
        163500   1.905531e+00   1.601958e+01              0             15              0              0   1.464442e+01   2.848988e-01   8.523830e-01
        164000   1.913403e+00   1.701646e+01              0             15              0              0   1.449690e+01   2.865467e-01   8.520615e-01
        164500   1.911135e+00   1.800880e+01              0             13              0              0   1.470223e+01   2.852478e-01   8.418736e-01
        165000   1.925392e+00   1.900102e+01              0             15              0              1   1.498278e+01   3.063496e-01   8.604885e-01
        165500   1.969773e+00   1.353434e+01              0             16              0              0   1.472563e+01   2.907108e-01   8.470488e-01
        166000   1.949051e+00   1.452186e+01              0             15              0              0   1.442133e+01   3.107091e-01   8.382353e-01
        166500   1.930923e+00   2.183401e+01              0             16              0              0   1.462724e+01   2.981570e-01   8.507430e-01
        167000   1.909753e+00   2.282310e+01              0             16              0              1   1.475882e+01   2.932110e-01   8.496429e-01
        167500   1.898300e+00   2.381317e+01              0             14              0              1   1.473966e+01   3.034917e-01   8.532962e-01
        168000   1.884082e+00   2.474905e+01              0             12              0              1   1.450098e+01   3.227961e-01   8.443514e-01
        168500   1.910255e+00   2.571622e+01              0             13              0              0   1.476433e+01   3.364326e-01   8.217744e-01
        169000   1.907924e+00   2.667950e+01              0             11              0              1   1.424212e+01   3.705886e-01   7.865912e-01
        169500   1.919206e+00   2.765922e+01              0             14              0              0   1.436117e+01   3.747822e-01   8.078099e-01
        170000   1.945046e+00   2.130806e+01              0             14              0              0   1.455364e+01   3.751438e-01   8.136872e-01
        170500   2.004767e+00   1.407296e+01              0             13              0              0   1.441286e+01   3.890814e-01   8.131916e-01
        171000   2.013272e+00   1.506696e+01              0             15              0              1   1.450487e+01   3.863537e-01   8.240071e-01
        171500   1.979714e+00   2.411538e+01              0             13              0              0   1.474458e+01   3.802355e-01   8.315918e-01
        172000   2.027477e+00   1.702244e+01              0              7              0              0   1.461869e+01   3.678596e-01   8.395361e-01
        172500   2.019247e+00   1.800998e+01              0             12              0              0   1.466951e+01   3.566185e-01   8.307945e-01
        173000   2.019309e+00   1.899990e+01              0             14              0              0   1.466263e+01   3.562143e-01   8.172627e-01
        173500   2.026405e+00   1.997700e+01              0             14              0              0   1.467380e+01   3.422810e-01   8.426744e-01
        174000   2.038604e+00   2.096965e+01              0             14              0              0   1.436506e+01   3.412790e-01   8.379373e-01
        174500   2.063054e+00   1.444293e+01              0             13              0              0   1.447032e+01   3.492973e-01   8.239246e-01
        175000   2.027740e+00   2.287506e+01              0             15              0              0   1.466094e+01   3.507842e-01   8.430841e-01
        175500   2.088665e+00   1.637379e+01              0             11              0              0   1.444798e+01   3.233785e-01   8.399283e-01
        176000   2.097790e+00   1.074941e+01              0              8              0              0   1.438285e+01   3.144335e-01   8.288522e-01
        176500   2.097166e+00   1.169427e+01              0             13              0              0   1.427915e+01   3.308703e-01   8.272214e-01
        177000   2.075082e+00   1.928377e+01              0              9              0              0   1.472639e+01   3.305797e-01   8.302662e-01
        177500   2.081001e+00   1.355324e+01              0             10              0              0   1.442453e+01   3.303854e-01   8.265942e-01
        178000   2.072384e+00   2.125888e+01              0              7              0              0   1.463031e+01   3.280851e-01   8.300975e-01
        178500   2.096812e+00   1.538394e+01              0              6              0              0   1.455316e+01   3.344960e-01   8.576736e-01
        179000   2.076304e+00   2.322576e+01              0             12              0              0   1.479296e+01   3.548847e-01   8.441076e-01
        179500   2.120348e+00   1.729517e+01              0              7              0              0   1.481383e+01   3.453054e-01   8.397008e-01
        180000   2.120427e+00   1.829316e+01              0              7              0              0   1.446347e+01   3.561950e-01   8.322294e-01
        180500   2.097470e+00   2.598480e+01              0              6              0              0   1.424893e+01   3.611075e-01   8.206655e-01
        181000   2.102286e+00   2.026482e+01              0             10              0              0   1.462802e+01   3.535210e-01   8.446845e-01
        181500   2.106007e+00   2.125946e+01              0             11              0              0   1.456707e+01   3.483646e-01   8.424041e-01
        182000   2.095613e+00   2.223644e+01              0             13              0              0   1.468883e+01   3.458466e-01   8.480313e-01
        182500   2.117143e+00   2.319787e+01              0              8              0              0   1.440028e+01   3.421048e-01   8.216993e-01
        183000   2.112401e+00   2.419390e+01              0             11              0              0   1.445100e+01   3.503219e-01   8.265915e-01
        183500   2.110820e+00   2.519117e+01              0             11              0              0   1.493069e+01   3.435771e-01   8.569584e-01
        184000   2.094589e+00   2.617931e+01              0             15              0              0   1.478707e+01   3.496809e-01   8.501536e-01
        184500   2.115970e+00   2.717208e+01              0             15              0              0   1.466426e+01   3.504159e-01   8.368127e-01
        185000   2.103388e+00   2.816832e+01              0             12              0              0   1.466582e+01   3.505190e-01   8.548422e-01
        185500   2.095549e+00   2.915603e+01              0             13              0              0   1.481048e+01   3.717804e-01   8.480005e-01
        186000   2.067577e+00   3.614480e+01              0             10              0              0   1.464332e+01   3.404609e-01   8.463972e-01
        186500   2.081701e+00   3.713995e+01              0             11              0              0   1.475346e+01   3.511815e-01   8.456437e-01
        187000   2.096142e+00   3.185146e+01              0             13              0              0   1.465971e+01   3.538278e-01   8.259155e-01
        187500   2.126217e+00   3.279845e+01              0             10              0              0   1.480820e+01   3.611662e-01   8.482834e-01
        188000   2.118826e+00   3.378647e+01              0             13              0              0   1.482725e+01   3.395595e-01   8.512472e-01
        188500   2.152857e+00   2.516797e+01              0             11              0              0   1.472488e+01   3.363717e-01   8.367183e-01
        189000   2.152388e+00   2.615774e+01              0              9              0              0   1.461919e+01   3.289590e-01   8.302636e-01
        189500   2.168859e+00   2.713319e+01              0             12              0              0   1.480760e+01   3.456950e-01   8.297527e-01
        190000   2.201612e+00   1.749890e+01              0             11              0              0   1.474119e+01   3.352289e-01   8.338394e-01
        190500   2.203510e+00   1.846537e+01              0             11              0              0   1.459660e+01   3.252370e-01   8.434167e-01
        191000   2.241850e+00   1.945447e+01              0              9              0              0   1.493336e+01   3.165856e-01   8.553727e-01
        191500   2.289994e+00   1.153799e+01              0              8              0              0   1.513140e+01   3.034994e-01   8.661712e-01
        192000   2.311158e+00   6.564039e+00              0             11              0              0   1.509154e+01   3.209974e-01   8.613510e-01
        192500   2.357807e+00   4.004772e+00              0              9              0              0   1.483069e+01   3.131180e-01   8.398614e-01
        193000   2.288346e+00   1.419133e+01              0              9              0              0   1.503835e+01   2.998315e-01   8.485571e-01
        193500   2.358817e+00   5.733681e+00              0              9              0              0   1.497391e+01   3.017815e-01   8.366453e-01
        194000   2.363466e+00   6.718298e+00              0              9              0              1   1.473483e+01   2.858039e-01   8.411286e-01
        194500   2.350452e+00   7.699519e+00              0              7              0              0   1.481085e+01   2.828178e-01   8.481425e-01
        195000   2.348320e+00   1.230625e+01              0              8              0              0   1.478998e+01   2.893256e-01   8.603827e-01
        195500   2.392703e+00   9.645918e+00              0              9              0              0   1.458331e+01   2.991462e-01   8.514518e-01
        196000   2.315003e+00   1.408330e+01              0              9              0              0   1.493037e+01   2.895692e-01   8.656927e-01
        196500   2.299876e+00   1.503964e+01              0              8              0              0   1.480022e+01   3.110696e-01   8.409382e-01
        197000   2.324222e+00   1.602930e+01              0             11              0              1   1.477668e+01   3.054850e-01   8.575975e-01
        197500   2.325690e+00   1.702068e+01              0             12              0              1   1.455741e+01   3.038681e-01   8.443480e-01
        198000   2.316701e+00   1.801278e+01              0             11              0              1   1.457683e+01   3.122545e-01   8.389088e-01
        198500   2.276391e+00   2.305520e+01              0             13              0              1   1.453898e+01   2.879539e-01   8.513435e-01
        199000   2.289885e+00   2.404911e+01              0             13              0              1   1.463049e+01   2.943796e-01   8.465104e-01
        199500   2.315993e+00   2.081967e+01              0             10              0              1   1.450354e+01   2.787759e-01   8.390334e-01
        200000   2.331340e+00   2.181338e+01              0              8              0              0   1.458552e+01   2.807412e-01   8.498932e-01
        200500   2.391624e+00   1.794266e+01              0              9              0              0   1.473093e+01   2.780853e-01   8.453050e-01
        201000   2.370965e+00   1.893608e+01              0             11              0              1   1.476992e+01   2.826423e-01   8.465011e-01
        201500   2.366267e+00   1.992033e+01              0              9              0              1   1.463026e+01   2.945412e-01   8.482539e-01
        202000   2.325594e+00   2.536056e+01              0              8              0              0   1.462610e+01   2.784086e-01   8.554268e-01
        202500   2.353077e+00   2.174241e+01              0             10              0              1   1.436482e+01   2.967491e-01   8.219585e-01
        203000   2.441942e+00   1.629417e+01              0              8              0              0   1.477443e+01   2.894325e-01   8.506258e-01
        203500   2.453253e+00   1.072870e+01              0             11              0              0   1.479859e+01   2.974976e-01   8.314888e-01
        204000   2.430999e+00   1.820527e+01              0             11              0              0   1.470459e+01   3.035656e-01   8.535721e-01
        204500   2.442074e+00   1.918881e+01              0             10              0              1   1.457885e+01   2.829908e-01   8.420207e-01
        205000   2.521002e+00   7.950298e+00              0              8              0              0   1.471042e+01   2.763764e-01   8.562171e-01
        205500   2.518337e+00   8.928282e+00              0              7              0              0   1.455007e+01   2.636252e-01   8.429199e-01
        206000   2.580938e+00   5.727720e+00              0              7              0              0   1.460101e+01   2.606054e-01   8.545221e-01
        206500   2.572878e+00   6.726647e+00              0              7              0              0   1.477954e+01   2.590607e-01   8.586880e-01
        207000   2.581239e+00   7.722835e+00              0              5              0              0   1.470039e+01   2.478326e-01   8.457331e-01
        207500   2.602100e+00   5.666356e+00              0              6              0              0   1.495280e+01   2.547128e-01   8.511594e-01
        208000   2.582932e+00   9.662714e+00              0              4              0              0   1.498268e+01   2.572049e-01   8.355284e-01
        208500   2.542611e+00   1.063743e+01              0              5              0              0   1.438794e+01   2.746244e-01   8.138382e-01
        209000   2.563182e+00   1.158201e+01              0              5              0              0   1.488720e+01   2.623514e-01   8.181080e-01
        209500   2.569221e+00   1.257449e+01              0              4              0              0   1.507236e+01   2.453867e-01   8.640236e-01
        210000   2.606487e+00   1.001964e+01              0              5              0              0   1.472390e+01   2.497742e-01   8.473028e-01
        210500   2.675882e+00   7.276668e+00              0              4              0              0   1.483824e+01   2.497345e-01   8.568790e-01
        211000   2.681070e+00   4.888493e+00              0              4              0              0   1.472803e+01   2.513486e-01   8.471823e-01
        211500   2.710038e+00   5.839001e+00              0              6              0              0   1.476522e+01   2.679634e-01   8.430788e-01
        212000   2.690387e+00   1.017845e+01              0              6              0              0   1.527074e+01   2.742001e-01   8.623091e-01
        212500   2.631166e+00   1.430047e+01              0              6              0              0   1.517422e+01   2.708395e-01   8.795855e-01
        213000   2.657946e+00   1.526919e+01              0              6              0              0   1.511869e+01   2.782770e-01   8.707422e-01
        213500   2.675859e+00   1.308579e+01              0              4              0              0   1.522815e+01   2.768399e-01   8.722971e-01
        214000   2.625547e+00   1.713560e+01              0              4              0              0   1.512721e+01   2.976308e-01   8.667302e-01
        214500   2.565635e+00   1.973452e+01              0              5              0              0   1.509678e+01   3.004281e-01   8.814749e-01
        215000   2.536326e+00   2.145061e+01              0              6              0              0   1.496358e+01   2.954268e-01   8.695725e-01
        215500   2.558858e+00   2.169063e+01              0              6              0              0   1.519675e+01   2.914177e-01   8.952041e-01
        216000   2.542024e+00   2.336447e+01              0              7              0              0   1.527210e+01   3.146165e-01   8.794187e-01
        216500   2.483753e+00   2.493661e+01              0             10              0              0   1.492627e+01   2.881353e-01   8.741981e-01
        217000   2.529768e+00   2.528227e+01              0              4              0              0   1.496943e+01   2.728529e-01   8.656684e-01
        217500   2.546957e+00   2.627143e+01              0              6              0              0   1.493813e+01   2.844808e-01   8.701286e-01
        218000   2.574348e+00   2.609120e+01              0              4              0              0   1.501038e+01   2.807424e-01   8.607489e-01
        218500   2.623995e+00   2.384126e+01              0              9              0              0   1.517965e+01   3.064369e-01   8.537759e-01
        219000   2.620519e+00   2.483737e+01              0             13              0              0   1.497402e+01   3.034977e-01   8.663612e-01
        219500   2.636018e+00   2.583070e+01              0             10              0              0   1.497474e+01   3.056807e-01   8.462002e-01
        220000   2.616905e+00   2.682052e+01              0             10              0              0   1.485954e+01   2.966242e-01   8.434140e-01
        220500   2.600550e+00   3.052410e+01              0             15              0              0   1.510525e+01   3.092940e-01   8.610669e-01
        221000   2.604548e+00   2.876929e+01              0              9              0              0   1.492993e+01   3.132034e-01   8.565929e-01
        221500   2.639302e+00   2.975100e+01              0              8              0              0   1.531193e+01   3.249082e-01   8.690981e-01
        222000   2.654599e+00   3.072713e+01              0             10              0              0   1.508995e+01   3.127452e-01   8.558714e-01
        222500   2.720214e+00   1.734797e+01              0              7              0              0   1.570084e+01   3.064463e-01   8.806966e-01
        223000   2.758908e+00   1.081425e+01              0             11              0              0   1.521473e+01   3.218114e-01   8.575600e-01
        223500   2.781269e+00   1.178809e+01              0             12              0              0   1.510853e+01   3.321494e-01   8.570827e-01
        224000   2.819198e+00   7.295022e+00              0              7              0              0   1.521251e+01   3.286391e-01   8.519630e-01
        224500   2.864031e+00   4.683428e+00              0              8              0              0   1.539639e+01   3.122171e-01   8.835556e-01
        225000   2.849019e+00   5.670268e+00              0             12              0              0   1.500434e+01   3.179993e-01   8.767010e-01
        225500   2.820869e+00   1.018339e+01              0              8              0              0   1.525602e+01   2.952381e-01   8.979835e-01
        226000   2.837520e+00   1.117314e+01              0              8              0              0   1.524097e+01   3.221435e-01   8.749774e-01
        226500   2.865773e+00   8.507565e+00              0              9              0              0   1.577497e+01   3.271079e-01   8.886241e-01
