          step              r      E_metad_r      n_cont_CA   n_cont_heavy       n_saltbr        n_hbond           SASA           RMSD             Rg 
             0   8.652810e-01   0.000000e+00              2             48              0              7   1.508517e+01   0.000000e+00   8.759846e-01
           500   8.966516e-01   9.460773e-01              2             48              0              7   1.545911e+01   8.359563e-02   8.953780e-01
          1000   9.147744e-01   1.931204e+00              2             49              0              4   1.529711e+01   9.360298e-02   8.990860e-01
          1500   9.193114e-01   2.917568e+00              2             45              0              6   1.576159e+01   1.282976e-01   9.041525e-01
          2000   8.985158e-01   3.883973e+00              2             48              0              7   1.582368e+01   1.373449e-01   9.114854e-01
          2500   9.098718e-01   4.865713e+00              2             46              0              7   1.566897e+01   1.294390e-01   8.911249e-01
          3000   9.071534e-01   5.850755e+00              2             46              0              8   1.539894e+01   1.373373e-01   8.767550e-01
          3500   9.382110e-01   6.841658e+00              2             50              0              7   1.553434e+01   1.390791e-01   8.809222e-01
          4000   9.099706e-01   7.831876e+00              2             49              0              7   1.533243e+01   1.452643e-01   8.746254e-01
          4500   9.014903e-01   8.814245e+00              2             47              0              6   1.524164e+01   1.499210e-01   8.613182e-01
          5000   8.971666e-01   9.278416e+00              2             46              0              6   1.532417e+01   1.339687e-01   8.591678e-01
          5500   8.920920e-01   1.023365e+01              2             45              0              6   1.531443e+01   1.396879e-01   8.597612e-01
          6000   9.130108e-01   1.170312e+01              2             49              0              7   1.544727e+01   1.467785e-01   8.796811e-01
          6500   9.215610e-01   1.268753e+01              2             47              0              6   1.539983e+01   1.487559e-01   8.755395e-01
          7000   8.881371e-01   1.310504e+01              2             48              0              6   1.567927e+01   1.531507e-01   8.804321e-01
          7500   9.090867e-01   1.458688e+01              1             43              0              6   1.556189e+01   1.672209e-01   8.795308e-01
          8000   8.967757e-01   1.557082e+01              2             46              0              6   1.537529e+01   1.822561e-01   8.736003e-01
          8500   9.131933e-01   1.653083e+01              2             46              0              5   1.541628e+01   1.759218e-01   8.751359e-01
          9000   8.927957e-01   1.748171e+01              2             46              0              5   1.552061e+01   1.745109e-01   8.686021e-01
          9500   8.994714e-01   1.843110e+01              2             44              0              5   1.550694e+01   1.566534e-01   8.736257e-01
         10000   9.207113e-01   1.942469e+01              2             45              0              8   1.544351e+01   1.671521e-01   8.766727e-01
         10500   8.990097e-01   2.041732e+01              2             43              0              5   1.555994e+01   1.759615e-01   8.738462e-01
         11000   9.329905e-01   1.750076e+01              2             41              0              5   1.563058e+01   1.842846e-01   8.878665e-01
         11500   9.348126e-01   2.234733e+01              2             37              0              6   1.578488e+01   1.962379e-01   8.961269e-01
         12000   9.270502e-01   2.334183e+01              1             44              0              7   1.561572e+01   1.865047e-01   8.859378e-01
         12500   9.325518e-01   2.432652e+01              1             37              0              7   1.566328e+01   1.896161e-01   8.843110e-01
         13000   9.210297e-01   2.532412e+01              2             42              0              6   1.555208e+01   1.828337e-01   8.904787e-01
         13500   9.298918e-01   2.632002e+01              2             43              0              8   1.563068e+01   1.990760e-01   9.038068e-01
         14000   9.188301e-01   2.731003e+01              2             45              0              6   1.560041e+01   2.114540e-01   8.930546e-01
         14500   9.198046e-01   2.830073e+01              2             43              0              7   1.540947e+01   2.242157e-01   8.892757e-01
         15000   9.235326e-01   2.738868e+01              2             47              0              6   1.567292e+01   2.343327e-01   8.936637e-01
         15500   9.195576e-01   3.027570e+01              2             46              0              8   1.548140e+01   2.448944e-01   8.764206e-01
         16000   8.947541e-01   2.915435e+01              2             46              0              6   1.534022e+01   2.488671e-01   8.715486e-01
         16500   8.750256e-01   3.015118e+01              2             49              0              8   1.523266e+01   2.514013e-01   8.480759e-01
         17000   8.650406e-01   3.114260e+01              1             47              0              6   1.522998e+01   2.368599e-01   8.523804e-01
         17500   8.669444e-01   3.213860e+01              2             50              0              7   1.533035e+01   2.358433e-01   8.525188e-01
         18000   8.699983e-01   3.312882e+01              1             49              0              6   1.545009e+01   2.430608e-01   8.605754e-01
         18500   8.490935e-01   3.411284e+01              2             50              0              6   1.527186e+01   2.595639e-01   8.588347e-01
         19000   8.345194e-01   2.695511e+01              3             50              0              6   1.519564e+01   2.507074e-01   8.410986e-01
         19500   8.573139e-01   3.592119e+01              2             48              0              7   1.500453e+01   2.453708e-01   8.529206e-01
         20000   8.397469e-01   2.888188e+01              2             51              0              8   1.535817e+01   2.582407e-01   8.412736e-01
         20500   8.381685e-01   2.987560e+01              2             50              0              7   1.552808e+01   2.419118e-01   8.522442e-01
         21000   8.275399e-01   3.086790e+01              2             49              0              8   1.531400e+01   2.472694e-01   8.470687e-01
         21500   8.515767e-01   3.185968e+01              2             48              0              6   1.520087e+01   2.347254e-01   8.603480e-01
         22000   8.598749e-01   4.053792e+01              2             49              0              6   1.524383e+01   2.283312e-01   8.614842e-01
         22500   8.229030e-01   3.379598e+01              1             46              0              7   1.533563e+01   2.113355e-01   8.685111e-01
         23000   8.747258e-01   4.240631e+01              2             48              0              6   1.506333e+01   2.351566e-01   8.600448e-01
         23500   8.744596e-01   4.340258e+01              2             48              0              8   1.511966e+01   2.309989e-01   8.624222e-01
         24000   8.302941e-01   3.661609e+01              1             48              0              7   1.485283e+01   2.465177e-01   8.439576e-01
         24500   8.537938e-01   4.526619e+01              2             47              0              8   1.504321e+01   2.278148e-01   8.490699e-01
         25000   8.808325e-01   4.626153e+01              2             47              0              8   1.525082e+01   2.222144e-01   8.583177e-01
         25500   8.530607e-01   3.941185e+01              2             49              0              8   1.508822e+01   2.274631e-01   8.531482e-01
         26000   8.547668e-01   4.039939e+01              1             48              0              8   1.504823e+01   2.210935e-01   8.526690e-01
         26500   8.535544e-01   4.912112e+01              2             48              0              7   1.528605e+01   2.197185e-01   8.532910e-01
         27000   8.374941e-01   4.233131e+01              1             49              0              8   1.512572e+01   2.115077e-01   8.422087e-01
         27500   8.513519e-01   4.330736e+01              2             55              0              6   1.508299e+01   2.255471e-01   8.449091e-01
         28000   8.678610e-01   5.194925e+01              1             49              1              7   1.508165e+01   2.273976e-01   8.526603e-01
         28500   8.298109e-01   4.524633e+01              1             48              0              7   1.499113e+01   2.355458e-01   8.293786e-01
         29000   8.650697e-01   5.380445e+01              3             50              0              9   1.502806e+01   2.478514e-01   8.296246e-01
         29500   8.745306e-01   5.476942e+01              1             48              0             10   1.529316e+01   2.482354e-01   8.522022e-01
         30000   8.532360e-01   5.574593e+01              2             52              0              7   1.545772e+01   2.563831e-01   8.725986e-01
         30500   8.434841e-01   4.905380e+01              2             53              0              8   1.530202e+01   2.539109e-01   8.580194e-01
         31000   8.511951e-01   5.003876e+01              1             50              0              6   1.520988e+01   2.284327e-01   8.599954e-01
         31500   8.107774e-01   5.101262e+01              3             51              0              7   1.490645e+01   2.714870e-01   8.292389e-01
         32000   8.339733e-01   5.200333e+01              1             48              0              7   1.496639e+01   2.689513e-01   8.424636e-01
         32500   8.485815e-01   5.299766e+01              1             48              0              6   1.519331e+01   2.529560e-01   8.497891e-01
         33000   8.279221e-01   5.398484e+01              2             52              0              8   1.509060e+01   2.442965e-01   8.550166e-01
         33500   8.416424e-01   5.497890e+01              1             47              0             10   1.523845e+01   2.605923e-01   8.446496e-01
         34000   8.520188e-01   5.595169e+01              2             46              0              8   1.515159e+01   2.578419e-01   8.580865e-01
         34500   8.426866e-01   5.693480e+01              2             47              0              9   1.502859e+01   2.561358e-01   8.332548e-01
         35000   8.301830e-01   5.793083e+01              2             44              0              7   1.498622e+01   2.484391e-01   8.357400e-01
         35500   8.450726e-01   5.892278e+01              1             50              0              7   1.500534e+01   2.593433e-01   8.445386e-01
         36000   8.282309e-01   5.991715e+01              1             46              0              7   1.515103e+01   2.485960e-01   8.463258e-01
         36500   8.175656e-01   6.089547e+01              2             49              0              8   1.483774e+01   2.580171e-01   8.363923e-01
         37000   8.162308e-01   6.185403e+01              1             49              0              8   1.479709e+01   2.602845e-01   8.252084e-01
         37500   8.058778e-01   4.648425e+01              2             50              0              6   1.495246e+01   2.729960e-01   8.331520e-01
         38000   8.107312e-01   6.374091e+01              1             45              0              6   1.487760e+01   2.629165e-01   8.209457e-01
         38500   8.327993e-01   6.473331e+01              2             45              0              7   1.467146e+01   2.650281e-01   8.188313e-01
         39000   8.259706e-01   6.571957e+01              2             45              0              8   1.498581e+01   2.643040e-01   8.353113e-01
         39500   8.496501e-01   6.671283e+01              2             49              0              6   1.509999e+01   2.603918e-01   8.576742e-01
         40000   8.556049e-01   7.298142e+01              2             50              0              6   1.520111e+01   2.583605e-01   8.576102e-01
         40500   8.508771e-01   7.392858e+01              1             48              0              8   1.534849e+01   2.629611e-01   8.680012e-01
         41000   8.677359e-01   7.490429e+01              2             47              0              7   1.544769e+01   2.662431e-01   8.533979e-01
         41500   8.671000e-01   7.588372e+01              1             49              0              7   1.570888e+01   2.656975e-01   8.692103e-01
         42000   8.870291e-01   6.721338e+01              2             46              0              9   1.560911e+01   2.551551e-01   8.756419e-01
         42500   8.626072e-01   7.225202e+01              1             48              0              4   1.564369e+01   2.785129e-01   8.740451e-01
         43000   9.020975e-01   6.897013e+01              2             46              0              7   1.569868e+01   2.732242e-01   8.702387e-01
         43500   8.807608e-01   7.977331e+01              1             46              0              5   1.544682e+01   2.673548e-01   8.603212e-01
         44000   9.039573e-01   7.085280e+01              2             47              0              7   1.550191e+01   2.526819e-01   8.654521e-01
         44500   8.923807e-01   8.167241e+01              2             45              0              4   1.552045e+01   2.464188e-01   8.727115e-01
         45000   9.225537e-01   7.282480e+01              2             44              0              8   1.555049e+01   2.376167e-01   8.790867e-01
         45500   9.381039e-01   5.307413e+01              2             42              0              6   1.551840e+01   2.504991e-01   8.792594e-01
         46000   9.700291e-01   5.405585e+01              2             42              0              5   1.548163e+01   2.361418e-01   8.890294e-01
         46500   9.834558e-01   5.504315e+01              2             42              0              7   1.570069e+01   2.420477e-01   9.058379e-01
         47000   9.538138e-01   5.602165e+01              1             39              0              4   1.574207e+01   2.434510e-01   8.940855e-01
         47500   9.752456e-01   5.701334e+01              2             41              0              3   1.566990e+01   2.437559e-01   9.024249e-01
         48000   9.922204e-01   3.554193e+01              2             41              0              4   1.563445e+01   2.381234e-01   8.923134e-01
         48500   9.892890e-01   5.892365e+01              2             41              0              5   1.535255e+01   2.427892e-01   8.876678e-01
         49000   9.836998e-01   3.749577e+01              2             40              0              5   1.548173e+01   2.433480e-01   8.824087e-01
         49500   9.870233e-01   3.843342e+01              1             41              0              6   1.547020e+01   2.474236e-01   8.850003e-01
         50000   9.734114e-01   6.183956e+01              2             39              0              5   1.559954e+01   2.351358e-01   8.946580e-01
         50500   9.738289e-01   6.282112e+01              2             41              0              5   1.546034e+01   2.544259e-01   8.865288e-01
         51000   9.804590e-01   4.126733e+01              2             40              0              6   1.522047e+01   2.645332e-01   8.785889e-01
         51500   9.805023e-01   4.220462e+01              2             40              0              6   1.512453e+01   2.691818e-01   8.816771e-01
         52000   9.883886e-01   4.315569e+01              1             39              0              5   1.540573e+01   2.822591e-01   8.931651e-01
         52500   9.991554e-01   4.414233e+01              2             40              0              8   1.534547e+01   2.588305e-01   8.933558e-01
         53000   1.009393e+00   4.513281e+01              1             39              0              6   1.529669e+01   2.818817e-01   8.978624e-01
         53500   1.011702e+00   4.612292e+01              1             38              0              4   1.555389e+01   2.588908e-01   8.831779e-01
         54000   1.037872e+00   2.737337e+01              1             38              0              5   1.541241e+01   2.621577e-01   8.854882e-01
         54500   1.027376e+00   4.806297e+01              2             40              0              6   1.548199e+01   2.742039e-01   9.102383e-01
         55000   1.050677e+00   2.930378e+01              2             39              0              5   1.532232e+01   2.981721e-01   9.228199e-01
         55500   1.042461e+00   4.994658e+01              2             40              0              4   1.523062e+01   2.909672e-01   9.054836e-01
         56000   1.020393e+00   5.090676e+01              2             40              0              6   1.521629e+01   2.846711e-01   9.142762e-01
         56500   1.028672e+00   5.189782e+01              2             39              0              6   1.527961e+01   2.861881e-01   9.044043e-01
         57000   1.010146e+00   5.286636e+01              2             40              0              6   1.518858e+01   2.737502e-01   8.846407e-01
         57500   1.026536e+00   5.385598e+01              2             40              0              6   1.514699e+01   2.659147e-01   8.949816e-01
         58000   1.019157e+00   5.485218e+01              2             35              0              5   1.497247e+01   2.854818e-01   9.048247e-01
         58500   1.033982e+00   5.582798e+01              2             40              0              6   1.513325e+01   2.838064e-01   8.941897e-01
         59000   1.041346e+00   3.691538e+01              2             40              0              6   1.484435e+01   2.931895e-01   8.969420e-01
         59500   1.059898e+00   3.790623e+01              2             40              0              6   1.483161e+01   3.035493e-01   8.908187e-01
         60000   1.051321e+00   3.890506e+01              2             39              0              5   1.479901e+01   3.023403e-01   8.882290e-01
         60500   1.013547e+00   5.946988e+01              2             39              0              8   1.535179e+01   2.892760e-01   9.105723e-01
         61000   1.015667e+00   6.046003e+01              2             40              0              5   1.521533e+01   2.974688e-01   8.985346e-01
         61500   1.016685e+00   6.144819e+01              2             40              0              6   1.547108e+01   2.940780e-01   8.983789e-01
         62000   1.007515e+00   6.243359e+01              2             39              0              6   1.518841e+01   2.944238e-01   9.038248e-01
         62500   1.030193e+00   6.342577e+01              2             40              0              4   1.514935e+01   3.049225e-01   9.003759e-01
         63000   1.070171e+00   4.442833e+01              1             34              0              6   1.498824e+01   2.952414e-01   9.011392e-01
         63500   1.031223e+00   4.540854e+01              2             39              0              6   1.525720e+01   2.902364e-01   8.929862e-01
         64000   1.050050e+00   4.639058e+01              2             40              0              5   1.519513e+01   2.885642e-01   8.935552e-01
         64500   1.021548e+00   6.705789e+01              2             41              0              7   1.500441e+01   2.769671e-01   8.870465e-01
         65000   1.059543e+00   4.831078e+01              2             39              0              6   1.534290e+01   2.833118e-01   9.066389e-01
         65500   1.027377e+00   6.891483e+01              2             40              0              4   1.522528e+01   2.883024e-01   8.960080e-01
         66000   1.038725e+00   6.988719e+01              1             39              0              5   1.512932e+01   2.909677e-01   9.021472e-01
         66500   1.020060e+00   7.085594e+01              2             40              0              6   1.541854e+01   2.892116e-01   9.134927e-01
         67000   1.018849e+00   7.185021e+01              2             40              0              5   1.515560e+01   3.002910e-01   8.948547e-01
         67500   1.021490e+00   7.284441e+01              2             40              0              4   1.517234e+01   2.861081e-01   9.071726e-01
         68000   1.034790e+00   5.391787e+01              2             42              0              8   1.530985e+01   2.992636e-01   9.129676e-01
         68500   1.071145e+00   3.511042e+01              2             40              0              6   1.511979e+01   2.982808e-01   9.083100e-01
         69000   1.052528e+00   5.587840e+01              2             41              0              7   1.538787e+01   2.914672e-01   9.195956e-01
         69500   1.042047e+00   5.686951e+01              1             38              0              5   1.523669e+01   3.017863e-01   9.068834e-01
         70000   1.039246e+00   7.743474e+01              1             39              0              5   1.514558e+01   2.928756e-01   9.001540e-01
         70500   1.061673e+00   5.881189e+01              1             39              0              5   1.511481e+01   2.917485e-01   9.030761e-01
         71000   1.067604e+00   5.980748e+01              2             39              0              5   1.516335e+01   2.986446e-01   9.292834e-01
         71500   1.105166e+00   4.025738e+01              2             40              0              6   1.496302e+01   2.988111e-01   9.109526e-01
         72000   1.087203e+00   4.124384e+01              1             40              0              5   1.543320e+01   2.870656e-01   9.429566e-01
         72500   1.089021e+00   4.220784e+01              1             39              0              5   1.528206e+01   2.818789e-01   9.098698e-01
         73000   1.074643e+00   6.358718e+01              1             38              0              6   1.518718e+01   2.740772e-01   8.985926e-01
         73500   1.053475e+00   6.457958e+01              1             39              0              6   1.514204e+01   2.893982e-01   8.977145e-01
         74000   1.031987e+00   6.556616e+01              2             39              0              6   1.484698e+01   3.018977e-01   9.191284e-01
         74500   1.033004e+00   6.653270e+01              1             39              0              5   1.491589e+01   3.152714e-01   9.122481e-01
         75000   1.033402e+00   6.750693e+01              2             40              0              6   1.519187e+01   3.082683e-01   9.228835e-01
         75500   1.022024e+00   8.682552e+01              2             40              0              5   1.524322e+01   2.895767e-01   9.157078e-01
         76000   1.070279e+00   4.797575e+01              1             40              0              5   1.501933e+01   3.161049e-01   9.159315e-01
         76500   1.062665e+00   7.039915e+01              2             39              0              5   1.507136e+01   3.323780e-01   9.196842e-01
         77000   1.051376e+00   7.137484e+01              1             39              0              7   1.521451e+01   3.592876e-01   9.253777e-01
         77500   1.106046e+00   5.075351e+01              2             38              0              4   1.526395e+01   3.567257e-01   9.183622e-01
         78000   1.113525e+00   5.174927e+01              2             38              0              4   1.518834e+01   3.661231e-01   9.243120e-01
         78500   1.129496e+00   3.191041e+01              2             38              0              5   1.498766e+01   3.450159e-01   9.158473e-01
         79000   1.124175e+00   5.371559e+01              2             35              0              5   1.506812e+01   3.626366e-01   9.350870e-01
         79500   1.127306e+00   5.468504e+01              2             39              0              4   1.507672e+01   3.569280e-01   9.388459e-01
         80000   1.158689e+00   3.480075e+01              1             33              0              2   1.504423e+01   3.661438e-01   9.370183e-01
         80500   1.152205e+00   3.579383e+01              1             31              0              4   1.539437e+01   3.545410e-01   9.452575e-01
         81000   1.153788e+00   3.679018e+01              1             29              0              3   1.514639e+01   3.541260e-01   9.372611e-01
         81500   1.129911e+00   5.840018e+01              1             39              0              5   1.516095e+01   3.540379e-01   9.170239e-01
         82000   1.131247e+00   5.938271e+01              1             38              0              4   1.533178e+01   3.916968e-01   9.240622e-01
         82500   1.152440e+00   3.966299e+01              2             35              0              4   1.507756e+01   3.897181e-01   9.211986e-01
         83000   1.143960e+00   4.065860e+01              1             35              0              4   1.505830e+01   3.941957e-01   9.240970e-01
         83500   1.157127e+00   4.164420e+01              1             39              0              3   1.524991e+01   4.002112e-01   9.328905e-01
         84000   1.154834e+00   4.263547e+01              1             39              0              3   1.491511e+01   3.932282e-01   9.101548e-01
         84500   1.142765e+00   4.363022e+01              1             39              0              3   1.505680e+01   3.923680e-01   9.084306e-01
         85000   1.192995e+00   2.658919e+01              1             37              0              3   1.475079e+01   3.875029e-01   9.028694e-01
         85500   1.192260e+00   2.757205e+01              1             38              0              3   1.536230e+01   3.807461e-01   9.118895e-01
         86000   1.200921e+00   2.855766e+01              2             37              0              3   1.511155e+01   3.829037e-01   9.132068e-01
         86500   1.236460e+00   2.954915e+01              1             34              0              4   1.514823e+01   3.799179e-01   9.039876e-01
         87000   1.223397e+00   3.053070e+01              0             33              0              3   1.513776e+01   3.655953e-01   8.963850e-01
         87500   1.252232e+00   3.149283e+01              0             33              0              2   1.549792e+01   3.405075e-01   9.042295e-01
         88000   1.208342e+00   3.248318e+01              1             34              0              2   1.541271e+01   3.316869e-01   9.012406e-01
         88500   1.191892e+00   3.346832e+01              0             35              0              4   1.546854e+01   3.298940e-01   9.013180e-01
         89000   1.194732e+00   3.443439e+01              1             33              0              3   1.555521e+01   3.330250e-01   9.024491e-01
         89500   1.175686e+00   5.257774e+01              1             34              0              3   1.550734e+01   3.278036e-01   9.016324e-01
         90000   1.189753e+00   5.352876e+01              0             35              0              3   1.553719e+01   3.269769e-01   8.981449e-01
         90500   1.159526e+00   5.451585e+01              0             37              0              2   1.521058e+01   3.396535e-01   8.950348e-01
         91000   1.176542e+00   5.551013e+01              0             33              0              2   1.493591e+01   3.536445e-01   8.958225e-01
         91500   1.183604e+00   5.649654e+01              0             32              0              3   1.531981e+01   3.268511e-01   8.978704e-01
         92000   1.199452e+00   4.009057e+01              1             33              0              3   1.512450e+01   3.323030e-01   8.952989e-01
         92500   1.183200e+00   4.105635e+01              1             31              0              3   1.514768e+01   3.330271e-01   8.761690e-01
         93000   1.230372e+00   4.203248e+01              0             31              0              1   1.545675e+01   3.563282e-01   8.938204e-01
         93500   1.206344e+00   4.303025e+01              0             32              0              2   1.537323e+01   3.623030e-01   9.043744e-01
         94000   1.258304e+00   2.814105e+01              0             24              0              1   1.538572e+01   3.509629e-01   8.941952e-01
         94500   1.220320e+00   4.497301e+01              0             28              0              1   1.535977e+01   3.495195e-01   8.778734e-01
         95000   1.198011e+00   4.596694e+01              0             28              0              3   1.507599e+01   3.511985e-01   8.846979e-01
         95500   1.199173e+00   4.696195e+01              0             28              0              2   1.548965e+01   3.528196e-01   8.966439e-01
         96000   1.126771e+00   7.945063e+01              0             32              0              3   1.535785e+01   3.462008e-01   8.841407e-01
         96500   1.135549e+00   8.042761e+01              1             31              0              3   1.525680e+01   3.331362e-01   8.770425e-01
         97000   1.175997e+00   6.642561e+01              1             27              0              3   1.524705e+01   3.364740e-01   8.937890e-01
         97500   1.199170e+00   5.039090e+01              0             30              0              1   1.546910e+01   3.342927e-01   8.897804e-01
         98000   1.181728e+00   6.834547e+01              1             29              0              3   1.551191e+01   3.308820e-01   8.980360e-01
         98500   1.184926e+00   6.932403e+01              2             31              0              3   1.544769e+01   3.529547e-01   9.070125e-01
         99000   1.193993e+00   5.327763e+01              0             31              0              2   1.514399e+01   3.619103e-01   8.759781e-01
         99500   1.202579e+00   5.426392e+01              1             28              0              3   1.511199e+01   3.655300e-01   8.886942e-01
        100000   1.209460e+00   5.525943e+01              1             29              0              3   1.508515e+01   3.787766e-01   8.859929e-01
        100500   1.249984e+00   3.818862e+01              0             29              0              5   1.580822e+01   3.609284e-01   9.107251e-01
        101000   1.229705e+00   5.718123e+01              1             30              0              3   1.620509e+01   3.488988e-01   9.262925e-01
        101500   1.241376e+00   4.012043e+01              0             33              0              3   1.573772e+01   3.698607e-01   9.105967e-01
        102000   1.275157e+00   4.111508e+01              0             29              0              2   1.533522e+01   3.586782e-01   9.006080e-01
        102500   1.246263e+00   4.210897e+01              0             33              0              3   1.527273e+01   3.687391e-01   9.034460e-01
        103000   1.240743e+00   6.085669e+01              0             30              0              2   1.530467e+01   3.598357e-01   9.042810e-01
        103500   1.256470e+00   4.408330e+01              0             28              0              1   1.500528e+01   3.542204e-01   8.935707e-01
        104000   1.270902e+00   4.504147e+01              1             30              0              2   1.563020e+01   3.521366e-01   9.237605e-01
        104500   1.255677e+00   4.603732e+01              0             30              0              3   1.533489e+01   3.668198e-01   9.173419e-01
        105000   1.218325e+00   6.454309e+01              1             36              0              3   1.535429e+01   3.860562e-01   9.163022e-01
        105500   1.209708e+00   6.553797e+01              0             30              0              2   1.546071e+01   3.521720e-01   8.810698e-01
        106000   1.238494e+00   4.879347e+01              0             33              0              2   1.532223e+01   3.399513e-01   8.838646e-01
        106500   1.225012e+00   6.751915e+01              1             35              0              1   1.538533e+01   3.420411e-01   8.989450e-01
        107000   1.226663e+00   6.851183e+01              1             30              0              2   1.555842e+01   3.538202e-01   9.134463e-01
        107500   1.242025e+00   5.154359e+01              1             31              0              2   1.526555e+01   3.431921e-01   8.949989e-01
        108000   1.252227e+00   5.253984e+01              1             33              0              2   1.528739e+01   3.575129e-01   8.850703e-01
        108500   1.302591e+00   3.441616e+01              1             34              0              3   1.549488e+01   3.563981e-01   9.093919e-01
        109000   1.322762e+00   3.540619e+01              0             32              0              0   1.523031e+01   3.580418e-01   8.972566e-01
        109500   1.302437e+00   3.640266e+01              1             33              0              3   1.535494e+01   3.601446e-01   9.044551e-01
        110000   1.297192e+00   3.737804e+01              1             35              0              2   1.530147e+01   3.728627e-01   9.200325e-01
        110500   1.308345e+00   3.837179e+01              1             33              0              3   1.517578e+01   3.755398e-01   9.145606e-01
        111000   1.308322e+00   3.935846e+01              0             39              0              2   1.511454e+01   3.599743e-01   9.093307e-01
        111500   1.271741e+00   5.885696e+01              0             34              0              3   1.496932e+01   3.475763e-01   9.000642e-01
        112000   1.289608e+00   4.124710e+01              1             36              0              3   1.494201e+01   3.643602e-01   8.932728e-01
        112500   1.297257e+00   4.223061e+01              0             35              0              3   1.509514e+01   3.649898e-01   8.975941e-01
        113000   1.300661e+00   4.322353e+01              1             26              0              3   1.505786e+01   3.772452e-01   8.907045e-01
        113500   1.311097e+00   4.420645e+01              0             31              0              3   1.480735e+01   3.692552e-01   9.014483e-01
        114000   1.309021e+00   4.519974e+01              0             34              0              2   1.501168e+01   3.758450e-01   9.033711e-01
        114500   1.301108e+00   4.619183e+01              0             37              0              3   1.509824e+01   3.700570e-01   9.064250e-01
        115000   1.347773e+00   2.949815e+01              0             32              0              1   1.503700e+01   3.691269e-01   9.113354e-01
        115500   1.321735e+00   4.809888e+01              0             33              0              3   1.515838e+01   3.911336e-01   9.049316e-01
        116000   1.313895e+00   4.908755e+01              1             36              0              5   1.517349e+01   3.849549e-01   9.269357e-01
        116500   1.335630e+00   3.227146e+01              1             38              0              3   1.514918e+01   3.739006e-01   9.368486e-01
        117000   1.361153e+00   3.324490e+01              0             38              0              1   1.497574e+01   3.812450e-01   9.159764e-01
        117500   1.377618e+00   3.423674e+01              1             39              0              3   1.514915e+01   3.885682e-01   9.381058e-01
        118000   1.378646e+00   3.522520e+01              0             34              0              3   1.507583e+01   3.682661e-01   9.147007e-01
        118500   1.400083e+00   2.129444e+01              0             32              0              2   1.512380e+01   3.837486e-01   9.301205e-01
        119000   1.358260e+00   3.715840e+01              0             34              0              3   1.509686e+01   3.749973e-01   9.345486e-01
        119500   1.391605e+00   2.311370e+01              1             31              0              1   1.515211e+01   3.742097e-01   9.399606e-01
        120000   1.360568e+00   3.912680e+01              0             31              0              1   1.501924e+01   3.869358e-01   9.260031e-01
        120500   1.342280e+00   5.681324e+01              1             32              0              2   1.515271e+01   3.887761e-01   9.333212e-01
        121000   1.394262e+00   2.578867e+01              1             29              0              1   1.520362e+01   3.936787e-01   9.193143e-01
        121500   1.402171e+00   2.677412e+01              0             32              0              1   1.535240e+01   4.023458e-01   9.352233e-01
        122000   1.369799e+00   4.295666e+01              1             32              0              1   1.500633e+01   3.962626e-01   9.318468e-01
        122500   1.335423e+00   4.393991e+01              1             30              0              3   1.540988e+01   4.010974e-01   9.148726e-01
        123000   1.309491e+00   6.095793e+01              0             32              0              1   1.526946e+01   4.045806e-01   9.149844e-01
        123500   1.323776e+00   6.194308e+01              0             32              0              3   1.532970e+01   4.066466e-01   9.185560e-01
        124000   1.313847e+00   6.293896e+01              0             31              0              3   1.532925e+01   4.177830e-01   9.210481e-01
        124500   1.347501e+00   4.762013e+01              0             29              0              2   1.525100e+01   4.235177e-01   9.079186e-01
        125000   1.297724e+00   6.488611e+01              0             30              0              3   1.540018e+01   4.182312e-01   9.085319e-01
        125500   1.324003e+00   6.587592e+01              0             29              0              4   1.524328e+01   4.141034e-01   8.995424e-01
        126000   1.332193e+00   6.685478e+01              1             29              0              4   1.521632e+01   4.034047e-01   9.160583e-01
        126500   1.380826e+00   5.127550e+01              0             28              0              3   1.510296e+01   4.203644e-01   9.077637e-01
        127000   1.370720e+00   5.225303e+01              0             31              0              1   1.503516e+01   4.295824e-01   9.028576e-01
        127500   1.374587e+00   5.324819e+01              0             34              0              3   1.532595e+01   4.289960e-01   9.218369e-01
        128000   1.372083e+00   5.422921e+01              0             30              0              3   1.520791e+01   4.271416e-01   8.940920e-01
        128500   1.401133e+00   3.770241e+01              0             28              0              3   1.519999e+01   4.388171e-01   8.896506e-01
        129000   1.412899e+00   3.869917e+01              0             29              0              4   1.512951e+01   4.503640e-01   8.859628e-01
        129500   1.422239e+00   3.968017e+01              0             27              0              4   1.524005e+01   4.510009e-01   8.948446e-01
        130000   1.403584e+00   4.067201e+01              0             26              0              4   1.530268e+01   4.472744e-01   8.968045e-01
        130500   1.364041e+00   5.871463e+01              0             28              0              4   1.533460e+01   4.408054e-01   8.985865e-01
        131000   1.390794e+00   5.970081e+01              0             33              0              2   1.524000e+01   4.367827e-01   8.929778e-01
        131500   1.444580e+00   4.350770e+01              0             33              0              2   1.535475e+01   4.357405e-01   9.108434e-01
        132000   1.463161e+00   2.799331e+01              0             30              0              1   1.527561e+01   4.474668e-01   9.015188e-01
        132500   1.433386e+00   2.897953e+01              0             30              0              3   1.524445e+01   4.368204e-01   8.910384e-01
        133000   1.471596e+00   2.993845e+01              0             24              0              3   1.521465e+01   4.373454e-01   9.010913e-01
        133500   1.428138e+00   4.724326e+01              0             33              0              1   1.519840e+01   4.511366e-01   8.871673e-01
        134000   1.425291e+00   4.821182e+01              0             30              0              1   1.502729e+01   4.306985e-01   9.088172e-01
        134500   1.482298e+00   3.284399e+01              0             27              0              3   1.510572e+01   4.511060e-01   8.935400e-01
        135000   1.470339e+00   3.382672e+01              0             29              0              4   1.505234e+01   4.563579e-01   8.816890e-01
        135500   1.517235e+00   2.084055e+01              0             31              0              3   1.503256e+01   4.558232e-01   8.933392e-01
        136000   1.507177e+00   2.183857e+01              0             25              0              4   1.528143e+01   4.601151e-01   8.978472e-01
        136500   1.455115e+00   3.660909e+01              0             29              0              3   1.497562e+01   4.606704e-01   8.897983e-01
        137000   1.456800e+00   3.758163e+01              0             31              0              3   1.488435e+01   4.548047e-01   8.808168e-01
        137500   1.486320e+00   2.446163e+01              0             23              0              2   1.543606e+01   4.616220e-01   8.920974e-01
        138000   1.492363e+00   2.541380e+01              0             22              0              2   1.542899e+01   4.547723e-01   9.011429e-01
        138500   1.547509e+00   1.510509e+01              0             25              0              2   1.539127e+01   4.717672e-01   9.046732e-01
        139000   1.548446e+00   1.608932e+01              0             23              0              2   1.517137e+01   4.705994e-01   9.084827e-01
        139500   1.545516e+00   1.704487e+01              0             24              0              1   1.497708e+01   4.690972e-01   8.933397e-01
        140000   1.551635e+00   1.802334e+01              0             17              0              2   1.503442e+01   4.622976e-01   8.925577e-01
        140500   1.543040e+00   3.021452e+01              0             20              0              2   1.507239e+01   4.867348e-01   8.899103e-01
        141000   1.564239e+00   1.998560e+01              0             18              0              2   1.490273e+01   4.883421e-01   8.814532e-01
        141500   1.550510e+00   2.098005e+01              0             20              0              2   1.496327e+01   4.871826e-01   8.752695e-01
        142000   1.506944e+00   3.304486e+01              0             18              0              1   1.498631e+01   4.913954e-01   8.578132e-01
        142500   1.566459e+00   2.281362e+01              0             17              0              1   1.525450e+01   4.961477e-01   8.739977e-01
        143000   1.561520e+00   2.380496e+01              0             20              0              1   1.468616e+01   4.717519e-01   8.746531e-01
        143500   1.600697e+00   1.533126e+01              0             19              0              1   1.520229e+01   4.737326e-01   8.790208e-01
        144000   1.572348e+00   2.574342e+01              0             17              0              1   1.508272e+01   4.733941e-01   8.857926e-01
        144500   1.587314e+00   2.670856e+01              0             16              0              1   1.508386e+01   4.780171e-01   8.821722e-01
        145000   1.611597e+00   1.815313e+01              0             19              0              1   1.513774e+01   4.727325e-01   8.940114e-01
        145500   1.594166e+00   2.859781e+01              0             17              0              1   1.508037e+01   4.725224e-01   8.940942e-01
        146000   1.615459e+00   2.012659e+01              0             15              0              1   1.545312e+01   4.719985e-01   9.025031e-01
        146500   1.633517e+00   2.112447e+01              0             16              0              1   1.568527e+01   4.727038e-01   9.134446e-01
        147000   1.639348e+00   2.208586e+01              0             19              0              1   1.540231e+01   4.674056e-01   8.976957e-01
        147500   1.630949e+00   2.307752e+01              0             20              0              1   1.545546e+01   4.792777e-01   8.898140e-01
        148000   1.593204e+00   2.405503e+01              0             18              0              1   1.559669e+01   4.758791e-01   8.887074e-01
        148500   1.597281e+00   2.499999e+01              0             15              0              1   1.552348e+01   4.712669e-01   8.971815e-01
        149000   1.601479e+00   2.598291e+01              0             16              0              1   1.540735e+01   4.637204e-01   8.960811e-01
        149500   1.668301e+00   1.805838e+01              0             19              0              1   1.546255e+01   4.545728e-01   9.060571e-01
        150000   1.707634e+00   1.122243e+01              0             19              0              1   1.556646e+01   4.641961e-01   9.063763e-01
        150500   1.654939e+00   2.001642e+01              0             19              0              1   1.551016e+01   4.538101e-01   9.082229e-01
        151000   1.643854e+00   2.099712e+01              0             18              0              1   1.538006e+01   4.626849e-01   8.986909e-01
        151500   1.678586e+00   2.198415e+01              0             20              0              1   1.537448e+01   4.764463e-01   9.012028e-01
        152000   1.693450e+00   1.479600e+01              0             18              0              1   1.523165e+01   4.734541e-01   8.933113e-01
        152500   1.724638e+00   1.578265e+01              0             17              0              1   1.530324e+01   4.766964e-01   9.037157e-01
        153000   1.752340e+00   9.914380e+00              0             18              0              1   1.534967e+01   4.783008e-01   8.975052e-01
        153500   1.774287e+00   1.090704e+01              0             19              0              1   1.542002e+01   4.784990e-01   9.191970e-01
        154000   1.810506e+00   6.876053e+00              0             20              0              1   1.535243e+01   4.922086e-01   9.128355e-01
        154500   1.765845e+00   1.282765e+01              0             17              0              1   1.534684e+01   4.837148e-01   8.891476e-01
        155000   1.777686e+00   1.382443e+01              0             18              0              1   1.515653e+01   4.610818e-01   9.023963e-01
        155500   1.804543e+00   9.675962e+00              0             18              0              1   1.532821e+01   4.667669e-01   8.913203e-01
        156000   1.788625e+00   1.577927e+01              0             20              0              0   1.535728e+01   4.512159e-01   9.109565e-01
        156500   1.816996e+00   1.158624e+01              0             17              0              0   1.540736e+01   4.693881e-01   8.987801e-01
        157000   1.775759e+00   1.766843e+01              0             17              0              1   1.529926e+01   4.713601e-01   8.995431e-01
        157500   1.751353e+00   1.865545e+01              0             19              0              0   1.515097e+01   4.736707e-01   9.035937e-01
        158000   1.789785e+00   1.963998e+01              0             17              0              1   1.519938e+01   4.814914e-01   8.981772e-01
        158500   1.790412e+00   1.516272e+01              0             17              0              0   1.564662e+01   4.703987e-01   8.929240e-01
        159000   1.748359e+00   2.161187e+01              0             19              0              1   1.560331e+01   4.842430e-01   8.892775e-01
        159500   1.763813e+00   2.260612e+01              0             18              0              1   1.559105e+01   4.946934e-01   8.935320e-01
        160000   1.749194e+00   2.359817e+01              0             19              0              1   1.526360e+01   4.856222e-01   8.958774e-01
        160500   1.712235e+00   2.927625e+01              0             19              0              1   1.565452e+01   4.810895e-01   8.984874e-01
        161000   1.725026e+00   3.027256e+01              0             17              0              1   1.547148e+01   4.877397e-01   8.964885e-01
        161500   1.793585e+00   2.634753e+01              0             17              0              1   1.529682e+01   4.916235e-01   8.736218e-01
        162000   1.840552e+00   2.081111e+01              0             15              0              0   1.576603e+01   4.924648e-01   9.011228e-01
        162500   1.834136e+00   2.180321e+01              0             17              0              1   1.565579e+01   5.078150e-01   8.861149e-01
        163000   1.850060e+00   1.549351e+01              0             19              0              0   1.571836e+01   5.069953e-01   8.870504e-01
        163500   1.868034e+00   1.648877e+01              0             17              0              0   1.562667e+01   5.145257e-01   9.011566e-01
        164000   1.859503e+00   1.747448e+01              0             20              0              0   1.548605e+01   5.143014e-01   8.957660e-01
        164500   1.905703e+00   1.147463e+01              0             19              0              0   1.563419e+01   5.136237e-01   8.999440e-01
        165000   1.934346e+00   1.247090e+01              0             18              0              0   1.549543e+01   5.133536e-01   8.984738e-01
        165500   1.907614e+00   1.345302e+01              0             20              0              1   1.568698e+01   5.113482e-01   8.875144e-01
        166000   1.913387e+00   1.444024e+01              0             20              0              0   1.558989e+01   5.230922e-01   8.832961e-01
        166500   1.915380e+00   1.542329e+01              0             16              0              0   1.532190e+01   5.096341e-01   8.911953e-01
        167000   1.936312e+00   1.032865e+01              0             17              0              0   1.531013e+01   4.970694e-01   8.705108e-01
        167500   1.956257e+00   1.131215e+01              0              8              0              0   1.513357e+01   5.083975e-01   8.516618e-01
        168000   1.951601e+00   1.229227e+01              0              7              0              0   1.543295e+01   4.978574e-01   8.664312e-01
        168500   1.958430e+00   1.920591e+01              0             10              0              0   1.546045e+01   4.999512e-01   8.900061e-01
        169000   1.945058e+00   2.012000e+01              0              9              0              0   1.519960e+01   5.205419e-01   8.772781e-01
        169500   1.884790e+00   2.652219e+01              0             15              0              0   1.514718e+01   5.146189e-01   8.714420e-01
        170000   1.896120e+00   2.204798e+01              0             16              0              1   1.532752e+01   5.004830e-01   8.912077e-01
        170500   1.897029e+00   2.292708e+01              0             17              0              0   1.546420e+01   4.887269e-01   8.857274e-01
        171000   1.924762e+00   2.389620e+01              0             19              0              0   1.556342e+01   5.016718e-01   8.916927e-01
        171500   1.916146e+00   2.488189e+01              0             20              0              0   1.562969e+01   4.865318e-01   8.958474e-01
        172000   1.894308e+00   3.122331e+01              0             17              0              0   1.540011e+01   4.876370e-01   8.941697e-01
        172500   1.833844e+00   3.524305e+01              0             18              0              0   1.526544e+01   5.180378e-01   8.688671e-01
        173000   1.836954e+00   3.622541e+01              0             16              0              0   1.551536e+01   4.971990e-01   8.889722e-01
        173500   1.846230e+00   3.721310e+01              0             20              0              0   1.542144e+01   5.013200e-01   8.811084e-01
        174000   1.844986e+00   3.817134e+01              0             18              0              0   1.540744e+01   5.082036e-01   8.905621e-01
        174500   1.902651e+00   2.972441e+01              0             18              0              0   1.548391e+01   4.845630e-01   8.941882e-01
        175000   1.882103e+00   3.699258e+01              0             18              0              0   1.510943e+01   4.852403e-01   8.740276e-01
        175500   1.895689e+00   3.155879e+01              0             19              0              0   1.554458e+01   4.861476e-01   8.863847e-01
        176000   1.889552e+00   3.895200e+01              0             21              0              0   1.527005e+01   4.815519e-01   8.856175e-01
        176500   1.950655e+00   2.430713e+01              0             16              0              1   1.503351e+01   5.036224e-01   8.934155e-01
        177000   1.990050e+00   1.577985e+01              0             15              0              0   1.542883e+01   5.018370e-01   9.058110e-01
        177500   2.021708e+00   1.677052e+01              0             13              0              0   1.517561e+01   4.792384e-01   8.827765e-01
        178000   2.036366e+00   9.953212e+00              0             14              0              0   1.515466e+01   4.800562e-01   8.801392e-01
        178500   2.061306e+00   1.871907e+01              0             12              0              0   1.527437e+01   4.907046e-01   8.912465e-01
        179000   2.092558e+00   1.188456e+01              0             14              0              0   1.533004e+01   4.956788e-01   9.013069e-01
        179500   2.050139e+00   1.287704e+01              0             12              0              0   1.531450e+01   4.768046e-01   8.813681e-01
        180000   2.015746e+00   2.139645e+01              0             10              0              0   1.486862e+01   4.579211e-01   8.688953e-01
        180500   2.057783e+00   1.473260e+01              0              8              0              0   1.549165e+01   4.564548e-01   8.789361e-01
        181000   2.083816e+00   1.572162e+01              0              8              0              0   1.522555e+01   4.682631e-01   8.821452e-01
        181500   2.090257e+00   1.669855e+01              0              8              0              0   1.531921e+01   4.639673e-01   8.910169e-01
        182000   2.049842e+00   2.483225e+01              0              7              0              0   1.508362e+01   4.690639e-01   8.845408e-01
        182500   2.021603e+00   2.581064e+01              0             10              0              0   1.516686e+01   4.840881e-01   8.654642e-01
        183000   2.097546e+00   1.959176e+01              0              4              0              0   1.514209e+01   4.649274e-01   8.901056e-01
        183500   2.117539e+00   1.396749e+01              0              3              0              0   1.547543e+01   4.588537e-01   8.946736e-01
        184000   2.154179e+00   9.285649e+00              0              1              0              0   1.527322e+01   4.409827e-01   8.849130e-01
        184500   2.157316e+00   1.023499e+01              0              3              0              0   1.504111e+01   4.333469e-01   8.651063e-01
        185000   2.163434e+00   1.123238e+01              0              1              0              0   1.525260e+01   4.180960e-01   8.627261e-01
        185500   2.148567e+00   1.772820e+01              0              3              0              0   1.507089e+01   4.219719e-01   8.685156e-01
        186000   2.131972e+00   1.868257e+01              0              1              0              0   1.549099e+01   4.156523e-01   8.639462e-01
        186500   2.128026e+00   1.966987e+01              0              4              0              0   1.607309e+01   4.248956e-01   8.796834e-01
        187000   2.163151e+00   1.508825e+01              0              4              0              0   1.552283e+01   4.179655e-01   8.955986e-01
        187500   2.130767e+00   2.155261e+01              0              4              0              0   1.530236e+01   4.131190e-01   8.767199e-01
        188000   2.199312e+00   1.702086e+01              0              4              0              0   1.540588e+01   4.296938e-01   8.780486e-01
        188500   2.220999e+00   1.221518e+01              0              4              0              0   1.572287e+01   4.316249e-01   8.885789e-01
        189000   2.285742e+00   8.015918e+00              0              1              0              0   1.540710e+01   4.245848e-01   8.691466e-01
        189500   2.337152e+00   5.123759e+00              0              3              0              0   1.527437e+01   4.101658e-01   8.649575e-01
        190000   2.330723e+00   6.113402e+00              0              2              0              0   1.561150e+01   4.097469e-01   8.654823e-01
        190500   2.350739e+00   4.495855e+00              0              1              0              0   1.565996e+01   4.104614e-01   8.847807e-01
        191000   2.323175e+00   8.034221e+00              0              1              0              0   1.568330e+01   4.028790e-01   9.084604e-01
        191500   2.313947e+00   9.022596e+00              0              1              0              0   1.526775e+01   4.044517e-01   8.863653e-01
        192000   2.327641e+00   1.000293e+01              0              1              0              0   1.495300e+01   4.004461e-01   8.730160e-01
        192500   2.365865e+00   8.043957e+00              0              3              0              0   1.516025e+01   3.999679e-01   8.938723e-01
        193000   2.326215e+00   1.192082e+01              0              2              0              0   1.502336e+01   3.913108e-01   9.037204e-01
        193500   2.362686e+00   9.923551e+00              0              3              0              0   1.527011e+01   3.926203e-01   8.927796e-01
        194000   2.411615e+00   7.532707e+00              0              3              0              0   1.522199e+01   3.944965e-01   9.120220e-01
        194500   2.436787e+00   8.528157e+00              0              2              0              0   1.515927e+01   3.816936e-01   9.155046e-01
        195000   2.421622e+00   9.522712e+00              0              1              0              0   1.463219e+01   3.980728e-01   8.945863e-01
        195500   2.416965e+00   1.051771e+01              0              2              0              0   1.516278e+01   3.912608e-01   9.172763e-01
        196000   2.420700e+00   1.151606e+01              0              1              0              0   1.489720e+01   3.889070e-01   9.299937e-01
        196500   2.372069e+00   1.533873e+01              0              2              0              0   1.510560e+01   3.820387e-01   9.264512e-01
        197000   2.359794e+00   1.633318e+01              0              3              0              0   1.493349e+01   3.857673e-01   9.234735e-01
        197500   2.329500e+00   1.871872e+01              0              2              0              0   1.486236e+01   3.838660e-01   9.121756e-01
        198000   2.345846e+00   1.821402e+01              0              1              0              0   1.498234e+01   3.829353e-01   9.102661e-01
        198500   2.369548e+00   1.916801e+01              0              1              0              0   1.512347e+01   3.726632e-01   9.046885e-01
        199000   2.382962e+00   2.016434e+01              0              1              0              0   1.498392e+01   3.710606e-01   9.101895e-01
        199500   2.355216e+00   2.115201e+01              0              2              0              0   1.488933e+01   3.722221e-01   9.169117e-01
        200000   2.387115e+00   2.214165e+01              0              1              0              0   1.492932e+01   3.972597e-01   9.107513e-01
        200500   2.371291e+00   2.313489e+01              0              2              0              0   1.509038e+01   3.985866e-01   9.299938e-01
        201000   2.361475e+00   2.412599e+01              0              1              0              0   1.488295e+01   3.876197e-01   9.035161e-01
        201500   2.395509e+00   2.511267e+01              0              1              0              0   1.475405e+01   3.825436e-01   9.048200e-01
        202000   2.445890e+00   1.498980e+01              0              1              0              0   1.481458e+01   3.831841e-01   9.119194e-01
        202500   2.474457e+00   1.596879e+01              0              1              0              0   1.507976e+01   3.733290e-01   9.059494e-01
        203000   2.497108e+00   1.015422e+01              0              0              0              0   1.516155e+01   3.721588e-01   9.037206e-01
        203500   2.503285e+00   1.113395e+01              0              1              0              0   1.511127e+01   3.737277e-01   9.077145e-01
        204000   2.502830e+00   1.212409e+01              0              1              0              0   1.525841e+01   3.766668e-01   9.074304e-01
        204500   2.544385e+00   1.311322e+01              0              0              0              0   1.505987e+01   3.868623e-01   9.111711e-01
        205000   2.543530e+00   1.409349e+01              0              0              0              0   1.507835e+01   3.862261e-01   9.244894e-01
        205500   2.530908e+00   1.508311e+01              0              1              0              0   1.497274e+01   3.808691e-01   9.131879e-01
        206000   2.554208e+00   1.034916e+01              0              0              0              0   1.506436e+01   3.824131e-01   8.938902e-01
        206500   2.549597e+00   1.701880e+01              0              1              0              0   1.535468e+01   3.640421e-01   9.236437e-01
        207000   2.559836e+00   1.231162e+01              0              1              0              0   1.479609e+01   3.806338e-01   9.027819e-01
        207500   2.615372e+00   8.357097e+00              0              1              0              0   1.501446e+01   3.860891e-01   9.187027e-01
        208000   2.613042e+00   9.344992e+00              0              1              0              0   1.527407e+01   3.680559e-01   9.168943e-01
        208500   2.581154e+00   1.505858e+01              0              1              0              0   1.511359e+01   3.627428e-01   8.938828e-01
        209000   2.625275e+00   1.127255e+01              0              0              0              0   1.501221e+01   3.468260e-01   9.070644e-01
        209500   2.676169e+00   7.969381e+00              0              0              0              0   1.494753e+01   3.628415e-01   8.899759e-01
        210000   2.724065e+00   5.459030e+00              0              0              0              0   1.485451e+01   3.510646e-01   8.884422e-01
        210500   2.782232e+00   3.905616e+00              0              0              0              0   1.503382e+01   3.554462e-01   8.811753e-01
        211000   2.812578e+00   3.111037e+00              0              0              0              0   1.506799e+01   3.666692e-01   8.469665e-01
        211500   2.857660e+00   2.685600e+00              0              0              0              0   1.473794e+01   3.712415e-01   8.758799e-01
        212000   2.893051e+00   2.374775e+00              0              0              0              0   1.489932e+01   3.570331e-01   8.844071e-01
