          step              r      E_metad_r      n_cont_CA   n_cont_heavy       n_saltbr        n_hbond           SASA           RMSD             Rg 
             0   8.652810e-01   0.000000e+00              2             48              0              7   1.508517e+01   0.000000e+00   8.759846e-01
           500   9.030513e-01   9.439404e-01              2             47              0              8   1.523235e+01   8.113678e-02   8.871360e-01
          1000   8.870625e-01   1.953115e+00              2             47              0              6   1.558042e+01   1.198915e-01   8.913800e-01
          1500   9.048998e-01   2.863408e+00              2             46              0              7   1.572985e+01   9.447224e-02   9.003252e-01
          2000   9.235173e-01   3.847752e+00              2             46              0              6   1.555376e+01   9.035621e-02   8.987033e-01
          2500   8.751368e-01   4.770929e+00              2             47              0              8   1.537444e+01   9.056651e-02   8.796342e-01
          3000   8.986780e-01   5.758440e+00              2             51              0              8   1.563873e+01   1.009696e-01   9.008427e-01
          3500   9.042381e-01   6.717306e+00              2             48              0              8   1.565005e+01   1.315769e-01   9.039159e-01
          4000   8.901554e-01   7.699071e+00              3             47              0              6   1.540190e+01   1.234671e-01   8.897999e-01
          4500   9.079076e-01   8.640572e+00              2             49              0              6   1.551362e+01   1.383168e-01   8.842002e-01
          5000   9.090058e-01   9.620459e+00              2             47              0              7   1.557260e+01   1.456560e-01   8.938551e-01
          5500   9.214867e-01   1.061414e+01              2             45              0              7   1.531264e+01   1.416384e-01   8.898488e-01
          6000   9.002356e-01   1.158899e+01              2             45              0              7   1.533219e+01   1.405425e-01   8.903976e-01
          6500   9.257131e-01   1.258066e+01              2             45              0              6   1.532314e+01   1.440368e-01   8.907852e-01
          7000   9.046551e-01   1.327871e+01              2             44              0              5   1.509151e+01   1.612064e-01   8.714743e-01
          7500   9.199746e-01   1.454094e+01              2             46              0              6   1.495576e+01   1.725461e-01   8.902910e-01
          8000   8.891504e-01   1.511719e+01              2             44              0              5   1.473371e+01   1.728869e-01   8.689782e-01
          8500   8.993259e-01   1.645570e+01              2             45              0              8   1.505807e+01   1.675805e-01   8.690082e-01
          9000   8.913763e-01   1.706147e+01              2             47              0              9   1.453082e+01   1.771694e-01   8.665813e-01
          9500   9.045228e-01   1.804767e+01              2             50              0              8   1.463788e+01   1.806930e-01   8.709515e-01
         10000   8.850141e-01   1.901431e+01              2             44              0              7   1.445730e+01   1.887577e-01   8.614367e-01
         10500   8.942988e-01   2.000045e+01              3             45              0              8   1.464021e+01   1.860059e-01   8.689137e-01
         11000   9.242050e-01   2.121077e+01              2             49              0              8   1.468338e+01   1.699223e-01   8.738711e-01
         11500   9.250558e-01   2.220857e+01              2             50              0              7   1.449438e+01   1.843322e-01   8.714365e-01
         12000   9.237941e-01   2.320627e+01              2             49              0              6   1.472585e+01   1.961437e-01   8.763771e-01
         12500   8.900873e-01   2.359640e+01              2             50              0              8   1.467162e+01   1.947412e-01   8.570410e-01
         13000   8.664977e-01   1.894503e+01              2             51              0              7   1.448873e+01   2.009300e-01   8.476797e-01
         13500   8.840371e-01   2.557913e+01              2             48              0              5   1.459834e+01   2.016256e-01   8.493580e-01
         14000   8.762619e-01   2.657599e+01              2             51              0              8   1.496016e+01   2.049253e-01   8.432300e-01
         14500   8.858028e-01   2.756636e+01              2             44              0              8   1.483794e+01   2.049025e-01   8.356537e-01
         15000   8.704981e-01   2.855986e+01              2             47              0              8   1.485766e+01   2.247962e-01   8.432740e-01
         15500   8.822792e-01   2.955355e+01              2             46              0              6   1.488913e+01   2.267640e-01   8.568844e-01
         16000   9.054750e-01   3.051785e+01              2             46              0              7   1.509678e+01   2.172834e-01   8.613996e-01
         16500   8.826986e-01   3.149135e+01              2             47              0              6   1.517034e+01   2.281569e-01   8.403169e-01
         17000   9.039515e-01   3.234449e+01              2             46              0              7   1.512638e+01   2.191410e-01   8.656076e-01
         17500   9.044852e-01   3.331061e+01              2             46              0              5   1.534118e+01   2.240875e-01   8.611649e-01
         18000   9.258302e-01   3.429575e+01              3             45              0              8   1.539452e+01   2.259737e-01   8.770003e-01
         18500   9.248684e-01   3.528359e+01              2             46              0              7   1.505720e+01   2.169224e-01   8.688608e-01
         19000   9.185276e-01   3.627329e+01              2             46              0              8   1.522965e+01   2.344221e-01   8.572743e-01
         19500   8.813697e-01   3.693203e+01              2             47              0              9   1.529149e+01   2.365478e-01   8.536659e-01
         20000   9.278103e-01   3.819602e+01              2             46              0              5   1.529523e+01   2.441720e-01   8.536928e-01
         20500   9.220848e-01   3.918848e+01              3             49              0              9   1.508844e+01   2.552015e-01   8.373979e-01
         21000   9.369653e-01   4.017404e+01              2             47              0              8   1.543115e+01   2.547065e-01   8.556215e-01
         21500   9.241057e-01   4.117083e+01              2             46              0              8   1.547479e+01   2.361235e-01   8.567919e-01
         22000   9.428358e-01   4.214397e+01              2             44              0              8   1.555432e+01   2.380712e-01   8.535686e-01
         22500   9.248809e-01   4.313814e+01              2             49              0              6   1.588370e+01   2.272455e-01   8.654302e-01
         23000   9.165352e-01   4.412387e+01              3             50              0              8   1.531066e+01   2.180804e-01   8.545170e-01
         23500   8.923290e-01   4.509346e+01              2             50              0              7   1.522061e+01   2.201227e-01   8.465051e-01
         24000   9.010727e-01   4.488241e+01              2             49              0              8   1.527529e+01   2.071822e-01   8.594971e-01
         24500   9.387756e-01   4.701527e+01              2             50              0              5   1.586096e+01   2.158626e-01   8.717732e-01
         25000   9.429366e-01   3.901060e+01              2             50              0              7   1.564647e+01   2.113197e-01   8.772747e-01
         25500   9.287527e-01   4.895217e+01              3             49              0              9   1.574088e+01   2.287573e-01   8.612038e-01
         26000   9.648661e-01   4.089545e+01              3             49              0              7   1.547392e+01   2.320352e-01   8.866847e-01
         26500   9.418752e-01   5.081242e+01              2             47              0              4   1.511379e+01   2.162366e-01   8.764155e-01
         27000   9.460556e-01   4.284163e+01              2             49              0              6   1.511666e+01   2.115400e-01   8.835000e-01
         27500   9.802141e-01   4.383033e+01              2             48              0              7   1.468888e+01   2.107032e-01   8.678489e-01
         28000   9.849803e-01   2.985649e+01              2             49              0              5   1.517890e+01   2.289980e-01   8.809942e-01
         28500   9.963458e-01   3.083954e+01              2             49              0              4   1.525817e+01   2.347948e-01   8.918110e-01
         29000   9.898239e-01   3.179174e+01              3             47              0              5   1.531891e+01   2.317654e-01   8.963510e-01
         29500   9.842309e-01   3.272693e+01              2             48              0              3   1.514798e+01   2.179354e-01   8.912680e-01
         30000   9.742914e-01   4.866481e+01              3             46              0              4   1.500016e+01   2.257665e-01   8.757792e-01
         30500   9.693964e-01   4.965731e+01              2             47              0              6   1.501027e+01   2.263102e-01   8.820665e-01
         31000   9.918366e-01   3.546039e+01              3             49              0              5   1.502119e+01   2.348792e-01   8.959206e-01
         31500   1.001215e+00   3.643972e+01              3             50              0              5   1.492562e+01   2.256473e-01   8.952704e-01
         32000   1.009857e+00   3.740789e+01              2             49              0              4   1.462961e+01   2.264927e-01   8.737884e-01
         32500   1.011828e+00   3.839963e+01              2             49              0              6   1.485160e+01   2.231974e-01   8.988455e-01
         33000   9.825056e-01   5.438950e+01              2             49              0              5   1.494907e+01   2.222801e-01   8.949502e-01
         33500   9.911311e-01   5.538195e+01              2             48              0              5   1.490188e+01   2.082279e-01   8.857498e-01
         34000   9.744225e-01   5.635426e+01              3             46              0              6   1.483996e+01   1.992138e-01   8.875780e-01
         34500   9.598044e-01   5.734855e+01              2             48              0              5   1.501445e+01   2.288654e-01   8.953884e-01
         35000   9.386641e-01   6.443513e+01              2             48              0              6   1.536206e+01   2.356911e-01   8.873331e-01
         35500   9.755776e-01   5.929143e+01              3             48              0              7   1.533948e+01   2.249097e-01   9.054258e-01
         36000   9.673589e-01   6.028222e+01              2             50              0              5   1.546101e+01   2.219469e-01   8.874767e-01
         36500   9.772173e-01   6.127693e+01              3             48              0              7   1.528290e+01   2.248134e-01   9.130937e-01
         37000   9.583025e-01   6.225853e+01              2             49              0              9   1.515135e+01   2.430502e-01   8.974852e-01
         37500   9.604773e-01   6.325294e+01              2             49              0              6   1.511443e+01   2.283483e-01   8.906816e-01
         38000   9.522839e-01   6.425029e+01              2             48              0              6   1.497843e+01   2.493180e-01   8.941030e-01
         38500   9.718010e-01   6.523873e+01              2             49              0              6   1.532152e+01   2.577223e-01   9.029525e-01
         39000   9.768547e-01   6.623470e+01              2             48              0              4   1.501485e+01   2.643634e-01   9.000665e-01
         39500   9.778027e-01   6.719944e+01              2             51              0              6   1.501066e+01   2.582871e-01   8.839406e-01
         40000   9.896962e-01   5.188119e+01              3             47              0              5   1.528096e+01   2.496958e-01   9.057328e-01
         40500   9.827292e-01   5.281770e+01              4             47              0              6   1.482161e+01   2.313219e-01   8.939946e-01
         41000   1.020002e+00   5.379410e+01              3             47              0              6   1.510562e+01   2.311256e-01   9.033190e-01
         41500   1.015020e+00   5.478775e+01              3             49              0              5   1.511859e+01   2.480817e-01   9.053455e-01
         42000   9.712804e-01   7.187917e+01              2             49              0              5   1.531347e+01   2.810401e-01   9.093360e-01
         42500   9.600706e-01   7.287355e+01              2             50              0              5   1.526977e+01   2.828500e-01   9.141013e-01
         43000   9.750091e-01   7.387222e+01              3             48              0              6   1.541119e+01   2.905204e-01   9.129247e-01
         43500   9.772443e-01   7.487078e+01              3             49              0              4   1.522026e+01   2.771735e-01   9.116064e-01
         44000   9.880929e-01   5.934806e+01              3             49              0              6   1.511620e+01   2.851486e-01   8.984759e-01
         44500   9.754261e-01   7.676188e+01              3             45              0              5   1.516881e+01   2.961470e-01   8.980776e-01
         45000   9.880188e-01   7.774825e+01              2             45              0              4   1.499063e+01   3.013115e-01   8.845451e-01
         45500   1.001837e+00   6.224859e+01              3             44              0              4   1.522027e+01   3.137486e-01   9.015943e-01
         46000   9.951482e-01   6.323685e+01              2             47              0              5   1.535465e+01   3.140274e-01   9.109921e-01
         46500   1.010902e+00   6.422887e+01              2             45              0              4   1.518159e+01   2.989181e-01   8.914118e-01
         47000   9.705597e-01   8.148270e+01              2             45              0              5   1.512261e+01   2.945116e-01   8.853990e-01
         47500   9.680662e-01   8.247731e+01              3             49              0              6   1.499972e+01   2.965786e-01   8.794620e-01
         48000   9.859176e-01   6.693377e+01              2             46              0              4   1.516716e+01   3.121453e-01   8.882517e-01
         48500   9.766873e-01   8.443618e+01              2             44              0              5   1.511822e+01   3.121177e-01   8.929054e-01
         49000   9.918530e-01   6.882368e+01              2             47              0              5   1.540877e+01   2.949829e-01   9.102997e-01
         49500   1.012870e+00   6.981777e+01              3             48              0              6   1.524611e+01   3.039711e-01   8.934372e-01
         50000   1.020275e+00   7.081321e+01              3             47              0              5   1.505256e+01   3.146813e-01   8.854891e-01
         50500   1.019098e+00   7.179541e+01              3             47              0              5   1.528133e+01   3.341246e-01   8.992897e-01
         51000   1.014272e+00   7.278383e+01              2             47              0              5   1.513464e+01   3.395792e-01   8.913243e-01
         51500   1.043180e+00   4.988648e+01              3             46              0              3   1.519417e+01   3.483311e-01   8.977350e-01
         52000   1.039889e+00   5.087162e+01              2             45              0              4   1.519377e+01   3.381136e-01   8.837653e-01
         52500   1.098042e+00   2.935863e+01              2             42              0              2   1.498035e+01   3.339621e-01   8.844031e-01
         53000   1.087276e+00   3.033090e+01              2             44              0              3   1.492283e+01   3.333194e-01   8.874737e-01
         53500   1.098231e+00   3.132516e+01              2             43              0              3   1.480469e+01   3.328088e-01   8.789001e-01
         54000   1.081252e+00   5.465745e+01              3             43              0              4   1.487320e+01   3.282526e-01   8.759715e-01
         54500   1.094496e+00   3.326735e+01              2             42              0              2   1.493644e+01   3.250834e-01   8.725462e-01
         55000   1.091127e+00   3.420775e+01              2             44              0              3   1.491353e+01   3.310242e-01   8.779776e-01
         55500   1.080571e+00   5.752583e+01              2             43              0              3   1.516406e+01   3.327854e-01   8.848231e-01
         56000   1.098617e+00   3.618142e+01              2             42              0              3   1.526032e+01   3.319257e-01   8.951821e-01
         56500   1.100123e+00   3.717330e+01              2             40              0              2   1.501614e+01   3.177621e-01   8.812299e-01
         57000   1.119353e+00   3.816246e+01              2             42              0              3   1.505435e+01   3.052864e-01   8.876921e-01
         57500   1.103904e+00   3.915437e+01              2             41              0              3   1.508990e+01   3.096997e-01   8.856482e-01
         58000   1.112565e+00   4.015213e+01              2             41              0              3   1.518905e+01   3.076479e-01   8.946089e-01
         58500   1.147895e+00   2.369945e+01              2             41              0              3   1.493330e+01   3.041900e-01   9.021757e-01
         59000   1.146832e+00   2.468382e+01              2             42              0              3   1.468601e+01   3.039522e-01   8.782587e-01
         59500   1.136536e+00   2.561827e+01              2             39              0              3   1.505340e+01   3.008287e-01   8.888326e-01
         60000   1.127551e+00   2.656987e+01              2             40              0              4   1.489151e+01   3.026530e-01   8.885015e-01
         60500   1.119402e+00   4.497720e+01              2             45              0              3   1.478700e+01   3.019883e-01   8.712659e-01
         61000   1.154449e+00   2.850987e+01              2             41              0              4   1.472770e+01   3.132499e-01   8.736508e-01
         61500   1.146176e+00   2.948463e+01              2             42              0              4   1.520329e+01   3.004723e-01   8.847347e-01
         62000   1.139575e+00   3.046328e+01              1             40              0              2   1.522890e+01   3.167731e-01   8.777526e-01
         62500   1.157981e+00   3.145049e+01              2             37              0              3   1.532632e+01   3.052535e-01   8.940479e-01
         63000   1.148487e+00   3.244100e+01              2             39              0              3   1.502212e+01   3.146060e-01   8.791058e-01
         63500   1.129643e+00   5.063626e+01              2             39              0              4   1.502015e+01   3.132635e-01   8.774067e-01
         64000   1.122980e+00   5.162875e+01              2             38              0              3   1.500307e+01   3.008789e-01   8.602970e-01
         64500   1.125035e+00   5.260575e+01              2             41              0              3   1.493389e+01   2.904406e-01   8.713379e-01
         65000   1.154999e+00   3.624955e+01              2             40              0              3   1.505018e+01   2.808926e-01   9.062955e-01
         65500   1.174872e+00   3.724720e+01              2             41              0              4   1.497200e+01   2.964720e-01   8.823297e-01
         66000   1.165872e+00   3.824487e+01              2             38              0              4   1.508892e+01   2.991765e-01   8.937718e-01
         66500   1.166720e+00   3.924038e+01              2             40              0              4   1.509422e+01   3.045940e-01   8.951703e-01
         67000   1.155860e+00   4.023148e+01              2             42              0              3   1.483756e+01   3.094457e-01   8.708531e-01
         67500   1.155864e+00   4.122440e+01              2             40              0              3   1.492071e+01   3.057418e-01   8.836833e-01
         68000   1.174616e+00   4.221581e+01              1             41              0              3   1.478381e+01   3.124984e-01   8.862501e-01
         68500   1.172764e+00   4.318422e+01              2             40              0              3   1.466702e+01   3.060231e-01   8.788701e-01
         69000   1.163558e+00   4.417655e+01              2             39              0              2   1.482839e+01   2.953671e-01   8.884703e-01
         69500   1.165776e+00   4.516990e+01              1             41              0              3   1.442071e+01   3.042164e-01   8.615903e-01
         70000   1.169681e+00   4.615043e+01              1             39              0              2   1.441738e+01   2.935045e-01   8.631893e-01
         70500   1.118286e+00   6.326203e+01              2             39              0              3   1.458133e+01   2.931287e-01   8.584356e-01
         71000   1.137263e+00   4.802660e+01              2             39              0              3   1.444123e+01   3.081553e-01   8.607725e-01
         71500   1.137998e+00   4.898764e+01              2             39              0              3   1.479244e+01   3.132110e-01   8.773530e-01
         72000   1.143313e+00   4.996823e+01              1             37              0              3   1.479062e+01   3.180283e-01   8.826509e-01
         72500   1.141301e+00   5.095299e+01              1             37              0              4   1.477522e+01   3.370441e-01   8.844930e-01
         73000   1.145048e+00   5.192234e+01              1             38              0              4   1.462211e+01   3.260729e-01   8.866166e-01
         73500   1.117981e+00   6.902724e+01              2             39              0              4   1.483390e+01   3.130455e-01   9.074561e-01
         74000   1.158068e+00   5.383872e+01              1             36              0              3   1.507126e+01   3.186163e-01   9.097357e-01
         74500   1.185430e+00   5.482851e+01              1             38              0              3   1.494981e+01   3.081172e-01   9.043751e-01
         75000   1.153030e+00   5.581331e+01              1             38              0              4   1.483275e+01   3.032613e-01   8.964587e-01
         75500   1.130220e+00   7.264746e+01              1             38              0              3   1.487830e+01   2.991818e-01   8.865749e-01
         76000   1.168382e+00   5.775967e+01              2             38              0              3   1.494521e+01   3.282381e-01   8.993728e-01
         76500   1.145219e+00   5.874832e+01              2             39              0              4   1.506507e+01   3.071802e-01   9.145737e-01
         77000   1.149523e+00   5.973909e+01              1             36              0              4   1.512225e+01   3.301544e-01   9.025492e-01
         77500   1.143983e+00   6.072946e+01              2             38              0              4   1.506337e+01   3.340678e-01   9.108523e-01
         78000   1.179480e+00   6.172153e+01              1             35              0              4   1.504517e+01   3.451757e-01   9.026546e-01
         78500   1.140809e+00   6.269562e+01              1             40              0              4   1.508451e+01   3.567413e-01   9.006479e-01
         79000   1.151498e+00   7.892335e+01              1             37              0              4   1.471666e+01   3.297582e-01   8.936443e-01
         79500   1.144912e+00   6.466092e+01              1             37              0              2   1.519632e+01   3.556722e-01   9.076692e-01
         80000   1.174456e+00   4.689184e+01              1             39              0              4   1.534954e+01   3.582529e-01   8.976076e-01
         80500   1.140436e+00   6.659500e+01              1             40              0              4   1.516178e+01   3.617698e-01   9.010822e-01
         81000   1.165192e+00   6.755119e+01              2             39              0              4   1.533327e+01   3.428952e-01   9.257038e-01
         81500   1.174928e+00   4.935436e+01              1             38              0              4   1.502805e+01   3.446381e-01   9.063933e-01
         82000   1.159319e+00   6.951651e+01              1             39              0              4   1.512835e+01   3.671640e-01   9.122760e-01
         82500   1.157249e+00   7.051005e+01              2             40              0              4   1.519796e+01   3.617716e-01   9.046544e-01
         83000   1.163481e+00   7.150654e+01              1             37              0              3   1.508629e+01   3.574395e-01   8.971693e-01
         83500   1.164636e+00   7.249774e+01              1             40              0              3   1.501131e+01   3.486620e-01   9.195217e-01
         84000   1.198706e+00   5.377031e+01              3             40              0              4   1.511464e+01   3.615844e-01   9.213375e-01
         84500   1.202288e+00   5.475216e+01              1             41              0              4   1.516949e+01   3.453919e-01   9.257137e-01
         85000   1.216596e+00   5.574750e+01              1             39              0              3   1.562531e+01   3.627802e-01   9.435350e-01
         85500   1.225597e+00   5.673956e+01              1             40              0              3   1.556095e+01   3.683409e-01   9.462511e-01
         86000   1.234950e+00   3.638347e+01              1             42              0              4   1.543878e+01   3.559873e-01   9.397150e-01
         86500   1.244627e+00   3.736963e+01              1             40              0              3   1.515793e+01   3.525112e-01   9.346089e-01
         87000   1.244742e+00   3.833989e+01              1             42              0              4   1.545384e+01   3.560272e-01   9.485856e-01
         87500   1.256828e+00   3.933240e+01              1             42              0              4   1.541388e+01   3.441393e-01   9.323018e-01
         88000   1.251334e+00   4.032722e+01              2             47              0              5   1.536846e+01   3.285547e-01   9.380855e-01
         88500   1.238148e+00   4.130406e+01              1             43              0              4   1.531490e+01   3.443352e-01   9.427867e-01
         89000   1.243717e+00   4.228137e+01              2             46              0              4   1.518239e+01   3.324941e-01   9.353874e-01
         89500   1.239936e+00   6.410458e+01              0             43              0              4   1.509923e+01   3.414300e-01   9.473566e-01
         90000   1.254068e+00   4.425848e+01              2             42              0              3   1.518162e+01   3.318577e-01   9.323625e-01
         90500   1.213544e+00   6.594841e+01              2             42              0              3   1.523316e+01   3.385420e-01   9.262285e-01
         91000   1.203347e+00   6.694585e+01              1             40              0              3   1.513718e+01   3.296666e-01   9.175399e-01
         91500   1.222645e+00   6.793684e+01              2             42              0              3   1.515317e+01   3.377869e-01   9.290721e-01
         92000   1.201054e+00   6.892936e+01              2             45              0              3   1.521419e+01   3.596443e-01   9.150421e-01
         92500   1.200161e+00   6.990633e+01              4             46              0              4   1.516491e+01   3.560793e-01   8.914907e-01
         93000   1.199107e+00   7.090237e+01              2             43              0              5   1.528648e+01   3.491065e-01   8.906045e-01
         93500   1.242894e+00   5.048901e+01              2             43              0              5   1.558862e+01   3.337997e-01   9.089089e-01
         94000   1.253280e+00   5.144923e+01              2             41              0              4   1.517684e+01   3.381202e-01   9.087818e-01
         94500   1.252223e+00   5.244380e+01              2             40              0              4   1.508800e+01   3.338625e-01   8.835121e-01
         95000   1.252590e+00   5.343785e+01              2             42              0              5   1.534123e+01   3.333671e-01   8.992021e-01
         95500   1.264104e+00   5.443252e+01              1             43              0              4   1.523360e+01   3.329073e-01   9.065300e-01
         96000   1.244791e+00   5.542509e+01              2             45              0              5   1.523674e+01   2.959745e-01   8.916903e-01
         96500   1.226148e+00   5.640128e+01              1             43              0              5   1.556337e+01   2.936068e-01   8.948635e-01
         97000   1.178097e+00   7.825613e+01              3             45              0              5   1.513046e+01   3.050426e-01   8.719536e-01
         97500   1.191069e+00   7.923588e+01              2             44              0              5   1.511593e+01   3.018782e-01   8.789174e-01
         98000   1.207396e+00   8.019829e+01              1             42              0              5   1.510058e+01   3.041895e-01   8.857495e-01
         98500   1.200754e+00   8.119005e+01              1             43              0              5   1.526300e+01   2.919997e-01   8.871496e-01
         99000   1.240130e+00   6.050181e+01              2             44              0              5   1.523699e+01   3.246120e-01   8.725846e-01
         99500   1.217275e+00   8.313369e+01              2             42              0              4   1.509667e+01   3.350913e-01   8.718799e-01
        100000   1.206091e+00   8.413266e+01              1             42              0              5   1.507863e+01   2.917945e-01   8.800987e-01
        100500   1.216468e+00   8.513028e+01              2             42              0              4   1.528659e+01   2.915452e-01   8.748674e-01
        101000   1.166167e+00   9.999044e+01              2             43              0              4   1.519358e+01   3.209681e-01   8.878877e-01
        101500   1.147793e+00   1.058222e+02              2             47              0              4   1.497011e+01   3.296676e-01   8.944495e-01
        102000   1.124057e+00   1.067918e+02              2             41              0              4   1.523497e+01   3.472646e-01   8.894206e-01
        102500   1.156093e+00   1.077408e+02              1             41              0              3   1.508064e+01   3.382294e-01   8.833782e-01
        103000   1.183126e+00   1.038716e+02              2             42              0              3   1.533150e+01   3.222353e-01   8.966883e-01
        103500   1.181779e+00   1.048164e+02              2             41              0              3   1.511224e+01   3.400376e-01   8.987178e-01
        104000   1.161636e+00   1.058126e+02              2             44              0              4   1.490076e+01   3.405257e-01   8.787591e-01
        104500   1.159079e+00   1.110920e+02              2             43              0              4   1.489186e+01   3.518956e-01   8.824065e-01
        105000   1.167987e+00   1.077693e+02              2             46              0              5   1.492115e+01   3.629601e-01   8.850218e-01
        105500   1.187032e+00   9.373846e+01              1             40              0              4   1.508499e+01   3.544258e-01   8.765744e-01
        106000   1.167996e+00   1.097225e+02              2             44              0              3   1.510131e+01   3.469985e-01   8.801935e-01
        106500   1.184571e+00   1.106978e+02              2             40              0              6   1.511025e+01   3.440051e-01   8.769744e-01
        107000   1.181607e+00   1.116543e+02              2             43              0              4   1.505397e+01   3.536845e-01   8.705744e-01
        107500   1.145075e+00   1.160943e+02              1             39              0              4   1.495755e+01   3.624167e-01   8.525799e-01
        108000   1.156032e+00   1.135601e+02              1             41              0              4   1.490002e+01   3.504779e-01   8.714691e-01
        108500   1.131547e+00   1.180073e+02              2             41              0              3   1.493270e+01   3.525352e-01   8.739181e-01
        109000   1.110485e+00   1.189972e+02              2             42              0              4   1.499900e+01   3.525310e-01   8.782039e-01
        109500   1.113149e+00   1.199741e+02              1             43              0              2   1.510766e+01   3.328415e-01   8.754183e-01
        110000   1.132379e+00   1.209593e+02              2             41              0              5   1.520677e+01   3.579913e-01   8.926933e-01
        110500   1.135750e+00   1.219097e+02              1             41              0              4   1.507226e+01   3.647060e-01   8.804396e-01
        111000   1.141316e+00   1.228799e+02              2             42              0              4   1.482899e+01   3.357857e-01   8.620436e-01
        111500   1.098101e+00   1.200755e+02              2             40              0              3   1.480969e+01   3.593470e-01   8.726726e-01
        112000   1.059500e+00   1.210682e+02              1             37              0              4   1.479967e+01   3.649272e-01   8.615424e-01
        112500   1.042031e+00   1.170271e+02              1             43              0              3   1.477572e+01   3.591806e-01   8.626350e-01
        113000   1.055719e+00   1.230000e+02              1             40              0              3   1.523478e+01   3.721661e-01   8.683793e-01
        113500   1.018030e+00   1.189793e+02              0             38              0              3   1.477288e+01   3.691167e-01   8.537329e-01
        114000   9.913729e-01   1.131727e+02              0             40              0              4   1.485114e+01   3.797050e-01   8.647495e-01
        114500   1.012903e+00   1.208708e+02              1             40              0              3   1.491429e+01   3.928625e-01   8.708965e-01
        115000   9.796726e-01   1.151437e+02              2             41              0              4   1.480276e+01   3.731732e-01   8.653651e-01
        115500   9.738029e-01   1.161348e+02              0             42              0              3   1.488958e+01   3.743182e-01   8.566343e-01
        116000   9.992934e-01   1.234973e+02              1             38              0              4   1.471906e+01   3.729007e-01   8.498978e-01
        116500   9.842983e-01   1.181116e+02              1             39              0              3   1.510135e+01   3.610407e-01   8.941204e-01
        117000   9.918712e-01   1.191073e+02              1             42              0              4   1.503630e+01   3.501533e-01   8.827139e-01
        117500   9.937802e-01   1.201003e+02              1             43              0              4   1.479130e+01   3.505987e-01   8.632457e-01
        118000   9.920151e-01   1.210939e+02              1             36              0              3   1.489804e+01   3.475811e-01   8.794499e-01
        118500   9.721732e-01   1.220832e+02              1             42              0              4   1.479075e+01   3.583545e-01   8.769496e-01
        119000   9.468038e-01   1.229939e+02              1             39              0              4   1.469097e+01   3.544005e-01   8.643407e-01
        119500   9.822947e-01   1.239629e+02              1             39              0              4   1.498302e+01   3.605714e-01   8.474314e-01
        120000   9.995423e-01   1.249527e+02              1             41              0              4   1.482243e+01   3.586144e-01   8.683867e-01
        120500   9.971414e-01   1.259431e+02              1             36              0              3   1.461200e+01   3.303123e-01   8.647860e-01
        121000   1.000167e+00   1.269342e+02              1             36              0              4   1.465068e+01   3.384758e-01   8.550441e-01
        121500   1.026063e+00   1.331623e+02              1             37              0              3   1.480212e+01   3.356780e-01   8.536077e-01
        122000   1.036897e+00   1.341581e+02              1             40              0              3   1.475101e+01   3.358146e-01   8.627013e-01
        122500   1.047007e+00   1.351501e+02              1             40              0              3   1.492012e+01   3.460915e-01   8.592944e-01
        123000   1.023913e+00   1.361446e+02              1             40              0              3   1.514384e+01   3.468088e-01   8.741433e-01
        123500   1.066039e+00   1.376452e+02              1             40              0              3   1.499961e+01   3.443282e-01   8.625724e-01
        124000   1.062669e+00   1.386387e+02              1             42              0              3   1.509977e+01   3.596816e-01   8.806447e-01
        124500   1.120285e+00   1.370148e+02              1             40              0              3   1.498015e+01   3.496226e-01   8.651514e-01
        125000   1.080771e+00   1.405644e+02              1             35              0              3   1.517530e+01   3.607954e-01   8.906557e-01
        125500   1.085762e+00   1.415575e+02              1             38              0              3   1.515476e+01   3.565492e-01   8.896831e-01
        126000   1.090277e+00   1.425509e+02              1             39              0              2   1.509491e+01   3.347516e-01   8.871810e-01
        126500   1.085010e+00   1.435233e+02              1             41              0              3   1.520963e+01   3.630860e-01   8.790904e-01
        127000   1.039464e+00   1.430057e+02              1             40              0              3   1.488776e+01   3.639054e-01   8.536870e-01
        127500   1.073063e+00   1.454452e+02              1             40              0              2   1.501989e+01   3.576764e-01   8.692491e-01
        128000   1.032950e+00   1.449264e+02              0             38              0              3   1.489300e+01   3.566400e-01   8.571565e-01
        128500   1.022079e+00   1.459180e+02              1             37              0              3   1.477576e+01   3.545535e-01   8.707657e-01
        129000   1.039545e+00   1.469156e+02              1             36              0              3   1.480229e+01   3.402779e-01   8.677434e-01
        129500   1.063540e+00   1.490328e+02              1             37              0              3   1.474299e+01   3.463159e-01   8.674780e-01
        130000   1.056898e+00   1.500290e+02              1             40              0              2   1.484327e+01   3.650232e-01   8.732619e-01
        130500   1.017537e+00   1.497939e+02              1             41              0              4   1.458921e+01   3.842987e-01   8.510698e-01
        131000   1.042868e+00   1.507897e+02              0             37              0              2   1.487250e+01   3.744628e-01   8.586175e-01
        131500   1.035633e+00   1.517688e+02              1             39              0              3   1.510572e+01   3.806822e-01   8.682291e-01
        132000   1.053918e+00   1.536162e+02              0             38              0              2   1.510602e+01   3.828737e-01   8.853938e-01
        132500   1.058198e+00   1.546111e+02              1             44              0              4   1.504042e+01   3.667089e-01   8.808537e-01
        133000   1.079973e+00   1.556025e+02              0             39              0              2   1.492039e+01   3.540116e-01   8.837687e-01
        133500   1.098722e+00   1.508450e+02              1             41              0              2   1.470005e+01   3.649276e-01   8.570931e-01
        134000   1.075551e+00   1.575502e+02              1             38              0              2   1.476780e+01   3.449295e-01   8.812323e-01
        134500   1.137113e+00   1.527530e+02              1             38              0              2   1.476534e+01   3.367606e-01   8.807682e-01
        135000   1.148990e+00   1.386389e+02              1             43              0              5   1.487836e+01   3.347915e-01   8.863505e-01
        135500   1.212489e+00   1.133121e+02              1             42              0              3   1.477871e+01   3.273973e-01   8.805317e-01
        136000   1.197876e+00   1.143078e+02              1             39              0              3   1.460543e+01   3.387877e-01   8.594018e-01
        136500   1.238231e+00   8.172672e+01              1             39              0              3   1.512887e+01   3.469517e-01   8.931349e-01
        137000   1.252845e+00   8.271441e+01              1             39              0              3   1.463289e+01   3.429183e-01   8.706992e-01
        137500   1.295359e+00   5.099425e+01              1             36              0              2   1.495351e+01   3.284843e-01   8.917639e-01
        138000   1.329143e+00   5.197402e+01              1             35              0              3   1.491199e+01   3.432117e-01   8.929029e-01
        138500   1.337137e+00   5.293728e+01              1             33              0              2   1.492376e+01   3.490765e-01   8.831409e-01
        139000   1.323547e+00   2.897076e+01              1             33              0              3   1.499745e+01   3.741881e-01   8.772583e-01
        139500   1.319394e+00   5.488487e+01              1             30              0              2   1.498640e+01   3.659663e-01   8.800185e-01
        140000   1.325044e+00   5.585717e+01              1             33              0              3   1.516497e+01   3.839341e-01   9.020350e-01
        140500   1.344368e+00   3.185135e+01              1             30              0              4   1.493362e+01   3.993694e-01   8.821927e-01
        141000   1.338754e+00   5.778041e+01              1             30              0              3   1.482652e+01   4.074172e-01   8.694273e-01
        141500   1.360741e+00   3.382034e+01              1             31              0              3   1.483815e+01   4.106383e-01   8.793509e-01
        142000   1.373989e+00   3.481476e+01              1             29              0              3   1.468239e+01   4.251152e-01   8.399634e-01
        142500   1.393942e+00   1.905080e+01              0             28              0              1   1.476314e+01   4.228222e-01   8.542637e-01
        143000   1.391173e+00   2.001728e+01              0             30              0              1   1.504922e+01   4.489226e-01   8.655480e-01
        143500   1.380519e+00   3.766937e+01              0             27              0              0   1.491023e+01   4.613384e-01   8.613982e-01
        144000   1.390373e+00   2.193537e+01              0             28              0              1   1.474208e+01   4.566423e-01   8.722137e-01
        144500   1.397591e+00   3.961509e+01              0             30              0              1   1.495313e+01   4.338744e-01   8.681017e-01
        145000   1.377207e+00   4.059055e+01              0             29              0              2   1.511990e+01   4.318646e-01   8.703853e-01
        145500   1.390617e+00   2.483651e+01              0             29              0              1   1.491363e+01   4.303131e-01   8.572886e-01
        146000   1.382778e+00   4.251291e+01              0             30              0              0   1.511579e+01   4.233012e-01   8.637926e-01
        146500   1.403474e+00   2.674095e+01              0             30              0              2   1.487128e+01   4.121327e-01   8.625167e-01
        147000   1.418581e+00   2.772951e+01              1             30              0              2   1.512340e+01   4.403067e-01   8.832966e-01
        147500   1.402826e+00   2.871985e+01              0             28              0              2   1.512363e+01   4.410174e-01   8.735103e-01
        148000   1.345344e+00   4.620798e+01              2             29              0              4   1.496582e+01   4.383576e-01   8.700942e-01
        148500   1.411393e+00   3.060268e+01              0             24              0              2   1.502506e+01   4.096890e-01   8.640342e-01
        149000   1.401511e+00   3.159256e+01              1             28              0              3   1.475318e+01   4.095169e-01   8.702983e-01
        149500   1.409358e+00   3.258450e+01              0             30              0              2   1.499175e+01   4.344980e-01   8.808052e-01
        150000   1.403556e+00   3.357223e+01              0             30              0              3   1.503235e+01   4.430371e-01   8.842782e-01
        150500   1.412316e+00   3.455467e+01              0             29              0              3   1.516319e+01   4.568408e-01   8.802907e-01
        151000   1.390364e+00   3.554195e+01              1             30              0              3   1.521383e+01   4.465834e-01   8.763588e-01
        151500   1.395806e+00   3.650351e+01              0             31              0              2   1.515038e+01   4.455732e-01   8.590323e-01
        152000   1.421460e+00   3.748035e+01              1             31              0              2   1.521203e+01   4.439245e-01   8.757694e-01
        152500   1.419267e+00   3.847336e+01              0             32              0              1   1.499123e+01   4.217598e-01   8.800928e-01
        153000   1.456651e+00   2.575075e+01              0             27              0              1   1.517794e+01   4.442235e-01   8.676537e-01
        153500   1.453604e+00   2.673894e+01              0             29              0              1   1.499057e+01   4.510030e-01   8.787801e-01
        154000   1.453199e+00   2.772104e+01              0             28              0              0   1.509368e+01   4.329259e-01   8.798425e-01
        154500   1.489342e+00   1.699441e+01              0             29              0              0   1.502370e+01   4.443951e-01   8.855369e-01
        155000   1.515544e+00   1.798427e+01              0             26              0              2   1.508005e+01   4.256439e-01   8.741269e-01
        155500   1.505431e+00   3.046680e+01              0             24              0              0   1.473485e+01   4.084727e-01   8.467162e-01
        156000   1.526830e+00   1.995831e+01              0             23              0              1   1.517836e+01   4.429692e-01   8.404776e-01
        156500   1.543965e+00   2.093618e+01              0             26              0              0   1.502476e+01   4.346944e-01   8.381832e-01
        157000   1.602485e+00   6.812740e+00              0             23              0              0   1.490956e+01   4.070421e-01   8.335443e-01
        157500   1.611690e+00   7.802609e+00              0             23              0              0   1.496093e+01   4.221632e-01   8.435212e-01
        158000   1.579359e+00   1.483754e+01              0             24              0              0   1.508523e+01   4.388571e-01   8.522706e-01
        158500   1.595807e+00   9.707097e+00              0             23              0              1   1.484370e+01   4.135020e-01   8.458078e-01
        159000   1.622728e+00   1.070140e+01              0             24              0              1   1.510669e+01   4.079560e-01   8.557752e-01
        159500   1.601289e+00   1.767038e+01              0             22              0              0   1.487336e+01   4.103211e-01   8.638308e-01
        160000   1.599167e+00   1.265364e+01              0             27              0              1   1.508485e+01   4.078372e-01   8.821859e-01
        160500   1.635769e+00   1.364045e+01              0             24              0              0   1.495698e+01   3.991326e-01   8.823141e-01
        161000   1.597515e+00   2.032551e+01              0             28              0              0   1.497966e+01   4.034320e-01   8.865846e-01
        161500   1.647315e+00   1.051711e+01              0             19              0              0   1.510670e+01   3.978163e-01   8.931717e-01
        162000   1.666433e+00   1.149481e+01              0             19              0              0   1.520337e+01   3.992449e-01   8.762636e-01
        162500   1.710548e+00   7.928177e+00              0             16              0              0   1.499139e+01   4.001568e-01   8.792994e-01
        163000   1.704814e+00   1.338632e+01              0             19              0              0   1.506202e+01   4.142699e-01   9.002003e-01
        163500   1.698064e+00   1.432677e+01              0             15              0              0   1.508591e+01   3.883636e-01   8.910343e-01
        164000   1.703775e+00   1.085586e+01              0             18              0              0   1.522109e+01   3.838223e-01   8.984554e-01
        164500   1.742748e+00   1.184749e+01              0             15              0              0   1.512400e+01   3.847832e-01   8.856306e-01
        165000   1.745332e+00   1.283317e+01              0             25              0              2   1.536507e+01   3.883151e-01   8.738432e-01
        165500   1.769997e+00   9.451072e+00              0             23              0              1   1.494901e+01   4.094598e-01   8.655202e-01
        166000   1.756141e+00   1.468034e+01              0             19              0              2   1.485285e+01   4.128031e-01   8.356484e-01
        166500   1.755945e+00   1.560637e+01              0             19              0              1   1.481773e+01   4.161027e-01   8.488043e-01
        167000   1.816772e+00   8.133664e+00              0             19              0              2   1.485640e+01   4.289930e-01   8.578297e-01
        167500   1.849160e+00   9.117939e+00              0             20              0              2   1.500366e+01   4.229081e-01   8.638059e-01
        168000   1.817250e+00   1.009954e+01              0             17              0              2   1.473462e+01   4.283025e-01   8.605124e-01
        168500   1.807955e+00   1.107754e+01              0             16              0              1   1.472661e+01   4.334686e-01   8.608525e-01
        169000   1.802814e+00   1.206536e+01              0             21              0              1   1.465421e+01   4.233565e-01   8.394790e-01
        169500   1.796302e+00   1.682915e+01              0             20              0              1   1.490776e+01   4.358090e-01   8.470933e-01
        170000   1.782416e+00   1.781427e+01              0             22              0              2   1.479222e+01   4.550157e-01   8.478593e-01
        170500   1.810342e+00   1.495826e+01              0             19              0              0   1.519490e+01   4.340563e-01   8.541262e-01
        171000   1.773143e+00   1.973459e+01              0             21              0              1   1.506357e+01   4.596941e-01   8.387570e-01
        171500   1.740357e+00   2.279998e+01              0             20              0              1   1.459712e+01   4.786187e-01   8.089556e-01
        172000   1.753716e+00   2.167910e+01              0             21              0              1   1.475746e+01   4.784369e-01   8.145235e-01
        172500   1.768823e+00   2.266286e+01              0             22              0              2   1.501159e+01   4.679634e-01   8.357095e-01
        173000   1.773942e+00   2.364312e+01              0             19              0              2   1.470792e+01   4.584583e-01   8.412405e-01
        173500   1.781794e+00   2.463612e+01              0             20              0              1   1.478106e+01   4.666980e-01   8.345825e-01
        174000   1.780155e+00   2.563140e+01              0             19              0              1   1.473412e+01   4.774333e-01   8.290394e-01
        174500   1.739441e+00   2.809451e+01              0             16              0              0   1.479745e+01   4.732712e-01   8.239878e-01
        175000   1.744791e+00   2.904491e+01              0             18              0              1   1.465252e+01   4.671785e-01   8.204245e-01
        175500   1.780142e+00   2.854704e+01              0             17              0              0   1.465435e+01   4.876543e-01   8.210936e-01
        176000   1.787994e+00   2.951549e+01              0             15              0              1   1.451981e+01   4.717270e-01   8.242472e-01
        176500   1.774031e+00   3.048724e+01              0             18              0              1   1.428731e+01   4.732544e-01   8.062386e-01
        177000   1.809891e+00   3.143614e+01              0             17              0              1   1.476466e+01   4.708972e-01   8.309695e-01
        177500   1.788853e+00   3.239285e+01              0             18              0              1   1.458653e+01   4.500022e-01   8.141231e-01
        178000   1.822782e+00   2.810273e+01              0             18              0              1   1.475059e+01   4.643739e-01   8.155616e-01
        178500   1.804458e+00   2.909158e+01              0             17              0              1   1.471603e+01   4.345462e-01   8.408002e-01
        179000   1.844507e+00   3.008144e+01              0             16              0              1   1.486037e+01   4.362768e-01   8.346190e-01
        179500   1.892973e+00   2.239800e+01              0             13              0              0   1.521517e+01   4.625669e-01   8.558844e-01
        180000   1.924171e+00   1.428583e+01              0             16              0              1   1.497459e+01   4.362593e-01   8.558693e-01
        180500   1.900249e+00   1.527488e+01              0             20              0              2   1.482441e+01   4.062913e-01   8.711943e-01
        181000   1.896086e+00   1.623980e+01              0             22              0              2   1.504955e+01   4.122954e-01   8.774889e-01
        181500   1.947083e+00   9.827821e+00              0             19              0              1   1.455659e+01   4.162996e-01   8.587553e-01
        182000   1.914327e+00   1.820792e+01              0             19              0              1   1.480975e+01   4.290178e-01   8.692710e-01
        182500   1.925744e+00   1.919965e+01              0             18              0              1   1.482873e+01   4.294286e-01   8.629129e-01
        183000   1.907019e+00   2.018972e+01              0             15              0              1   1.499910e+01   4.388539e-01   8.804890e-01
        183500   1.949020e+00   2.116998e+01              0             17              0              1   1.489607e+01   4.367607e-01   8.736086e-01
        184000   1.965000e+00   1.446945e+01              0             15              0              1   1.471863e+01   4.279417e-01   8.691147e-01
        184500   1.992755e+00   1.544868e+01              0             20              0              0   1.479830e+01   4.362694e-01   8.619285e-01
        185000   1.967673e+00   1.643090e+01              0             19              0              0   1.490666e+01   4.484736e-01   8.571292e-01
        185500   1.961321e+00   1.741922e+01              0             20              0              1   1.495913e+01   4.324889e-01   8.673756e-01
        186000   1.982627e+00   1.841353e+01              0             18              0              0   1.502005e+01   4.401196e-01   8.605854e-01
        186500   1.994949e+00   1.937959e+01              0             16              0              0   1.479544e+01   4.355507e-01   8.567762e-01
        187000   2.020157e+00   1.387234e+01              0             19              0              0   1.487134e+01   4.281770e-01   8.725247e-01
        187500   2.017878e+00   1.486064e+01              0             19              0              0   1.554762e+01   4.308305e-01   8.695076e-01
        188000   1.981111e+00   2.206842e+01              0             18              0              1   1.508675e+01   4.334365e-01   8.562682e-01
        188500   1.943015e+00   2.305480e+01              0             19              0              2   1.524934e+01   4.344397e-01   8.561669e-01
        189000   1.916984e+00   3.004822e+01              0             19              0              1   1.508360e+01   4.346294e-01   8.484093e-01
        189500   1.940941e+00   3.102702e+01              0             20              0              0   1.514445e+01   4.366229e-01   8.560288e-01
        190000   1.977940e+00   2.586300e+01              0             17              0              1   1.544889e+01   4.193569e-01   8.669405e-01
        190500   1.999555e+00   1.976557e+01              0             19              0              1   1.541768e+01   4.241097e-01   8.812294e-01
        191000   2.015830e+00   2.074714e+01              0             20              0              2   1.542680e+01   4.032778e-01   8.932815e-01
        191500   2.008354e+00   2.174114e+01              0             19              0              1   1.535674e+01   4.050062e-01   8.757062e-01
        192000   1.973451e+00   2.954543e+01              0             16              0              1   1.555522e+01   3.863535e-01   8.955949e-01
        192500   2.011920e+00   2.362781e+01              0             17              0              1   1.544708e+01   3.786258e-01   8.920859e-01
        193000   1.966262e+00   3.150671e+01              0             18              0              1   1.545329e+01   3.872981e-01   8.973143e-01
        193500   1.982523e+00   3.250010e+01              0             20              0              1   1.534314e+01   3.835529e-01   9.135076e-01
        194000   1.947056e+00   3.349227e+01              0             20              0              2   1.539293e+01   4.113068e-01   9.053857e-01
        194500   2.007896e+00   2.712271e+01              0             19              0              1   1.555072e+01   4.166697e-01   9.026118e-01
        195000   1.998797e+00   3.539355e+01              0             19              0              1   1.576809e+01   4.212877e-01   9.204933e-01
        195500   1.990910e+00   3.630271e+01              0             18              0              1   1.542291e+01   4.084823e-01   9.009975e-01
        196000   2.008129e+00   3.004417e+01              0             20              0              2   1.574549e+01   4.035691e-01   9.165984e-01
        196500   2.045758e+00   2.143284e+01              0             16              0              1   1.534341e+01   3.861952e-01   9.029429e-01
        197000   2.118589e+00   1.306522e+01              0             16              0              1   1.540767e+01   3.815241e-01   8.902431e-01
        197500   2.148432e+00   7.168316e+00              0             13              0              1   1.549326e+01   3.851116e-01   8.951612e-01
        198000   2.174869e+00   8.164327e+00              0             12              0              1   1.540311e+01   3.826507e-01   8.751353e-01
        198500   2.167889e+00   9.156710e+00              0             16              0              1   1.578668e+01   3.857058e-01   9.104389e-01
        199000   2.132750e+00   1.676690e+01              0             13              0              0   1.582328e+01   3.864985e-01   9.141064e-01
        199500   2.161642e+00   1.111164e+01              0             11              0              0   1.565592e+01   3.782661e-01   9.053819e-01
        200000   2.144126e+00   1.865883e+01              0             15              0              0   1.575465e+01   3.847672e-01   9.346250e-01
        200500   2.098580e+00   2.748090e+01              0             13              0              0   1.568784e+01   3.816587e-01   9.287267e-01
        201000   2.137892e+00   2.063314e+01              0             11              0              0   1.518663e+01   3.872129e-01   9.092341e-01
        201500   2.116832e+00   2.162622e+01              0             14              0              0   1.530139e+01   3.857698e-01   9.137495e-01
        202000   2.133707e+00   2.262329e+01              0             14              0              1   1.509707e+01   3.539771e-01   9.174399e-01
        202500   2.076306e+00   3.101442e+01              0             15              0              1   1.547375e+01   3.689134e-01   9.216085e-01
        203000   2.105503e+00   2.457192e+01              0             17              0              0   1.525189e+01   3.841172e-01   9.204447e-01
        203500   2.124062e+00   2.556316e+01              0             11              0              0   1.553792e+01   3.815394e-01   9.222449e-01
        204000   2.162484e+00   1.904711e+01              0             10              0              0   1.524545e+01   3.958475e-01   9.408619e-01
        204500   2.181318e+00   2.004376e+01              0              8              0              0   1.514623e+01   4.134009e-01   9.122215e-01
        205000   2.211698e+00   1.389813e+01              0              8              0              0   1.519545e+01   4.009015e-01   9.051928e-01
        205500   2.232836e+00   1.487524e+01              0             10              0              0   1.525851e+01   4.015411e-01   9.317811e-01
        206000   2.250906e+00   9.743382e+00              0             10              0              0   1.532268e+01   4.140155e-01   9.314209e-01
        206500   2.216313e+00   1.682248e+01              0             11              0              0   1.534615e+01   4.069751e-01   9.270406e-01
        207000   2.212768e+00   1.780765e+01              0              9              0              0   1.538956e+01   3.982305e-01   9.270131e-01
        207500   2.184761e+00   2.518132e+01              0              8              0              0   1.512630e+01   3.754745e-01   9.148240e-01
        208000   2.199407e+00   1.973373e+01              0              7              0              0   1.546633e+01   3.784966e-01   9.285891e-01
        208500   2.250941e+00   1.396210e+01              0              6              0              0   1.520568e+01   3.987876e-01   9.131839e-01
        209000   2.299986e+00   8.920587e+00              0             10              0              0   1.509609e+01   3.916688e-01   9.300250e-01
        209500   2.285930e+00   1.591388e+01              0              8              0              0   1.533725e+01   3.644670e-01   9.184997e-01
        210000   2.244729e+00   1.689814e+01              0             12              0              0   1.529575e+01   3.753178e-01   9.165139e-01
        210500   2.218771e+00   2.414207e+01              0              5              0              0   1.527814e+01   3.594271e-01   8.949972e-01
        211000   2.177325e+00   3.036207e+01              0             15              0              0   1.506570e+01   3.807744e-01   9.021695e-01
        211500   2.199078e+00   2.604752e+01              0             12              0              0   1.540037e+01   3.769390e-01   9.104581e-01
        212000   2.243542e+00   2.017701e+01              0             11              0              0   1.508588e+01   3.943816e-01   8.983658e-01
        212500   2.215944e+00   2.801423e+01              0             11              0              0   1.497764e+01   3.900772e-01   9.010880e-01
        213000   2.246469e+00   2.199559e+01              0             12              0              0   1.502581e+01   3.949142e-01   8.857725e-01
        213500   2.304779e+00   1.515626e+01              0             10              0              0   1.478760e+01   3.888491e-01   8.800510e-01
        214000   2.375193e+00   9.317093e+00              0             10              0              0   1.486786e+01   3.898263e-01   8.712792e-01
        214500   2.391826e+00   1.030188e+01              0             10              0              0   1.522358e+01   3.782783e-01   8.979497e-01
        215000   2.416675e+00   6.479685e+00              0             10              0              0   1.519232e+01   3.566291e-01   8.883232e-01
        215500   2.429104e+00   7.476183e+00              0              8              0              0   1.534526e+01   3.681833e-01   9.099673e-01
        216000   2.435616e+00   8.469431e+00              0              9              0              0   1.511171e+01   3.606263e-01   9.026087e-01
        216500   2.405479e+00   9.462059e+00              0             12              0              0   1.527584e+01   3.569287e-01   8.940096e-01
        217000   2.457646e+00   1.044535e+01              0              9              0              0   1.525143e+01   3.644878e-01   8.840990e-01
        217500   2.521009e+00   4.927905e+00              0              9              0              1   1.533267e+01   3.889652e-01   8.964334e-01
        218000   2.539024e+00   5.921152e+00              0             10              0              1   1.527945e+01   3.829623e-01   8.956186e-01
        218500   2.531915e+00   6.905027e+00              0              8              0              0   1.527202e+01   3.741522e-01   9.000560e-01
        219000   2.552260e+00   5.406437e+00              0              9              0              0   1.504848e+01   3.959720e-01   8.872752e-01
        219500   2.560486e+00   6.400497e+00              0             10              0              1   1.512496e+01   3.898510e-01   9.016781e-01
        220000   2.483836e+00   1.188546e+01              0              9              0              1   1.519809e+01   3.857655e-01   8.830720e-01
        220500   2.480557e+00   1.287540e+01              0              9              0              0   1.549115e+01   3.701911e-01   9.025998e-01
        221000   2.506010e+00   1.167298e+01              0              7              0              0   1.527231e+01   3.757218e-01   9.010058e-01
        221500   2.528116e+00   1.266425e+01              0              6              0              0   1.491308e+01   3.743100e-01   8.731910e-01
        222000   2.519114e+00   1.365938e+01              0              9              0              0   1.511330e+01   3.533530e-01   8.850652e-01
        222500   2.560750e+00   1.134832e+01              0              8              0              1   1.519319e+01   3.880548e-01   9.083754e-01
        223000   2.578800e+00   1.234226e+01              0              9              0              0   1.500274e+01   3.692777e-01   9.021907e-01
        223500   2.551861e+00   1.333125e+01              0              7              0              0   1.488706e+01   3.484620e-01   8.808079e-01
        224000   2.560053e+00   1.432189e+01              0              6              0              1   1.486993e+01   3.745155e-01   8.777959e-01
        224500   2.517607e+00   1.835046e+01              0              6              0              0   1.499387e+01   3.764100e-01   8.835826e-01
        225000   2.512702e+00   1.932007e+01              0              7              0              0   1.480543e+01   3.979144e-01   8.757691e-01
        225500   2.535779e+00   2.031580e+01              0              7              0              1   1.518507e+01   4.004394e-01   8.792320e-01
        226000   2.538581e+00   2.127015e+01              0              8              0              1   1.498626e+01   3.929600e-01   8.930689e-01
        226500   2.476157e+00   2.263659e+01              0              9              0              1   1.506931e+01   4.140308e-01   8.980295e-01
        227000   2.536936e+00   2.320059e+01              0              7              0              0   1.503946e+01   4.054294e-01   8.808088e-01
        227500   2.536277e+00   2.419182e+01              0              8              0              0   1.504585e+01   4.223993e-01   8.916479e-01
        228000   2.521589e+00   2.518243e+01              0             11              0              0   1.491743e+01   4.212419e-01   8.723912e-01
        228500   2.581607e+00   2.228739e+01              0              8              0              1   1.519925e+01   4.118136e-01   8.957528e-01
        229000   2.638196e+00   1.655530e+01              0              6              0              0   1.516982e+01   4.094338e-01   8.903889e-01
        229500   2.680368e+00   1.062478e+01              0              9              0              1   1.492575e+01   4.224878e-01   8.582231e-01
        230000   2.725611e+00   6.356197e+00              0              9              0              0   1.508343e+01   4.135606e-01   8.717425e-01
        230500   2.674153e+00   1.244214e+01              0             11              0              1   1.487139e+01   4.096814e-01   8.624847e-01
        231000   2.669073e+00   1.343158e+01              0              8              0              0   1.477929e+01   3.945674e-01   8.702921e-01
        231500   2.728074e+00   9.106908e+00              0             10              0              0   1.466940e+01   4.121656e-01   8.502813e-01
        232000   2.705077e+00   1.010381e+01              0              8              0              1   1.492504e+01   4.215612e-01   8.716911e-01
        232500   2.733803e+00   1.109298e+01              0              8              0              1   1.545397e+01   3.919524e-01   8.880797e-01
        233000   2.791885e+00   7.942667e+00              0              8              0              0   1.491541e+01   3.894820e-01   8.731989e-01
        233500   2.822518e+00   5.687212e+00              0             10              0              1   1.501310e+01   3.896335e-01   8.815446e-01
        234000   2.850909e+00   4.134125e+00              0              7              0              0   1.519588e+01   3.924572e-01   8.993749e-01
        234500   2.872183e+00   5.128172e+00              0              6              0              0   1.494350e+01   4.007254e-01   8.958760e-01
        235000   2.890015e+00   6.104910e+00              0             10              0              0   1.494782e+01   3.970599e-01   8.758921e-01
        235500   2.824284e+00   9.344003e+00              0              6              0              0   1.509967e+01   4.070649e-01   8.688056e-01
        236000   2.830038e+00   1.033783e+01              0              8              0              0   1.499518e+01   4.052313e-01   8.494613e-01
        236500   2.831620e+00   1.132981e+01              0             10              0              1   1.487445e+01   4.108810e-01   8.510023e-01
        237000   2.823408e+00   1.231376e+01              0              6              0              1   1.482544e+01   4.149155e-01   8.635503e-01
        237500   2.813936e+00   1.330436e+01              0              7              0              1   1.456253e+01   4.101068e-01   8.485889e-01
        238000   2.841866e+00   1.429424e+01              0              7              0              0   1.500282e+01   4.040784e-01   8.558479e-01
        238500   2.871333e+00   1.249781e+01              0              9              0              0   1.518472e+01   4.114767e-01   8.661316e-01
        239000   2.856588e+00   1.347208e+01              0              8              0              1   1.495320e+01   4.072070e-01   8.723140e-01
        239500   2.817939e+00   1.701703e+01              0             10              0              0   1.489526e+01   3.976579e-01   8.600315e-01
        240000   2.842532e+00   1.800849e+01              0              8              0              0   1.457301e+01   4.139678e-01   8.407936e-01
        240500   2.888511e+00   1.628281e+01              0              8              0              0   1.466855e+01   4.058801e-01   8.668746e-01
