          step              r      E_metad_r      n_cont_CA   n_cont_heavy       n_saltbr        n_hbond           SASA           RMSD             Rg 
             0   8.652810e-01   0.000000e+00              2             48              0              7   1.508517e+01   0.000000e+00   8.759846e-01
           500   9.081788e-01   9.402505e-01              2             50              0              8   1.534863e+01   7.190516e-02   9.002985e-01
          1000   9.013203e-01   1.921400e+00              2             47              0              6   1.536910e+01   9.045047e-02   8.916796e-01
          1500   8.994205e-01   2.874890e+00              2             48              0              8   1.563738e+01   1.149001e-01   8.914522e-01
          2000   9.290490e-01   3.843667e+00              3             46              0              6   1.546067e+01   1.076571e-01   8.989574e-01
          2500   9.195408e-01   4.830326e+00              2             45              0              4   1.545325e+01   1.060795e-01   9.017968e-01
          3000   9.165895e-01   5.806958e+00              2             47              1              7   1.553056e+01   1.372623e-01   8.882333e-01
          3500   9.239025e-01   6.801221e+00              2             46              0              8   1.536857e+01   1.467110e-01   8.880313e-01
          4000   9.203757e-01   7.798134e+00              3             45              0              9   1.528708e+01   1.567419e-01   8.834787e-01
          4500   9.390802e-01   8.792579e+00              2             48              0              5   1.537850e+01   1.525777e-01   8.969258e-01
          5000   9.230989e-01   9.787259e+00              2             50              0              8   1.527693e+01   1.570328e-01   8.978677e-01
          5500   9.342689e-01   1.077383e+01              2             49              0              6   1.535563e+01   1.721961e-01   8.976712e-01
          6000   9.201218e-01   1.177124e+01              2             48              0              6   1.547606e+01   1.802012e-01   8.926791e-01
          6500   9.024616e-01   1.180300e+01              2             50              0              7   1.568756e+01   1.955736e-01   8.984980e-01
          7000   9.027093e-01   1.277848e+01              2             52              0              8   1.558912e+01   1.928667e-01   8.901780e-01
          7500   9.165181e-01   1.467202e+01              2             53              0              6   1.558283e+01   2.100962e-01   9.007575e-01
          8000   9.172066e-01   1.566679e+01              2             51              0              6   1.560573e+01   2.055493e-01   8.936641e-01
          8500   9.341758e-01   1.666107e+01              2             52              0              8   1.585535e+01   2.208603e-01   9.101089e-01
          9000   9.162428e-01   1.765577e+01              2             51              0              8   1.546622e+01   2.085246e-01   9.061743e-01
          9500   9.229910e-01   1.865159e+01              2             52              0              7   1.559750e+01   2.175655e-01   9.035814e-01
         10000   9.421130e-01   1.666171e+01              2             50              1              5   1.592461e+01   2.266858e-01   9.110598e-01
         10500   9.319761e-01   2.063629e+01              2             50              1              7   1.587858e+01   2.199128e-01   9.111389e-01
         11000   9.126102e-01   2.163106e+01              2             51              1              7   1.582131e+01   2.122792e-01   9.005988e-01
         11500   9.081278e-01   2.259707e+01              2             53              1              6   1.583044e+01   2.009961e-01   8.866144e-01
         12000   8.886997e-01   2.182888e+01              2             48              1              7   1.587102e+01   2.058320e-01   8.898176e-01
         12500   8.975594e-01   2.279874e+01              2             47              1              8   1.567104e+01   1.995212e-01   8.898586e-01
         13000   9.316902e-01   2.544157e+01              2             45              1              5   1.572063e+01   1.921559e-01   9.049829e-01
         13500   9.260786e-01   2.643339e+01              2             48              1              7   1.570121e+01   2.013187e-01   9.171578e-01
         14000   9.016534e-01   2.739818e+01              2             45              2              8   1.556745e+01   2.274174e-01   8.975680e-01
         14500   9.242656e-01   2.837938e+01              3             48              2              6   1.566681e+01   2.344845e-01   8.956319e-01
         15000   9.237915e-01   2.937410e+01              2             47              2              4   1.574588e+01   2.415657e-01   8.898261e-01
         15500   9.309504e-01   3.036485e+01              3             44              1              5   1.568853e+01   2.318152e-01   8.879084e-01
         16000   8.930024e-01   2.910130e+01              2             46              2              7   1.585792e+01   2.367570e-01   8.902192e-01
         16500   8.962635e-01   3.006476e+01              2             45              2              7   1.565588e+01   2.439710e-01   8.885574e-01
         17000   9.254773e-01   3.328407e+01              2             43              2              8   1.574049e+01   2.404678e-01   9.008548e-01
         17500   9.256090e-01   3.426519e+01              2             47              2              9   1.554166e+01   2.474086e-01   9.035804e-01
         18000   9.368328e-01   3.524644e+01              2             47              1              8   1.615855e+01   2.429136e-01   9.067886e-01
         18500   9.236631e-01   3.623253e+01              2             46              2              7   1.594813e+01   2.401111e-01   9.075564e-01
         19000   9.089306e-01   3.722401e+01              2             46              0              6   1.588571e+01   2.307375e-01   8.845428e-01
         19500   8.841441e-01   3.528896e+01              2             47              1              7   1.553367e+01   2.476882e-01   8.796267e-01
         20000   9.058766e-01   3.626368e+01              2             46              1              7   1.573712e+01   2.665186e-01   8.973681e-01
         20500   9.159113e-01   4.007902e+01              2             45              0              7   1.564270e+01   2.584487e-01   8.842578e-01
         21000   9.310776e-01   4.107164e+01              2             46              0              7   1.567342e+01   2.369891e-01   8.926226e-01
         21500   9.549230e-01   3.574006e+01              2             47              0              5   1.587280e+01   2.516890e-01   9.138184e-01
         22000   9.506755e-01   3.673439e+01              2             46              2              8   1.582250e+01   2.540662e-01   9.230908e-01
         22500   9.431564e-01   3.770872e+01              3             47              1              9   1.601953e+01   2.507173e-01   9.100760e-01
         23000   9.538589e-01   3.868764e+01              3             47              1              7   1.600017e+01   2.385522e-01   9.123815e-01
         23500   9.277395e-01   4.576798e+01              2             44              1              7   1.575289e+01   2.505770e-01   9.116017e-01
         24000   9.493476e-01   4.673936e+01              3             47              1              8   1.570124e+01   2.378597e-01   9.046985e-01
         24500   9.336329e-01   4.150209e+01              2             46              1             10   1.600010e+01   2.474515e-01   9.096742e-01
         25000   9.437263e-01   4.868375e+01              2             45              1              7   1.580578e+01   2.356342e-01   9.014031e-01
         25500   9.498152e-01   4.965874e+01              2             46              1              8   1.608992e+01   2.409447e-01   9.096509e-01
         26000   9.482910e-01   4.432203e+01              2             46              1              8   1.600700e+01   2.319778e-01   8.954756e-01
         26500   9.035260e-01   4.644187e+01              2             46              1              9   1.575108e+01   2.332280e-01   8.856384e-01
         27000   9.031824e-01   5.253294e+01              2             47              2              9   1.574018e+01   2.289275e-01   8.887667e-01
         27500   8.871454e-01   4.841144e+01              2             47              1              8   1.566081e+01   2.318620e-01   8.781332e-01
         28000   8.935868e-01   4.936585e+01              2             46              0              6   1.560368e+01   2.224951e-01   8.837884e-01
         28500   8.906928e-01   5.036045e+01              2             45              0              7   1.552291e+01   2.105087e-01   8.962904e-01
         29000   9.198720e-01   5.631665e+01              2             47              0              6   1.545329e+01   1.987701e-01   8.809952e-01
         29500   8.768106e-01   5.226687e+01              3             45              0              6   1.508253e+01   1.959378e-01   8.696944e-01
         30000   8.737476e-01   5.324024e+01              2             48              2              7   1.530576e+01   1.931006e-01   8.850672e-01
         30500   8.608783e-01   3.957773e+01              3             50              2              7   1.549537e+01   2.018935e-01   8.786803e-01
         31000   8.695792e-01   5.519927e+01              2             46              1              7   1.565975e+01   2.116266e-01   8.620957e-01
         31500   8.686355e-01   5.618490e+01              2             47              2              8   1.565337e+01   2.257026e-01   8.791255e-01
         32000   8.573518e-01   4.230912e+01              4             49              2              9   1.546198e+01   2.198923e-01   8.622598e-01
         32500   8.927754e-01   5.815903e+01              2             48              1              9   1.551895e+01   2.120859e-01   8.700872e-01
         33000   9.064842e-01   5.911525e+01              2             48              1              9   1.550329e+01   2.040109e-01   8.700071e-01
         33500   8.991412e-01   6.010997e+01              3             48              1              9   1.563723e+01   2.185449e-01   8.721741e-01
         34000   9.002488e-01   6.109976e+01              3             47              1              8   1.524286e+01   2.171605e-01   8.512258e-01
         34500   8.875354e-01   6.208647e+01              3             47              1              7   1.525396e+01   2.180418e-01   8.574530e-01
         35000   8.843529e-01   6.307272e+01              2             47              2              6   1.543710e+01   2.038265e-01   8.681922e-01
         35500   8.758161e-01   6.406883e+01              3             47              1              8   1.513442e+01   2.197465e-01   8.355185e-01
         36000   8.868551e-01   6.506742e+01              3             47              1              8   1.515475e+01   2.248544e-01   8.479116e-01
         36500   8.733899e-01   6.605861e+01              2             47              1              9   1.525177e+01   2.300247e-01   8.489969e-01
         37000   8.822681e-01   6.705320e+01              2             47              1              7   1.541862e+01   2.111469e-01   8.576039e-01
         37500   9.079465e-01   7.116588e+01              2             46              1              8   1.530165e+01   2.253181e-01   8.654043e-01
         38000   8.920683e-01   6.897994e+01              2             46              1              7   1.552327e+01   2.271521e-01   8.479225e-01
         38500   8.582375e-01   5.332699e+01              2             47              1              8   1.503475e+01   2.369659e-01   8.384873e-01
         39000   8.660065e-01   7.091139e+01              2             47              1              8   1.508371e+01   2.274882e-01   8.382691e-01
         39500   8.645483e-01   5.524149e+01              2             47              1              7   1.520858e+01   2.162614e-01   8.344316e-01
         40000   8.769527e-01   7.287887e+01              2             47              1              9   1.492595e+01   2.178060e-01   8.452350e-01
         40500   8.699199e-01   7.384990e+01              2             46              1             10   1.504801e+01   2.285604e-01   8.436748e-01
         41000   8.740251e-01   7.484322e+01              2             46              2              9   1.491490e+01   2.190001e-01   8.445884e-01
         41500   8.787728e-01   7.583966e+01              3             47              1              7   1.515904e+01   2.286100e-01   8.513783e-01
         42000   8.747020e-01   7.683573e+01              2             47              0              4   1.513024e+01   2.279622e-01   8.401447e-01
         42500   8.769580e-01   7.783373e+01              2             45              1              6   1.516528e+01   2.249916e-01   8.363622e-01
         43000   8.683671e-01   7.882643e+01              2             46              1              6   1.517107e+01   2.222483e-01   8.414134e-01
         43500   8.698153e-01   7.982060e+01              2             46              2              6   1.496096e+01   2.266805e-01   8.487314e-01
         44000   8.908877e-01   8.081626e+01              2             47              1              6   1.528410e+01   2.260408e-01   8.541553e-01
         44500   8.644607e-01   8.179908e+01              2             46              1              7   1.532713e+01   2.159601e-01   8.399047e-01
         45000   8.475071e-01   6.528430e+01              2             47              1              7   1.499102e+01   2.326352e-01   8.137883e-01
         45500   8.574049e-01   6.627660e+01              2             46              2              9   1.525685e+01   2.315926e-01   8.289234e-01
         46000   8.546241e-01   8.456529e+01              3             45              2              7   1.518448e+01   2.364588e-01   8.342343e-01
         46500   8.612062e-01   6.823778e+01              3             46              2              8   1.489013e+01   2.401485e-01   8.153865e-01
         47000   8.592605e-01   6.919679e+01              3             47              2              8   1.483669e+01   2.507971e-01   8.071545e-01
         47500   8.774153e-01   8.736458e+01              2             45              1              7   1.491989e+01   2.438563e-01   8.278657e-01
         48000   8.663011e-01   8.835130e+01              2             47              1              8   1.491772e+01   2.362418e-01   8.314945e-01
         48500   8.766646e-01   8.930795e+01              2             46              1              7   1.493034e+01   2.328753e-01   8.228205e-01
         49000   9.068750e-01   8.956068e+01              3             46              1              6   1.478029e+01   2.292713e-01   8.290366e-01
         49500   8.967930e-01   9.053778e+01              3             46              1              7   1.520403e+01   2.173085e-01   8.373747e-01
         50000   9.022538e-01   9.220846e+01              3             47              1              6   1.515876e+01   2.186125e-01   8.318784e-01
         50500   9.079346e-01   9.244018e+01              2             47              1              7   1.537511e+01   2.203748e-01   8.453193e-01
         51000   8.787276e-01   9.409019e+01              2             46              1              6   1.568939e+01   2.172624e-01   8.489026e-01
         51500   8.879106e-01   9.508582e+01              2             47              1              6   1.560024e+01   2.024275e-01   8.603038e-01
         52000   8.699268e-01   9.608234e+01              2             51              1              9   1.559577e+01   2.050495e-01   8.595849e-01
         52500   8.623866e-01   7.868532e+01              2             53              1              8   1.555393e+01   2.100853e-01   8.625848e-01
         53000   8.931073e-01   9.804509e+01              2             49              2              8   1.569165e+01   2.026024e-01   8.682183e-01
         53500   8.885415e-01   9.903178e+01              2             48              1              8   1.552066e+01   1.975935e-01   8.588280e-01
         54000   9.173673e-01   9.856769e+01              2             50              1              8   1.553341e+01   2.114739e-01   8.609359e-01
         54500   9.238061e-01   9.956333e+01              2             49              1              8   1.580581e+01   2.100250e-01   8.612320e-01
         55000   9.041362e-01   1.005456e+02              2             50              1              9   1.600134e+01   2.280442e-01   8.705616e-01
         55500   9.038196e-01   1.015418e+02              2             51              1              8   1.563641e+01   2.105800e-01   8.716973e-01
         56000   8.980852e-01   1.035507e+02              1             49              1              8   1.567164e+01   2.023004e-01   8.728665e-01
         56500   9.279364e-01   1.034929e+02              2             54              1              9   1.567087e+01   1.916791e-01   8.945472e-01
         57000   9.579169e-01   8.302094e+01              2             51              1              8   1.570090e+01   1.935531e-01   8.763184e-01
         57500   9.521310e-01   8.401088e+01              2             48              1              6   1.568210e+01   2.062021e-01   8.803299e-01
         58000   9.770285e-01   8.499923e+01              2             47              1              9   1.627789e+01   2.130801e-01   8.998086e-01
         58500   9.927377e-01   5.557737e+01              2             47              2              8   1.585850e+01   2.269734e-01   8.907601e-01
         59000   1.008558e+00   5.657390e+01              2             50              1              8   1.577873e+01   2.342325e-01   8.858630e-01
         59500   1.000916e+00   5.757080e+01              2             50              1              7   1.573654e+01   2.241281e-01   8.920183e-01
         60000   9.967978e-01   5.856590e+01              2             49              1              5   1.569164e+01   2.332975e-01   8.823613e-01
         60500   1.018283e+00   3.241122e+01              2             50              1              7   1.566128e+01   2.391096e-01   8.858766e-01
         61000   1.023133e+00   6.054141e+01              2             52              1              7   1.586427e+01   2.386550e-01   8.890082e-01
         61500   1.034605e+00   3.430267e+01              2             51              1              8   1.594324e+01   2.557320e-01   9.068870e-01
         62000   1.015650e+00   6.250791e+01              2             49              1              7   1.573870e+01   2.356411e-01   8.833977e-01
         62500   1.010799e+00   6.350147e+01              2             47              1              7   1.563065e+01   2.269835e-01   8.911624e-01
         63000   1.028566e+00   3.707544e+01              2             43              1              7   1.600928e+01   2.449266e-01   8.882195e-01
         63500   1.011488e+00   6.545500e+01              2             44              1              8   1.613398e+01   2.589030e-01   8.865195e-01
         64000   1.024544e+00   3.895952e+01              2             41              1              7   1.582814e+01   2.318569e-01   8.990178e-01
         64500   1.021907e+00   6.742991e+01              2             45              1              7   1.600200e+01   2.372313e-01   9.005446e-01
         65000   1.028504e+00   4.086300e+01              2             43              1              8   1.605387e+01   2.349457e-01   9.116391e-01
         65500   1.038929e+00   4.182177e+01              2             44              1              8   1.599262e+01   2.669275e-01   8.956433e-01
         66000   1.037698e+00   4.278937e+01              2             40              1              9   1.578004e+01   2.577893e-01   8.850759e-01
         66500   1.016412e+00   7.131040e+01              2             43              1              6   1.605752e+01   2.665399e-01   8.975392e-01
         67000   1.021838e+00   4.470302e+01              2             43              1              9   1.540861e+01   2.348159e-01   8.758212e-01
         67500   1.024990e+00   7.323821e+01              2             42              1              8   1.581042e+01   2.458825e-01   8.822859e-01
         68000   1.009134e+00   7.423383e+01              3             45              1              8   1.584131e+01   2.363569e-01   8.937376e-01
         68500   1.015700e+00   7.522199e+01              2             45              1              5   1.573742e+01   2.140838e-01   8.894203e-01
         69000   9.954827e-01   7.621078e+01              2             43              1              6   1.554779e+01   2.220121e-01   8.947029e-01
         69500   1.024002e+00   7.719791e+01              2             46              1              5   1.578775e+01   2.178672e-01   8.937710e-01
         70000   9.877807e-01   7.818280e+01              2             45              1              7   1.583156e+01   2.115697e-01   9.063554e-01
         70500   1.005737e+00   7.917042e+01              2             47              1              9   1.584055e+01   2.071064e-01   8.980254e-01
         71000   9.850671e-01   8.016051e+01              2             47              1              4   1.585174e+01   2.111746e-01   8.842234e-01
         71500   1.028267e+00   8.113041e+01              2             46              1              7   1.594415e+01   2.134074e-01   9.046488e-01
         72000   1.028140e+00   8.210166e+01              2             46              1              7   1.574821e+01   2.155880e-01   8.848552e-01
         72500   1.007623e+00   8.307973e+01              2             46              1              8   1.584183e+01   2.145800e-01   8.964248e-01
         73000   1.035130e+00   5.572603e+01              2             46              1              7   1.603713e+01   2.245362e-01   9.021706e-01
         73500   1.008820e+00   8.503179e+01              2             46              1             10   1.592073e+01   2.106813e-01   8.857030e-01
         74000   1.023537e+00   8.601297e+01              3             47              1              8   1.604447e+01   2.105070e-01   9.085673e-01
         74500   1.010689e+00   8.700669e+01              2             48              1              8   1.548079e+01   2.014818e-01   8.931887e-01
         75000   1.042754e+00   5.946168e+01              2             48              1              9   1.580550e+01   2.177501e-01   9.064605e-01
         75500   1.050843e+00   6.043745e+01              2             48              1              5   1.584026e+01   1.981955e-01   9.026796e-01
         76000   1.048059e+00   6.142187e+01              2             47              1              7   1.576980e+01   1.970426e-01   8.871889e-01
         76500   1.068444e+00   6.241478e+01              2             46              1              5   1.564645e+01   2.089110e-01   8.757879e-01
         77000   1.071447e+00   6.340583e+01              2             47              1              9   1.569266e+01   2.025410e-01   8.805235e-01
         77500   1.068351e+00   6.438817e+01              2             48              1              8   1.589235e+01   1.831918e-01   9.023330e-01
         78000   1.082554e+00   3.998828e+01              2             48              1              6   1.587862e+01   1.676056e-01   8.844405e-01
         78500   1.094375e+00   4.096602e+01              2             45              1              8   1.601120e+01   1.766923e-01   9.082370e-01
         79000   1.088976e+00   6.723873e+01              2             45              1              8   1.572959e+01   1.924517e-01   8.984688e-01
         79500   1.100286e+00   4.291740e+01              2             45              1              7   1.626189e+01   2.197983e-01   9.217652e-01
         80000   1.095243e+00   4.391115e+01              2             45              1              8   1.589924e+01   2.041813e-01   9.098103e-01
         80500   1.128045e+00   4.489867e+01              2             43              1              6   1.582826e+01   1.988167e-01   9.053964e-01
         81000   1.128388e+00   4.588602e+01              2             45              1              5   1.588617e+01   2.456785e-01   9.037542e-01
         81500   1.162317e+00   2.694379e+01              2             42              1              4   1.587759e+01   2.331256e-01   9.156289e-01
         82000   1.168323e+00   2.793522e+01              2             42              1              4   1.543561e+01   2.190044e-01   8.999903e-01
         82500   1.147809e+00   2.893082e+01              2             41              1              5   1.578408e+01   2.393794e-01   9.009058e-01
         83000   1.139025e+00   2.988751e+01              2             41              1              3   1.573210e+01   2.298626e-01   9.059876e-01
         83500   1.114653e+00   5.046238e+01              2             46              1              4   1.582272e+01   2.441083e-01   8.989498e-01
         84000   1.118577e+00   5.145305e+01              2             45              1              5   1.580768e+01   2.318276e-01   9.023053e-01
         84500   1.101905e+00   5.244378e+01              2             44              1              6   1.588648e+01   2.552385e-01   9.074599e-01
         85000   1.116178e+00   5.344008e+01              2             45              1              4   1.583248e+01   2.556470e-01   9.111182e-01
         85500   1.122880e+00   5.441267e+01              2             44              1              4   1.586614e+01   2.518744e-01   9.175392e-01
         86000   1.109553e+00   5.540398e+01              2             45              1              7   1.582343e+01   2.710125e-01   9.056716e-01
         86500   1.130769e+00   5.636440e+01              2             45              1              6   1.554458e+01   2.635912e-01   8.984481e-01
         87000   1.115302e+00   5.734347e+01              2             44              1              6   1.570754e+01   2.546133e-01   9.023589e-01
         87500   1.115487e+00   5.833088e+01              2             44              1              5   1.550803e+01   2.549247e-01   9.022331e-01
         88000   1.087425e+00   5.931344e+01              2             47              1              7   1.548105e+01   2.231295e-01   9.072027e-01
         88500   1.130991e+00   6.029064e+01              2             47              1              7   1.565037e+01   2.169868e-01   9.215572e-01
         89000   1.102465e+00   6.128724e+01              2             47              1              7   1.568609e+01   2.119114e-01   9.056689e-01
         89500   1.114607e+00   6.227221e+01              2             45              1              7   1.523402e+01   2.027476e-01   8.943768e-01
         90000   1.115651e+00   6.325895e+01              2             46              1              6   1.543197e+01   2.153748e-01   9.004825e-01
         90500   1.089674e+00   6.423884e+01              2             46              1              7   1.517518e+01   2.024280e-01   8.841286e-01
         91000   1.084303e+00   6.520725e+01              2             45              1              6   1.538342e+01   2.285558e-01   8.860267e-01
         91500   1.116676e+00   6.618927e+01              2             40              0              4   1.517999e+01   2.117079e-01   8.836602e-01
         92000   1.123260e+00   6.717572e+01              2             45              0              5   1.553883e+01   2.100087e-01   8.984581e-01
         92500   1.106118e+00   6.815682e+01              1             44              0              5   1.546556e+01   2.212583e-01   9.183633e-01
         93000   1.101456e+00   6.914439e+01              2             42              0              4   1.542357e+01   2.517900e-01   9.110912e-01
         93500   1.148461e+00   4.865005e+01              1             39              0              4   1.543980e+01   2.546544e-01   9.169159e-01
         94000   1.168738e+00   4.964683e+01              2             43              0              3   1.542817e+01   2.472905e-01   9.156717e-01
         94500   1.147869e+00   5.063953e+01              2             43              1              4   1.539458e+01   2.407489e-01   9.075368e-01
         95000   1.144876e+00   5.162459e+01              2             43              1              4   1.541112e+01   2.321328e-01   9.014216e-01
         95500   1.156039e+00   5.262103e+01              2             42              1              3   1.541558e+01   2.295933e-01   9.165552e-01
         96000   1.123522e+00   7.462257e+01              2             43              1              3   1.523794e+01   2.354184e-01   9.171351e-01
         96500   1.124186e+00   7.560059e+01              2             44              1              3   1.567318e+01   2.433265e-01   9.160833e-01
         97000   1.138092e+00   5.549685e+01              2             42              1              3   1.568982e+01   2.436803e-01   9.199187e-01
         97500   1.151791e+00   5.649002e+01              2             44              1              4   1.554227e+01   2.457368e-01   9.237898e-01
         98000   1.173777e+00   5.748384e+01              3             44              1              4   1.550137e+01   2.264691e-01   9.071787e-01
         98500   1.187115e+00   5.840201e+01              3             44              1              4   1.583847e+01   2.311213e-01   9.219931e-01
         99000   1.187819e+00   5.935040e+01              2             43              1              3   1.509654e+01   2.408250e-01   8.951275e-01
         99500   1.163683e+00   6.033574e+01              2             44              1              4   1.562100e+01   2.319814e-01   9.112258e-01
        100000   1.167165e+00   6.132905e+01              2             44              1              4   1.522755e+01   2.050920e-01   9.076583e-01
        100500   1.134970e+00   8.235092e+01              2             45              1              3   1.537209e+01   2.119822e-01   9.030272e-01
        101000   1.193179e+00   4.218013e+01              2             44              1              4   1.529657e+01   2.424083e-01   9.063336e-01
        101500   1.178659e+00   6.424048e+01              2             44              1              3   1.512656e+01   2.354674e-01   8.948149e-01
        102000   1.199833e+00   4.412230e+01              2             41              1              3   1.521540e+01   2.374699e-01   9.005821e-01
        102500   1.170783e+00   6.616409e+01              2             44              1              3   1.534484e+01   2.371419e-01   8.988926e-01
        103000   1.186669e+00   4.601930e+01              1             42              1              4   1.554424e+01   2.283203e-01   9.123447e-01
        103500   1.160087e+00   6.808671e+01              2             46              1              3   1.547761e+01   2.113193e-01   9.008830e-01
        104000   1.183305e+00   4.793660e+01              2             44              1              4   1.514714e+01   2.084908e-01   8.836751e-01
        104500   1.194479e+00   4.892461e+01              2             44              1              4   1.502878e+01   2.120953e-01   8.781712e-01
        105000   1.191909e+00   4.991401e+01              1             47              1              4   1.491853e+01   2.163688e-01   8.691527e-01
        105500   1.193610e+00   5.087698e+01              2             45              1              3   1.508142e+01   2.382130e-01   8.931255e-01
        106000   1.218275e+00   5.187071e+01              2             39              1              4   1.543957e+01   2.162660e-01   9.082604e-01
        106500   1.223028e+00   5.286221e+01              1             40              1              4   1.567199e+01   2.261425e-01   8.936388e-01
        107000   1.206429e+00   5.385519e+01              1             36              1              5   1.527306e+01   2.048914e-01   8.784469e-01
        107500   1.202369e+00   5.484917e+01              3             35              1              4   1.554589e+01   2.250762e-01   8.859200e-01
        108000   1.244914e+00   3.509770e+01              2             36              1              3   1.534351e+01   2.025645e-01   8.852672e-01
        108500   1.214581e+00   5.678054e+01              2             37              1              3   1.536133e+01   1.853199e-01   8.747780e-01
        109000   1.227285e+00   5.775673e+01              2             39              1              3   1.539025e+01   1.975135e-01   8.815975e-01
        109500   1.258242e+00   3.797148e+01              1             32              1              4   1.543210e+01   2.151604e-01   8.948499e-01
        110000   1.259247e+00   3.896346e+01              2             35              1              3   1.548120e+01   2.412276e-01   9.116440e-01
        110500   1.222244e+00   6.050816e+01              2             35              1              3   1.563341e+01   2.304956e-01   9.096072e-01
        111000   1.258416e+00   4.091566e+01              2             40              1              4   1.571536e+01   2.415607e-01   9.115057e-01
        111500   1.252383e+00   4.190546e+01              2             41              1              4   1.578208e+01   2.472301e-01   9.248322e-01
        112000   1.271922e+00   4.289658e+01              2             42              1              3   1.579777e+01   2.507306e-01   9.183266e-01
        112500   1.255521e+00   4.388698e+01              2             41              1              3   1.566540e+01   2.502870e-01   9.088050e-01
        113000   1.292930e+00   4.487019e+01              2             38              1              4   1.563736e+01   2.329311e-01   9.076557e-01
        113500   1.267145e+00   4.584042e+01              2             36              1              4   1.534945e+01   2.154057e-01   9.052030e-01
        114000   1.284912e+00   2.857001e+01              1             40              1              3   1.551077e+01   2.200590e-01   9.080581e-01
        114500   1.262117e+00   4.781765e+01              2             42              1              4   1.558280e+01   2.141613e-01   9.085833e-01
        115000   1.243013e+00   4.879413e+01              2             42              1              5   1.580167e+01   2.243442e-01   9.124614e-01
        115500   1.256453e+00   4.978708e+01              2             42              1              5   1.551027e+01   2.459669e-01   8.905046e-01
        116000   1.250122e+00   5.077905e+01              2             40              1              4   1.540060e+01   2.327604e-01   8.831464e-01
        116500   1.244808e+00   7.102242e+01              2             41              1              5   1.563517e+01   2.283572e-01   8.933482e-01
        117000   1.229919e+00   7.194582e+01              1             40              1              4   1.532404e+01   2.008297e-01   8.699656e-01
        117500   1.251896e+00   5.368046e+01              2             39              1              5   1.541993e+01   1.843351e-01   8.870182e-01
        118000   1.249833e+00   5.466924e+01              2             40              1              5   1.528735e+01   1.822876e-01   8.914680e-01
        118500   1.246930e+00   5.565515e+01              1             39              1              2   1.537191e+01   2.014479e-01   8.931790e-01
        119000   1.227206e+00   7.573273e+01              2             41              1              3   1.540703e+01   2.018682e-01   8.818332e-01
        119500   1.215505e+00   7.672987e+01              2             40              1              3   1.541201e+01   1.844276e-01   8.930050e-01
        120000   1.247744e+00   5.848252e+01              1             38              1              3   1.568826e+01   2.120448e-01   8.905955e-01
        120500   1.200873e+00   7.867124e+01              2             38              1              3   1.542084e+01   2.120097e-01   8.935788e-01
        121000   1.272305e+00   6.033667e+01              2             40              1              3   1.581160e+01   2.272400e-01   9.007282e-01
        121500   1.237842e+00   6.132663e+01              2             45              1              4   1.571602e+01   2.204416e-01   9.029743e-01
        122000   1.198689e+00   8.146690e+01              2             44              1              3   1.561152e+01   2.301431e-01   9.105649e-01
        122500   1.252073e+00   6.316435e+01              1             44              1              3   1.557046e+01   2.231183e-01   8.847506e-01
        123000   1.231401e+00   6.412162e+01              1             44              1              3   1.538343e+01   2.223632e-01   8.860343e-01
        123500   1.246089e+00   6.508351e+01              2             42              1              3   1.571191e+01   2.387519e-01   9.072553e-01
        124000   1.222087e+00   6.604139e+01              2             42              1              2   1.555760e+01   2.390884e-01   8.908771e-01
        124500   1.234825e+00   8.619177e+01              1             43              1              2   1.536027e+01   2.121114e-01   8.802383e-01
        125000   1.242308e+00   6.796801e+01              2             42              1              2   1.560053e+01   2.345434e-01   8.984890e-01
        125500   1.220652e+00   8.812512e+01              2             46              1              4   1.548748e+01   2.464392e-01   8.874396e-01
        126000   1.239369e+00   6.984135e+01              1             45              1              5   1.566121e+01   2.483713e-01   8.967171e-01
        126500   1.219207e+00   9.008057e+01              3             46              1              4   1.562577e+01   2.346976e-01   8.918494e-01
        127000   1.231085e+00   7.169951e+01              2             44              1              3   1.566795e+01   2.277561e-01   9.116868e-01
        127500   1.232702e+00   9.204510e+01              2             44              1              5   1.549477e+01   2.369136e-01   9.053970e-01
        128000   1.219974e+00   9.303036e+01              2             46              1              4   1.534021e+01   2.325858e-01   8.950896e-01
        128500   1.233833e+00   7.451549e+01              2             45              1              4   1.560429e+01   2.070796e-01   9.138893e-01
        129000   1.200563e+00   9.500106e+01              2             47              1              5   1.536432e+01   2.279859e-01   9.058656e-01
        129500   1.215847e+00   9.599017e+01              2             45              1              5   1.552510e+01   2.219828e-01   8.960259e-01
        130000   1.218787e+00   9.697695e+01              3             46              1              6   1.563177e+01   2.444680e-01   8.799082e-01
        130500   1.178082e+00   1.089023e+02              2             47              1              5   1.580837e+01   2.458164e-01   8.700538e-01
        131000   1.202693e+00   9.891141e+01              2             46              1              5   1.584193e+01   2.378571e-01   8.825065e-01
        131500   1.188701e+00   1.107669e+02              2             46              1              5   1.531915e+01   2.463829e-01   8.731768e-01
        132000   1.196177e+00   1.008424e+02              1             47              2              5   1.554496e+01   2.287463e-01   8.824656e-01
        132500   1.169419e+00   1.127137e+02              2             47              1              4   1.569516e+01   2.221232e-01   8.807486e-01
        133000   1.143173e+00   1.167450e+02              1             43              1              3   1.570754e+01   2.245863e-01   8.711823e-01
        133500   1.193714e+00   1.034390e+02              2             42              1              3   1.551546e+01   2.244890e-01   8.646792e-01
        134000   1.183230e+00   1.156343e+02              2             44              1              5   1.564284e+01   2.572795e-01   8.547611e-01
        134500   1.194013e+00   1.053393e+02              2             45              1              5   1.547212e+01   2.381298e-01   8.540962e-01
        135000   1.181505e+00   1.175914e+02              2             44              1              3   1.583659e+01   2.623582e-01   8.685436e-01
        135500   1.187296e+00   1.185523e+02              2             46              2              6   1.580192e+01   2.557642e-01   8.670707e-01
        136000   1.158547e+00   1.195444e+02              2             46              1              4   1.570314e+01   2.476966e-01   8.746462e-01
        136500   1.169357e+00   1.205401e+02              2             46              1              4   1.580512e+01   2.461074e-01   8.777908e-01
        137000   1.151909e+00   1.215271e+02              2             45              1              4   1.547557e+01   2.276943e-01   8.781039e-01
        137500   1.167692e+00   1.225196e+02              2             45              1              4   1.578504e+01   2.402002e-01   8.865631e-01
        138000   1.186496e+00   1.235103e+02              2             44              2              3   1.581096e+01   2.368473e-01   8.834181e-01
        138500   1.194937e+00   1.125464e+02              2             46              2              5   1.562485e+01   2.249976e-01   8.870408e-01
        139000   1.192195e+00   1.134989e+02              2             44              1              4   1.570046e+01   2.360104e-01   8.782764e-01
        139500   1.170560e+00   1.264305e+02              2             47              1              4   1.601420e+01   2.384525e-01   8.974904e-01
        140000   1.194274e+00   1.152674e+02              2             48              1              4   1.584866e+01   2.320905e-01   8.842498e-01
        140500   1.217718e+00   1.162500e+02              2             45              1              3   1.603737e+01   2.525140e-01   8.873125e-01
        141000   1.222029e+00   1.172006e+02              2             45              1              2   1.573872e+01   2.328745e-01   8.778000e-01
        141500   1.211893e+00   1.181888e+02              2             44              1              4   1.582481e+01   2.325062e-01   8.805396e-01
        142000   1.201801e+00   1.191733e+02              2             46              1              4   1.571926e+01   2.261830e-01   8.878282e-01
        142500   1.197320e+00   1.316241e+02              1             43              1              4   1.587671e+01   2.132723e-01   8.955013e-01
        143000   1.182554e+00   1.326077e+02              2             45              2              3   1.589114e+01   2.386249e-01   8.867914e-01
        143500   1.233255e+00   9.670284e+01              2             43              2              4   1.557281e+01   2.514478e-01   8.839780e-01
        144000   1.290106e+00   6.537269e+01              2             43              2              4   1.546454e+01   2.477300e-01   8.895672e-01
        144500   1.300353e+00   6.636524e+01              2             43              2              2   1.564402e+01   2.285474e-01   8.962999e-01
        145000   1.289567e+00   6.735600e+01              2             46              2              4   1.570403e+01   2.200509e-01   8.858443e-01
        145500   1.307463e+00   6.834113e+01              2             40              2              3   1.541835e+01   2.213141e-01   8.885410e-01
        146000   1.304373e+00   6.933269e+01              2             45              2              4   1.575314e+01   2.258281e-01   8.964203e-01
        146500   1.312787e+00   7.032806e+01              2             42              1              2   1.588504e+01   2.415070e-01   8.960844e-01
        147000   1.329711e+00   7.130414e+01              1             42              1              3   1.575516e+01   2.287688e-01   8.885282e-01
        147500   1.330943e+00   7.223967e+01              2             44              1              3   1.559351e+01   2.126113e-01   9.004559e-01
        148000   1.346691e+00   4.357833e+01              1             41              1              2   1.576439e+01   2.111051e-01   8.927990e-01
        148500   1.388787e+00   2.276405e+01              1             42              1              3   1.556848e+01   2.142857e-01   8.931228e-01
        149000   1.386438e+00   4.553216e+01              1             39              1              3   1.566923e+01   2.263376e-01   8.844616e-01
        149500   1.393445e+00   2.467942e+01              2             42              1              4   1.574485e+01   2.392341e-01   9.098075e-01
        150000   1.409598e+00   2.566888e+01              2             45              2              4   1.552224e+01   2.281419e-01   8.954766e-01
        150500   1.414774e+00   2.666311e+01              1             36              2              3   1.564512e+01   2.276193e-01   9.088246e-01
        151000   1.399181e+00   2.765100e+01              1             35              1              3   1.558364e+01   2.290320e-01   9.101976e-01
        151500   1.420248e+00   2.864494e+01              0             36              2              2   1.568907e+01   2.554436e-01   8.952614e-01
        152000   1.398984e+00   2.963609e+01              1             40              2              2   1.551740e+01   2.351179e-01   9.075066e-01
        152500   1.430417e+00   3.061938e+01              2             38              1              3   1.539213e+01   2.519403e-01   9.086188e-01
        153000   1.411740e+00   3.160647e+01              1             36              1              2   1.530677e+01   2.391939e-01   9.081078e-01
        153500   1.377479e+00   5.352982e+01              1             38              1              2   1.521492e+01   2.374527e-01   8.943382e-01
        154000   1.371888e+00   5.450896e+01              2             41              1              3   1.548805e+01   2.624218e-01   9.088316e-01
        154500   1.408734e+00   3.448399e+01              2             38              1              2   1.543035e+01   2.861393e-01   9.154735e-01
        155000   1.416455e+00   3.547468e+01              2             39              1              4   1.589056e+01   3.117964e-01   9.286576e-01
        155500   1.446993e+00   2.163684e+01              0             31              2              0   1.561130e+01   3.163483e-01   9.260049e-01
        156000   1.414946e+00   3.740640e+01              2             42              2              4   1.549469e+01   3.326968e-01   9.222228e-01
        156500   1.435795e+00   3.839034e+01              0             39              2              2   1.564023e+01   3.063777e-01   9.221418e-01
        157000   1.475773e+00   2.452762e+01              0             34              1              1   1.559276e+01   3.019535e-01   9.303574e-01
        157500   1.490475e+00   2.550898e+01              0             26              2              2   1.566078e+01   3.241465e-01   9.369042e-01
        158000   1.513249e+00   1.584977e+01              0             29              1              1   1.551807e+01   3.573079e-01   9.548813e-01
        158500   1.491218e+00   1.683426e+01              0             33              2              2   1.532917e+01   3.306211e-01   9.404651e-01
        159000   1.478544e+00   2.833219e+01              0             32              2              2   1.548375e+01   3.311514e-01   9.425466e-01
        159500   1.496592e+00   1.872586e+01              0             28              1              2   1.520552e+01   3.725261e-01   9.292564e-01
        160000   1.506134e+00   1.972158e+01              0             28              1              2   1.533606e+01   3.796277e-01   9.330993e-01
        160500   1.493690e+00   3.115590e+01              0             23              1              1   1.563263e+01   3.688522e-01   9.422258e-01
        161000   1.477802e+00   3.212316e+01              0             27              1              1   1.558168e+01   3.841155e-01   9.483948e-01
        161500   1.490222e+00   2.258482e+01              0             29              1              1   1.582547e+01   3.857349e-01   9.753036e-01
        162000   1.576096e+00   1.462915e+01              1             23              1              1   1.579813e+01   3.984295e-01   9.641989e-01
        162500   1.572887e+00   1.562681e+01              0             27              2              2   1.579712e+01   3.999014e-01   9.651508e-01
        163000   1.599137e+00   9.643564e+00              0             29              1              1   1.582664e+01   4.177219e-01   9.531972e-01
        163500   1.562830e+00   1.757149e+01              1             26              1              2   1.550908e+01   4.035597e-01   9.591360e-01
        164000   1.589722e+00   1.855972e+01              0             25              1              2   1.565375e+01   4.122718e-01   9.686506e-01
        164500   1.577881e+00   1.955294e+01              1             27              1              2   1.563578e+01   4.150839e-01   9.638686e-01
        165000   1.570869e+00   2.054897e+01              0             27              2              2   1.559816e+01   3.662276e-01   9.574863e-01
        165500   1.575520e+00   2.154286e+01              0             29              2              2   1.571869e+01   3.837633e-01   9.529721e-01
        166000   1.528567e+00   3.027831e+01              1             25              2              1   1.555226e+01   3.850326e-01   9.487622e-01
        166500   1.507954e+00   3.127074e+01              0             25              2              2   1.558923e+01   4.151127e-01   9.363319e-01
        167000   1.506349e+00   3.225352e+01              0             22              2              1   1.551841e+01   3.983343e-01   9.423238e-01
        167500   1.520482e+00   3.324904e+01              0             25              2              2   1.558790e+01   3.908275e-01   9.461360e-01
        168000   1.509757e+00   3.424656e+01              0             23              2              1   1.554218e+01   3.931659e-01   9.286503e-01
        168500   1.460038e+00   4.298956e+01              1             23              2              2   1.545283e+01   4.082597e-01   9.186334e-01
        169000   1.457838e+00   4.397106e+01              0             25              2              1   1.575313e+01   4.121055e-01   9.417032e-01
        169500   1.463617e+00   4.496313e+01              1             27              2              3   1.545392e+01   4.092984e-01   9.437990e-01
        170000   1.480619e+00   4.595880e+01              1             23              2              1   1.573230e+01   4.185077e-01   9.528479e-01
        170500   1.468784e+00   4.694452e+01              0             26              2              1   1.558203e+01   4.236558e-01   9.595909e-01
        171000   1.510300e+00   3.948269e+01              0             23              2              1   1.543888e+01   4.105485e-01   9.593629e-01
        171500   1.558328e+00   3.054649e+01              0             22              2              2   1.585583e+01   3.997268e-01   9.607756e-01
        172000   1.579776e+00   3.153517e+01              0             10              2              1   1.574089e+01   4.089987e-01   9.515373e-01
        172500   1.545653e+00   4.217525e+01              0             13              2              1   1.622410e+01   4.263439e-01   9.642394e-01
        173000   1.578280e+00   3.350719e+01              0             11              2              1   1.588531e+01   3.774434e-01   9.570269e-01
        173500   1.571701e+00   3.450167e+01              0             13              2              1   1.580983e+01   3.921627e-01   9.433493e-01
        174000   1.544529e+00   4.473726e+01              0             12              2              1   1.554263e+01   3.443392e-01   9.118669e-01
        174500   1.619207e+00   2.541029e+01              0             11              2              1   1.544209e+01   3.480190e-01   9.274042e-01
        175000   1.654021e+00   1.594078e+01              0             13              2              1   1.514377e+01   3.626045e-01   9.144391e-01
        175500   1.637076e+00   2.735067e+01              0             14              2              1   1.511231e+01   3.690434e-01   9.189837e-01
        176000   1.668726e+00   1.788511e+01              0             15              2              1   1.518721e+01   3.535891e-01   9.223552e-01
        176500   1.650465e+00   2.919172e+01              0             12              2              1   1.508128e+01   3.627987e-01   9.135967e-01
        177000   1.714653e+00   1.128177e+01              0             12              2              0   1.504568e+01   3.567850e-01   9.279016e-01
        177500   1.730324e+00   1.226544e+01              0             12              2              1   1.553354e+01   3.826087e-01   9.439791e-01
        178000   1.707091e+00   2.143456e+01              0             21              2              1   1.529523e+01   4.038692e-01   9.336413e-01
        178500   1.713929e+00   1.422968e+01              0             18              2              1   1.536234e+01   3.942874e-01   9.199514e-01
        179000   1.739771e+00   9.078090e+00              0             18              2              1   1.541862e+01   3.975663e-01   9.425542e-01
        179500   1.760017e+00   1.003954e+01              0             17              2              1   1.540412e+01   3.977081e-01   9.379572e-01
        180000   1.776360e+00   1.103698e+01              0             19              2              1   1.515136e+01   4.104818e-01   9.105704e-01
        180500   1.721163e+00   1.802337e+01              0             21              2              1   1.530413e+01   4.194230e-01   9.013892e-01
        181000   1.708602e+00   1.901766e+01              0             20              1              1   1.554961e+01   4.141965e-01   9.067136e-01
        181500   1.686071e+00   2.719757e+01              0             23              2              1   1.547722e+01   4.199286e-01   9.142145e-01
        182000   1.730697e+00   2.095800e+01              0             20              2              1   1.528848e+01   3.949178e-01   9.272702e-01
        182500   1.762124e+00   1.535737e+01              0             11              2              1   1.522751e+01   4.156432e-01   9.283051e-01
        183000   1.791758e+00   1.634309e+01              0             14              2              1   1.550976e+01   4.155113e-01   9.343085e-01
        183500   1.784406e+00   1.730828e+01              0             19              2              1   1.541993e+01   4.331971e-01   9.165116e-01
        184000   1.757166e+00   1.829571e+01              0             15              2              1   1.506540e+01   4.093457e-01   9.023027e-01
        184500   1.729603e+00   2.534646e+01              0             15              2              1   1.545073e+01   3.817300e-01   9.095174e-01
        185000   1.745557e+00   2.016012e+01              0             12              2              1   1.529364e+01   4.175648e-01   9.203980e-01
        185500   1.774902e+00   2.114976e+01              0             15              2              1   1.550203e+01   4.136773e-01   9.060017e-01
        186000   1.802696e+00   1.545288e+01              0             14              2              1   1.549631e+01   4.266227e-01   9.204933e-01
        186500   1.807349e+00   1.643130e+01              0             15              2              1   1.575937e+01   4.409249e-01   9.257224e-01
        187000   1.815444e+00   1.742702e+01              0             11              2              1   1.571150e+01   4.260958e-01   9.271884e-01
        187500   1.762730e+00   2.490603e+01              0             15              2              1   1.558310e+01   4.220822e-01   9.193043e-01
        188000   1.780210e+00   2.589781e+01              0             16              2              1   1.545148e+01   4.130007e-01   8.975452e-01
        188500   1.820430e+00   2.018639e+01              0             12              2              0   1.545627e+01   3.907682e-01   9.004360e-01
        189000   1.807747e+00   2.118323e+01              0             15              2              2   1.542105e+01   4.013543e-01   9.182153e-01
        189500   1.780853e+00   2.869386e+01              0             14              2              1   1.563636e+01   3.967451e-01   9.053563e-01
        190000   1.857535e+00   1.535326e+01              0             16              2              1   1.536227e+01   4.060080e-01   9.177058e-01
        190500   1.845714e+00   1.633956e+01              0             18              2              1   1.546018e+01   4.180298e-01   9.086387e-01
        191000   1.900843e+00   1.015544e+01              0             14              2              1   1.537282e+01   4.143314e-01   9.223748e-01
        191500   1.881576e+00   1.830451e+01              0             15              2              1   1.557005e+01   4.294317e-01   9.327324e-01
        192000   1.857292e+00   1.929282e+01              0             17              2              1   1.535709e+01   4.011698e-01   9.319944e-01
        192500   1.836426e+00   2.749700e+01              0             14              2              1   1.513444e+01   4.069300e-01   9.138180e-01
        193000   1.809109e+00   2.848919e+01              0             15              2              1   1.515455e+01   4.108313e-01   9.059591e-01
        193500   1.815709e+00   2.946706e+01              0             18              2              1   1.537138e+01   4.214142e-01   9.108294e-01
        194000   1.819866e+00   3.046262e+01              0             18              2              1   1.532100e+01   4.239871e-01   9.076664e-01
        194500   1.833262e+00   3.145672e+01              0             16              2              1   1.534584e+01   4.229871e-01   9.102672e-01
        195000   1.832221e+00   3.243983e+01              0             15              2              1   1.529724e+01   4.319497e-01   9.061369e-01
        195500   1.872964e+00   2.563790e+01              0             11              2              1   1.528440e+01   4.352424e-01   8.947694e-01
        196000   1.911224e+00   1.749836e+01              0              9              2              1   1.549129e+01   4.394433e-01   8.908348e-01
        196500   1.920637e+00   1.849616e+01              0             10              2              1   1.522959e+01   4.187135e-01   8.956153e-01
        197000   1.948208e+00   1.139474e+01              0             12              1              1   1.526566e+01   4.179715e-01   8.943258e-01
        197500   2.020037e+00   6.589092e+00              0             14              1              1   1.533381e+01   4.094449e-01   9.116956e-01
        198000   1.975451e+00   1.327818e+01              0             18              1              1   1.558876e+01   4.065762e-01   9.186267e-01
        198500   1.963616e+00   1.427635e+01              0             18              2              1   1.537993e+01   4.244830e-01   8.915603e-01
        199000   1.956144e+00   1.526093e+01              0             18              2              1   1.560471e+01   4.202216e-01   9.085982e-01
        199500   1.952818e+00   1.625106e+01              0              8              0              0   1.555000e+01   4.244369e-01   9.103054e-01
        200000   1.952447e+00   1.724108e+01              0             16              2              0   1.580380e+01   4.276759e-01   9.175181e-01
        200500   1.947408e+00   1.823257e+01              0             16              2              1   1.551158e+01   4.110610e-01   9.046778e-01
        201000   1.961236e+00   1.922521e+01              0             17              2              1   1.521113e+01   4.173362e-01   8.886927e-01
        201500   1.997390e+00   1.350726e+01              0             16              2              0   1.534856e+01   4.240981e-01   8.955624e-01
        202000   2.001454e+00   1.449852e+01              0             14              2              1   1.524110e+01   4.191976e-01   9.003459e-01
        202500   2.010421e+00   1.549158e+01              0             16              1              1   1.540909e+01   4.413242e-01   9.044997e-01
        203000   1.972279e+00   2.299774e+01              0             12              2              1   1.560358e+01   4.430407e-01   9.108682e-01
        203500   1.967302e+00   2.398920e+01              0             12              2              1   1.532196e+01   4.497241e-01   8.905851e-01
        204000   1.981944e+00   2.497337e+01              0             13              1              1   1.568880e+01   4.433084e-01   9.213991e-01
        204500   1.985491e+00   2.595218e+01              0             11              1              1   1.579346e+01   4.539933e-01   9.193284e-01
        205000   1.998014e+00   2.692484e+01              0              9              1              1   1.526748e+01   4.351222e-01   9.027154e-01
        205500   1.983111e+00   2.788215e+01              0             11              1              1   1.536395e+01   4.569668e-01   9.008043e-01
        206000   1.932179e+00   3.425665e+01              0             11              2              1   1.541187e+01   4.601997e-01   8.942892e-01
        206500   1.948990e+00   2.979325e+01              0             12              2              1   1.567048e+01   4.640012e-01   8.974887e-01
        207000   1.974923e+00   3.076097e+01              0             13              2              2   1.535151e+01   4.655823e-01   9.086603e-01
        207500   1.976346e+00   3.172883e+01              0             16              2              1   1.577848e+01   4.571678e-01   9.222463e-01
        208000   2.003913e+00   2.526506e+01              0             15              2              1   1.560118e+01   4.638242e-01   9.049451e-01
        208500   1.973451e+00   3.367116e+01              0             15              2              1   1.567610e+01   4.630623e-01   8.892033e-01
        209000   1.958279e+00   3.463595e+01              0             14              2              1   1.543936e+01   4.747263e-01   8.927519e-01
        209500   1.962893e+00   3.562563e+01              0             13              2              1   1.536764e+01   4.651989e-01   8.965110e-01
        210000   1.936743e+00   4.132123e+01              0             16              2              1   1.575515e+01   4.536664e-01   9.130503e-01
        210500   1.919019e+00   4.231739e+01              0             16              1              1   1.583837e+01   4.654244e-01   8.915774e-01
        211000   1.960743e+00   3.847577e+01              0             20              2              1   1.574162e+01   4.865148e-01   9.049648e-01
        211500   1.950868e+00   4.416620e+01              0             14              2              1   1.566232e+01   4.672541e-01   9.036693e-01
        212000   1.959785e+00   4.043148e+01              0             16              1              1   1.554548e+01   4.538066e-01   9.037202e-01
        212500   1.944138e+00   4.606019e+01              0             22              2              1   1.563535e+01   4.566139e-01   9.187754e-01
        213000   1.950224e+00   4.238132e+01              0             19              2              1   1.554703e+01   4.521968e-01   9.190486e-01
        213500   1.977245e+00   4.337843e+01              0             16              2              1   1.544119e+01   4.622623e-01   9.367818e-01
        214000   1.991840e+00   4.435671e+01              0             19              2              1   1.562795e+01   4.673236e-01   9.313932e-01
        214500   2.000856e+00   4.531970e+01              0             18              2              1   1.532487e+01   4.712929e-01   9.360495e-01
        215000   2.005523e+00   4.622377e+01              0             16              2              1   1.530044e+01   4.758808e-01   9.169735e-01
        215500   1.977807e+00   4.715139e+01              0             14              2              1   1.549819e+01   4.708737e-01   9.304990e-01
        216000   1.972752e+00   4.814304e+01              0             14              2              2   1.549981e+01   4.906617e-01   8.952355e-01
        216500   1.959367e+00   4.913732e+01              0             15              2              2   1.561682e+01   4.887213e-01   8.977265e-01
        217000   1.975680e+00   5.011619e+01              0             15              2              1   1.576629e+01   4.945298e-01   9.126579e-01
        217500   1.985442e+00   5.111233e+01              0             15              2              1   1.546711e+01   4.912130e-01   8.897342e-01
        218000   2.040166e+00   4.245732e+01              0             13              1              1   1.576726e+01   4.794526e-01   9.094030e-01
        218500   2.069076e+00   2.980325e+01              0             11              2              1   1.569918e+01   4.722902e-01   9.154307e-01
        219000   2.059761e+00   3.079496e+01              0             13              1              1   1.529848e+01   4.603494e-01   8.969930e-01
        219500   2.092908e+00   1.856965e+01              0             13              2              1   1.546737e+01   4.612607e-01   9.193944e-01
        220000   2.102364e+00   1.955029e+01              0             12              2              0   1.541171e+01   4.543063e-01   9.180328e-01
        220500   2.110083e+00   2.053500e+01              0             10              1              1   1.544716e+01   4.356049e-01   9.230301e-01
        221000   2.101164e+00   3.461094e+01              0             12              2              1   1.538318e+01   4.347005e-01   9.192259e-01
        221500   2.129355e+00   2.249778e+01              0             12              2              1   1.534704e+01   4.381658e-01   9.096150e-01
        222000   2.175556e+00   1.315700e+01              0             10              2              1   1.527509e+01   4.146038e-01   9.070731e-01
        222500   2.179478e+00   1.415128e+01              0              9              2              1   1.501755e+01   4.277053e-01   9.045763e-01
        223000   2.166615e+00   1.514900e+01              0              9              2              1   1.524311e+01   4.452414e-01   9.026447e-01
        223500   2.190639e+00   1.613965e+01              0              9              1              1   1.557064e+01   4.760964e-01   9.271270e-01
        224000   2.183833e+00   1.713226e+01              0             10              2              1   1.552353e+01   4.309522e-01   9.226326e-01
        224500   2.175740e+00   1.812469e+01              0             12              2              1   1.551032e+01   4.529409e-01   8.960633e-01
        225000   2.163369e+00   1.911735e+01              0             14              2              1   1.569167e+01   4.438971e-01   8.931660e-01
        225500   2.191108e+00   2.009831e+01              0             12              1              1   1.577618e+01   4.283135e-01   8.988079e-01
        226000   2.213266e+00   1.370768e+01              0             12              2              1   1.529993e+01   4.110691e-01   8.925542e-01
        226500   2.241946e+00   1.470226e+01              0             13              2              1   1.552763e+01   4.276649e-01   9.127108e-01
        227000   2.235375e+00   9.786746e+00              0             12              2              1   1.524970e+01   4.034728e-01   8.937627e-01
        227500   2.260070e+00   1.077808e+01              0              7              2              1   1.543288e+01   3.973371e-01   8.952312e-01
        228000   2.260874e+00   1.177182e+01              0             10              2              1   1.555818e+01   4.009562e-01   9.021553e-01
        228500   2.271363e+00   1.276572e+01              0              7              2              1   1.526427e+01   4.230133e-01   8.989108e-01
        229000   2.278709e+00   1.376013e+01              0              9              2              0   1.515727e+01   4.252755e-01   9.164372e-01
        229500   2.285948e+00   1.475101e+01              0             10              1              1   1.530598e+01   4.116823e-01   9.260493e-01
        230000   2.294778e+00   1.573465e+01              0             10              1              1   1.523207e+01   4.058579e-01   9.058822e-01
        230500   2.270093e+00   1.673153e+01              0             10              1              1   1.515624e+01   4.186020e-01   9.020661e-01
        231000   2.310933e+00   1.244301e+01              0             12              2              1   1.543794e+01   4.285183e-01   9.235809e-01
        231500   2.339359e+00   8.394647e+00              0             13              1              1   1.531138e+01   4.274623e-01   9.127908e-01
        232000   2.314702e+00   1.441773e+01              0             14              1              0   1.570199e+01   4.395065e-01   9.177371e-01
        232500   2.301792e+00   2.024047e+01              0             14              1              1   1.600670e+01   4.448898e-01   9.299893e-01
        233000   2.320669e+00   1.640403e+01              0             14              2              1   1.573727e+01   4.254742e-01   9.024863e-01
        233500   2.324146e+00   1.739795e+01              0             12              1              1   1.590000e+01   4.244164e-01   9.127650e-01
        234000   2.346544e+00   1.838840e+01              0              9              1              1   1.561155e+01   4.161382e-01   9.078205e-01
        234500   2.327244e+00   1.937954e+01              0             12              1              1   1.581241e+01   4.423423e-01   9.133409e-01
        235000   2.341391e+00   2.037098e+01              0             13              2              1   1.561780e+01   4.331182e-01   9.024851e-01
        235500   2.357781e+00   1.561110e+01              0             12              2              1   1.598132e+01   4.553672e-01   9.094340e-01
        236000   2.326657e+00   2.225765e+01              0             13              2              1   1.590677e+01   4.511882e-01   8.993083e-01
        236500   2.311909e+00   2.325411e+01              0             11              1              1   1.586986e+01   4.657318e-01   9.044504e-01
        237000   2.298374e+00   2.423078e+01              0             11              1              1   1.579350e+01   4.583747e-01   8.846421e-01
        237500   2.315010e+00   2.522596e+01              0             10              1              1   1.576970e+01   4.522861e-01   8.993668e-01
        238000   2.295122e+00   2.620394e+01              0             11              2              1   1.564800e+01   4.720082e-01   8.801358e-01
        238500   2.322973e+00   2.718203e+01              0             11              2              1   1.574073e+01   4.504003e-01   8.882001e-01
        239000   2.313543e+00   2.817827e+01              0             13              2              1   1.573668e+01   4.621129e-01   9.024755e-01
        239500   2.328254e+00   2.917511e+01              0             13              1              1   1.568002e+01   4.571863e-01   8.931872e-01
        240000   2.295048e+00   3.327905e+01              0             14              1              1   1.575617e+01   4.677968e-01   9.004299e-01
        240500   2.318264e+00   3.114429e+01              0             13              1              1   1.584217e+01   4.699591e-01   9.024501e-01
        241000   2.357797e+00   2.507398e+01              0             12              1              1   1.570654e+01   4.852099e-01   9.167036e-01
        241500   2.331640e+00   3.308756e+01              0             12              1              1   1.542183e+01   4.619977e-01   8.955358e-01
        242000   2.323821e+00   3.407884e+01              0              9              2              1   1.569208e+01   4.541359e-01   9.191849e-01
        242500   2.364832e+00   2.794292e+01              0             14              4              3   1.547268e+01   4.421535e-01   9.289266e-01
        243000   2.372264e+00   2.893907e+01              0             14              3              2   1.560088e+01   4.519433e-01   9.145487e-01
        243500   2.349339e+00   2.993169e+01              0             12              3              2   1.551251e+01   4.494244e-01   9.189144e-01
        244000   2.350283e+00   3.092447e+01              0             15              3              2   1.557129e+01   4.575441e-01   9.051216e-01
        244500   2.312490e+00   3.868898e+01              0             13              3              2   1.568748e+01   4.309455e-01   9.073492e-01
        245000   2.371538e+00   3.278543e+01              0             10              3              0   1.573042e+01   4.295812e-01   9.185331e-01
        245500   2.402039e+00   2.327526e+01              0             11              2              2   1.583941e+01   4.451312e-01   9.192690e-01
        246000   2.407917e+00   2.426027e+01              0             10              1              1   1.594363e+01   4.289736e-01   9.144496e-01
        246500   2.444881e+00   1.485069e+01              0             11              2              1   1.575646e+01   4.306231e-01   9.231559e-01
        247000   2.458856e+00   1.584140e+01              0             10              2              0   1.591123e+01   4.346036e-01   9.208177e-01
        247500   2.431330e+00   1.681337e+01              0             13              2              1   1.553024e+01   4.197736e-01   9.258922e-01
        248000   2.427515e+00   2.807254e+01              0             11              2              2   1.570154e+01   4.146764e-01   9.277368e-01
        248500   2.420146e+00   2.903618e+01              0              9              1              1   1.548582e+01   4.112110e-01   9.052618e-01
        249000   2.443520e+00   1.961912e+01              0             13              2              2   1.532647e+01   4.085403e-01   9.131886e-01
        249500   2.469093e+00   2.061257e+01              0             11              1              2   1.548404e+01   4.068297e-01   9.350838e-01
        250000   2.461933e+00   2.160326e+01              0             12              1              3   1.556807e+01   4.134601e-01   9.308690e-01
        250500   2.530311e+00   1.360769e+01              0             12              2              0   1.549051e+01   3.943295e-01   9.298172e-01
        251000   2.530266e+00   1.459349e+01              0             10              1              1   1.550784e+01   4.053422e-01   9.355985e-01
        251500   2.500943e+00   1.558289e+01              0             10              1              1   1.560837e+01   4.235466e-01   9.359787e-01
        252000   2.523395e+00   1.657657e+01              0              8              1              2   1.567943e+01   4.519183e-01   9.325737e-01
        252500   2.523558e+00   1.757138e+01              0             10              2              2   1.561596e+01   4.523343e-01   9.266447e-01
        253000   2.537004e+00   1.853904e+01              0             11              1              1   1.530566e+01   4.252594e-01   9.020642e-01
        253500   2.586566e+00   1.256796e+01              0              9              1              1   1.564520e+01   4.361001e-01   9.023306e-01
        254000   2.573302e+00   1.355020e+01              0             11              1              1   1.529987e+01   4.310803e-01   8.972272e-01
        254500   2.522060e+00   2.119069e+01              0             13              2              3   1.547583e+01   4.408603e-01   8.962915e-01
        255000   2.549818e+00   1.539401e+01              0             10              1              2   1.548278e+01   4.438759e-01   9.064133e-01
        255500   2.506685e+00   2.316016e+01              0             12              1              2   1.558283e+01   4.446679e-01   8.974231e-01
        256000   2.525650e+00   2.414883e+01              0             11              0              1   1.524227e+01   4.219065e-01   8.993257e-01
        256500   2.524636e+00   2.513083e+01              0             12              1              1   1.551105e+01   4.198554e-01   8.965768e-01
        257000   2.514700e+00   2.612109e+01              0             11              0              1   1.560005e+01   4.315599e-01   8.872080e-01
        257500   2.505355e+00   2.711770e+01              0             11              1              1   1.543821e+01   4.233597e-01   8.706433e-01
        258000   2.495533e+00   2.808954e+01              0             12              1              1   1.570587e+01   4.267452e-01   8.911926e-01
        258500   2.471652e+00   3.579699e+01              0             10              1              1   1.523150e+01   4.159054e-01   8.822764e-01
        259000   2.489612e+00   3.679000e+01              0             10              1              1   1.526439e+01   4.196673e-01   8.856151e-01
        259500   2.493127e+00   3.771009e+01              0             11              0              1   1.522971e+01   4.181941e-01   8.788159e-01
        260000   2.497878e+00   3.186680e+01              0              9              0              0   1.536529e+01   4.152354e-01   8.783885e-01
        260500   2.532046e+00   3.286033e+01              0             11              1              1   1.506519e+01   4.150184e-01   8.899220e-01
        261000   2.555237e+00   2.535933e+01              0              8              0              1   1.495208e+01   4.196948e-01   8.751889e-01
        261500   2.510002e+00   3.480704e+01              0              9              0              1   1.511009e+01   4.199064e-01   8.996089e-01
        262000   2.541161e+00   3.579608e+01              0              7              0              1   1.506885e+01   4.104511e-01   8.956894e-01
        262500   2.525839e+00   3.679034e+01              0              9              0              0   1.530536e+01   4.083704e-01   9.008613e-01
        263000   2.511655e+00   3.778204e+01              0              9              0              1   1.488418e+01   4.167303e-01   8.745501e-01
        263500   2.512449e+00   3.877945e+01              0              6              0              1   1.521763e+01   4.445444e-01   8.631157e-01
        264000   2.495148e+00   4.559022e+01              0              8              0              1   1.505409e+01   4.253739e-01   8.708109e-01
        264500   2.548669e+00   4.069283e+01              0              6              0              1   1.520591e+01   4.270605e-01   9.066576e-01
        265000   2.565115e+00   3.236038e+01              0              6              0              1   1.505819e+01   4.111818e-01   8.889854e-01
        265500   2.576888e+00   3.335060e+01              0              6              0              1   1.528027e+01   4.160128e-01   8.937981e-01
        266000   2.588664e+00   2.306802e+01              0              7              0              1   1.505891e+01   4.051490e-01   8.948569e-01
        266500   2.685894e+00   1.372251e+01              0              7              0              0   1.529699e+01   4.091653e-01   9.018572e-01
        267000   2.662872e+00   1.470390e+01              0              7              0              1   1.517576e+01   4.155290e-01   8.993196e-01
        267500   2.675474e+00   1.568919e+01              0              5              0              1   1.506399e+01   4.298397e-01   8.726525e-01
        268000   2.648484e+00   1.666918e+01              0              6              0              1   1.498638e+01   4.289905e-01   8.880016e-01
        268500   2.623978e+00   2.762257e+01              0              6              0              1   1.500244e+01   4.042898e-01   8.680097e-01
        269000   2.673571e+00   1.861505e+01              0              6              0              1   1.485866e+01   3.905874e-01   8.855866e-01
        269500   2.690802e+00   1.153858e+01              0              6              0              0   1.481630e+01   4.020714e-01   8.899075e-01
        270000   2.729803e+00   1.252915e+01              0              6              0              1   1.481978e+01   4.163193e-01   8.894356e-01
        270500   2.762969e+00   7.741890e+00              0              6              0              0   1.508295e+01   4.070694e-01   8.745613e-01
        271000   2.756084e+00   8.721690e+00              0              6              0              0   1.515774e+01   4.173681e-01   8.873901e-01
        271500   2.772108e+00   9.713664e+00              0              4              0              0   1.525088e+01   4.044555e-01   8.808218e-01
        272000   2.790378e+00   1.070035e+01              0              6              0              0   1.525247e+01   3.990048e-01   8.954111e-01
        272500   2.765413e+00   1.169256e+01              0              6              0              0   1.525087e+01   3.974333e-01   8.967191e-01
        273000   2.764411e+00   1.269132e+01              0              6              0              0   1.523083e+01   3.949016e-01   8.934361e-01
        273500   2.732801e+00   1.882842e+01              0              6              0              0   1.511904e+01   4.045063e-01   8.943850e-01
        274000   2.750711e+00   1.458493e+01              0              6              0              0   1.535364e+01   4.309275e-01   8.866926e-01
        274500   2.768583e+00   1.557657e+01              0              6              0              0   1.517526e+01   4.289150e-01   8.746814e-01
        275000   2.702185e+00   2.161614e+01              0              6              0              0   1.526840e+01   4.055318e-01   8.749430e-01
        275500   2.689512e+00   2.820003e+01              0              6              0              1   1.511343e+01   4.261123e-01   8.652647e-01
        276000   2.700276e+00   2.916921e+01              0              6              0              0   1.525035e+01   4.251761e-01   8.610764e-01
        276500   2.709534e+00   2.450876e+01              0              7              0              0   1.525838e+01   4.533306e-01   8.574475e-01
        277000   2.702839e+00   2.549098e+01              0              7              0              0   1.539445e+01   4.267756e-01   8.735205e-01
        277500   2.684758e+00   2.643231e+01              0              7              0              0   1.524918e+01   4.057184e-01   8.670712e-01
        278000   2.667427e+00   3.296486e+01              0              7              0              0   1.513788e+01   4.057551e-01   8.624802e-01
        278500   2.719407e+00   2.826858e+01              0              8              0              0   1.535848e+01   3.960761e-01   8.650054e-01
        279000   2.719961e+00   2.926151e+01              0              6              0              0   1.525226e+01   4.309532e-01   8.553573e-01
        279500   2.781263e+00   2.358029e+01              0              5              0              0   1.540531e+01   4.366246e-01   8.860482e-01
        280000   2.813082e+00   1.699266e+01              0              6              0              0   1.538310e+01   4.253508e-01   8.766523e-01
        280500   2.851254e+00   1.086931e+01              0              6              0              0   1.531503e+01   4.282711e-01   8.619440e-01
        281000   2.864004e+00   1.184130e+01              0              4              0              0   1.523099e+01   4.261481e-01   8.606177e-01
