          step              r      E_metad_r      n_cont_CA   n_cont_heavy       n_saltbr        n_hbond           SASA           RMSD             Rg 
             0   6.956273e-01   0.000000e+00              3             36              0              7   1.125581e+01   0.000000e+00   6.170138e-01
           500   7.138875e-01   9.802812e-01              2             35              0              6   1.138127e+01   5.186354e-02   6.151742e-01
          1000   6.960588e-01   1.908652e+00              3             36              0              7   1.110011e+01   5.369917e-02   6.008642e-01
          1500   7.067158e-01   2.911413e+00              2             37              0              7   1.136887e+01   4.606613e-02   6.175360e-01
          2000   7.136094e-01   3.898058e+00              3             36              0              6   1.135758e+01   5.567444e-02   6.145484e-01
          2500   7.287541e-01   4.887933e+00              2             36              0              6   1.144084e+01   5.554337e-02   6.179514e-01
          3000   7.169629e-01   5.879647e+00              1             40              0              6   1.137839e+01   5.849151e-02   6.193326e-01
          3500   6.940647e-01   6.628755e+00              3             40              0              6   1.118257e+01   6.222498e-02   6.103468e-01
          4000   6.961153e-01   7.615735e+00              3             40              0              7   1.116012e+01   6.504872e-02   6.152246e-01
          4500   6.989450e-01   8.577009e+00              3             36              0              6   1.109628e+01   9.149858e-02   6.111136e-01
          5000   7.059789e-01   9.681549e+00              2             35              0              6   1.147516e+01   8.273335e-02   6.318517e-01
          5500   7.100072e-01   1.066996e+01              2             37              0              7   1.124500e+01   7.677796e-02   6.114349e-01
          6000   6.977950e-01   1.162792e+01              3             35              0              7   1.120304e+01   7.298667e-02   6.176007e-01
          6500   6.938939e-01   1.240695e+01              3             34              0              7   1.098036e+01   8.693784e-02   6.087531e-01
          7000   6.975626e-01   1.336505e+01              3             36              0              6   1.111914e+01   9.960797e-02   6.130540e-01
          7500   6.831225e-01   1.433808e+01              2             37              0              6   1.073035e+01   1.108327e-01   5.916343e-01
          8000   6.763215e-01   1.531455e+01              2             38              0              6   1.071333e+01   1.096692e-01   5.932822e-01
          8500   6.963077e-01   1.629598e+01              3             36              0              6   1.072024e+01   1.155635e-01   5.834869e-01
          9000   7.190044e-01   1.735197e+01              2             36              0              4   1.050681e+01   1.223762e-01   5.870588e-01
          9500   7.009506e-01   1.832750e+01              2             34              0              6   1.066514e+01   1.218650e-01   5.819833e-01
         10000   7.102790e-01   1.929900e+01              2             35              0              6   1.065613e+01   1.233061e-01   5.926418e-01
         10500   7.175938e-01   2.027467e+01              2             34              0              6   1.075311e+01   9.157785e-02   5.981710e-01
         11000   7.049262e-01   2.103680e+01              2             34              0              5   1.069445e+01   1.016117e-01   5.893465e-01
         11500   7.116371e-01   2.223726e+01              1             32              0              5   1.066630e+01   1.050430e-01   5.858843e-01
         12000   7.088947e-01   2.321267e+01              2             34              0              5   1.063660e+01   1.082068e-01   5.882130e-01
         12500   7.079662e-01   2.420201e+01              2             34              0              6   1.077495e+01   1.139171e-01   5.939740e-01
         13000   7.078341e-01   2.518660e+01              2             35              0              5   1.061931e+01   1.381979e-01   5.842907e-01
         13500   7.020181e-01   2.571580e+01              2             33              0              8   1.044370e+01   1.424734e-01   5.799153e-01
         14000   6.813866e-01   2.671008e+01              2             35              0              5   1.081440e+01   1.415697e-01   5.918504e-01
         14500   7.007101e-01   2.768307e+01              2             35              0              7   1.051069e+01   1.365608e-01   5.866823e-01
         15000   7.059242e-01   2.893841e+01              2             31              0              6   1.062344e+01   1.281735e-01   5.833155e-01
         15500   7.071509e-01   2.988737e+01              3             31              0              6   1.050644e+01   1.295679e-01   5.953228e-01
         16000   6.942557e-01   3.057281e+01              2             34              0              7   1.070268e+01   1.372135e-01   5.947779e-01
         16500   6.949270e-01   3.154947e+01              2             30              0              5   1.054113e+01   1.517600e-01   5.903019e-01
         17000   7.087160e-01   3.250136e+01              3             33              0              6   1.068762e+01   1.276983e-01   6.012969e-01
         17500   7.029388e-01   3.373547e+01              2             34              0              5   1.053857e+01   1.101985e-01   5.940117e-01
         18000   7.162005e-01   3.471760e+01              3             31              0              6   1.055493e+01   1.164574e-01   5.875793e-01
         18500   6.859640e-01   3.526043e+01              3             34              0              7   1.052680e+01   1.250127e-01   5.899445e-01
         19000   6.971916e-01   3.664871e+01              2             36              0              6   1.044379e+01   1.234431e-01   5.843045e-01
         19500   6.867854e-01   3.720778e+01              2             34              0              6   1.061853e+01   1.118067e-01   5.936113e-01
         20000   6.980783e-01   3.818924e+01              2             32              0              6   1.044651e+01   1.184102e-01   5.840395e-01
         20500   6.902035e-01   3.914861e+01              2             37              0              6   1.046554e+01   1.136189e-01   5.839045e-01
         21000   7.116472e-01   4.047549e+01              2             34              0              6   1.036774e+01   1.233058e-01   5.858003e-01
         21500   7.116277e-01   4.147101e+01              2             36              0              6   1.048344e+01   1.146804e-01   5.931160e-01
         22000   7.065524e-01   4.241096e+01              2             33              0              6   1.055281e+01   1.153744e-01   5.932138e-01
         22500   7.217811e-01   4.339872e+01              2             33              0              6   1.074558e+01   9.966867e-02   5.999468e-01
         23000   7.075706e-01   4.437277e+01              2             33              0              6   1.056924e+01   9.353770e-02   5.918746e-01
         23500   7.096898e-01   4.536743e+01              2             34              0              6   1.053321e+01   1.037453e-01   5.907474e-01
         24000   7.277005e-01   4.635923e+01              2             32              0              5   1.081686e+01   8.930292e-02   6.017121e-01
         24500   7.262174e-01   4.735449e+01              2             33              0              6   1.071881e+01   9.376357e-02   6.045954e-01
         25000   7.109422e-01   4.834000e+01              3             33              0              6   1.052790e+01   1.038362e-01   5.882405e-01
         25500   7.126262e-01   4.933636e+01              1             33              0              5   1.049250e+01   1.149292e-01   5.845748e-01
         26000   7.177811e-01   5.032203e+01              2             33              0              6   1.045740e+01   1.215414e-01   5.886220e-01
         26500   7.218690e-01   5.131928e+01              2             34              0              5   1.083559e+01   9.553560e-02   6.061621e-01
         27000   6.997769e-01   5.084409e+01              1             35              0              5   1.072300e+01   1.052418e-01   6.024694e-01
         27500   7.259783e-01   5.328449e+01              2             33              0              4   1.060701e+01   1.014195e-01   5.968513e-01
         28000   7.111319e-01   5.262465e+01              2             33              0              6   1.067442e+01   1.009180e-01   5.926961e-01
         28500   7.064402e-01   5.524934e+01              2             35              0              6   1.087893e+01   9.277198e-02   6.001052e-01
         29000   7.244036e-01   5.624163e+01              2             33              0              6   1.094222e+01   1.044452e-01   6.042706e-01
         29500   7.091543e-01   5.723862e+01              2             34              0              7   1.071601e+01   1.058166e-01   5.997736e-01
         30000   6.954908e-01   5.622740e+01              2             35              0              7   1.066358e+01   1.095812e-01   5.955655e-01
         30500   7.025606e-01   5.919927e+01              2             33              0              6   1.035956e+01   1.216485e-01   5.799169e-01
         31000   7.014703e-01   6.017493e+01              2             33              0              7   1.054165e+01   1.369880e-01   5.904915e-01
         31500   7.261354e-01   6.112904e+01              2             35              0              6   1.056617e+01   1.262423e-01   5.941079e-01
         32000   7.268619e-01   6.211332e+01              2             34              0              4   1.071092e+01   1.269576e-01   5.958109e-01
         32500   7.171996e-01   6.309976e+01              2             34              0              5   1.054291e+01   1.479075e-01   5.863893e-01
         33000   7.285096e-01   6.407102e+01              2             35              0              5   1.072181e+01   1.225376e-01   5.899711e-01
         33500   7.317531e-01   6.504810e+01              2             33              0              4   1.064308e+01   1.135268e-01   5.928477e-01
         34000   7.191358e-01   6.602860e+01              2             34              0              6   1.083787e+01   1.013393e-01   5.996338e-01
         34500   7.064559e-01   6.701468e+01              2             34              0              5   1.080077e+01   9.936637e-02   6.055319e-01
         35000   7.132003e-01   6.800482e+01              2             33              0              6   1.068025e+01   1.125079e-01   5.899716e-01
         35500   7.039565e-01   6.611829e+01              2             35              0              7   1.066521e+01   1.146439e-01   5.891410e-01
         36000   7.078891e-01   6.995583e+01              2             33              0              5   1.057131e+01   1.273309e-01   5.795045e-01
         36500   6.891776e-01   6.805416e+01              2             36              0              5   1.061050e+01   1.114004e-01   5.849265e-01
         37000   7.157313e-01   7.183849e+01              2             35              0              4   1.079489e+01   1.116246e-01   5.893423e-01
         37500   7.171661e-01   7.282094e+01              2             34              0              5   1.048400e+01   1.207164e-01   5.816530e-01
         38000   7.155104e-01   7.381165e+01              2             34              0              6   1.063271e+01   1.195363e-01   5.899351e-01
         38500   7.167263e-01   7.480526e+01              2             33              0              7   1.044582e+01   1.191980e-01   5.815667e-01
         39000   7.152014e-01   7.579550e+01              2             34              0              6   1.060559e+01   1.032175e-01   5.803476e-01
         39500   7.045846e-01   7.349430e+01              2             34              0              5   1.028725e+01   1.238512e-01   5.753187e-01
         40000   7.186708e-01   7.773544e+01              2             34              0              6   1.036920e+01   1.183035e-01   5.766357e-01
         40500   6.873253e-01   7.541541e+01              2             34              0              5   1.025993e+01   1.319196e-01   5.757017e-01
         41000   7.137834e-01   7.961617e+01              2             32              0              7   1.021490e+01   1.250141e-01   5.774737e-01
         41500   6.983413e-01   8.057838e+01              2             33              0              7   1.047698e+01   1.140278e-01   5.923996e-01
         42000   7.043341e-01   7.829639e+01              2             34              0              6   1.059108e+01   1.136090e-01   5.876011e-01
         42500   7.301077e-01   6.745851e+01              2             31              0              6   1.047977e+01   1.144042e-01   5.915826e-01
         43000   7.313418e-01   8.346290e+01              1             33              0              5   1.072118e+01   9.654024e-02   5.956396e-01
         43500   7.119628e-01   8.442974e+01              2             33              0              6   1.033476e+01   1.160928e-01   5.850966e-01
         44000   6.915343e-01   8.171549e+01              2             34              0              5   1.037871e+01   1.207200e-01   5.833187e-01
         44500   7.083526e-01   8.268967e+01              2             35              0              6   1.048903e+01   1.304194e-01   5.854687e-01
         45000   6.781570e-01   8.368477e+01              2             34              0              5   1.033613e+01   1.343790e-01   5.817461e-01
         45500   7.090278e-01   8.811499e+01              2             33              0              5   1.046552e+01   1.386787e-01   5.879639e-01
         46000   6.928608e-01   8.907402e+01              2             34              0              6   1.040813e+01   1.182474e-01   5.855544e-01
         46500   6.910632e-01   8.653438e+01              2             35              0              4   1.036012e+01   1.274660e-01   5.769952e-01
         47000   6.902648e-01   8.747805e+01              2             35              0              6   1.054385e+01   1.083551e-01   5.882596e-01
         47500   6.816060e-01   8.844171e+01              2             35              0              6   1.035026e+01   1.382421e-01   5.759957e-01
         48000   7.007488e-01   8.941213e+01              3             34              0              6   1.077941e+01   1.012754e-01   6.023146e-01
         48500   6.845290e-01   9.031130e+01              2             33              0              5   1.016091e+01   1.375905e-01   5.795652e-01
         49000   6.851267e-01   9.130173e+01              3             35              0              8   1.038960e+01   1.376342e-01   5.744506e-01
         49500   7.107354e-01   9.561027e+01              1             34              0              5   1.053330e+01   1.408388e-01   5.833175e-01
         50000   6.901185e-01   9.321980e+01              2             36              0              7   1.037468e+01   1.397993e-01   5.763390e-01
         50500   6.836805e-01   9.421628e+01              2             33              0              5   1.021291e+01   1.275579e-01   5.745181e-01
         51000   6.970429e-01   9.519063e+01              2             32              0              6   9.940684e+00   1.494849e-01   5.740462e-01
         51500   6.598314e-01   7.344869e+01              2             34              0              5   1.012534e+01   1.478694e-01   5.792795e-01
         52000   6.688831e-01   7.443292e+01              2             33              0              7   1.008306e+01   1.605987e-01   5.677797e-01
         52500   6.946755e-01   9.806567e+01              2             34              0              5   1.005827e+01   1.424868e-01   5.732484e-01
         53000   6.829103e-01   9.905170e+01              2             34              0              6   1.030548e+01   1.640625e-01   5.719605e-01
         53500   6.789747e-01   1.000471e+02              2             33              0              6   1.038720e+01   1.535587e-01   5.768254e-01
         54000   6.964325e-01   1.010441e+02              2             33              0              6   1.039042e+01   1.551467e-01   5.772760e-01
         54500   6.768079e-01   1.020387e+02              2             33              0              7   1.034407e+01   1.595618e-01   5.729285e-01
         55000   7.159857e-01   1.050025e+02              2             33              0              5   1.055661e+01   1.620063e-01   5.790629e-01
         55500   6.888776e-01   1.039826e+02              2             34              0              6   1.068469e+01   1.638205e-01   5.849389e-01
         56000   6.688867e-01   1.049385e+02              2             33              0              5   1.054009e+01   1.667287e-01   5.836652e-01
         56500   6.871759e-01   1.059317e+02              3             33              0              6   1.071924e+01   1.596211e-01   5.914098e-01
         57000   6.868449e-01   1.069257e+02              2             33              0              6   1.074054e+01   1.879989e-01   5.844286e-01
         57500   7.012102e-01   1.093969e+02              1             29              0              5   1.079507e+01   1.817733e-01   5.806040e-01
         58000   6.733577e-01   1.088461e+02              2             33              0              6   1.072209e+01   1.700251e-01   5.821001e-01
         58500   6.851008e-01   1.098153e+02              2             34              0              5   1.075120e+01   1.595070e-01   5.940930e-01
         59000   6.931390e-01   1.108128e+02              2             34              0              6   1.063459e+01   1.514374e-01   5.815837e-01
         59500   6.893473e-01   1.118080e+02              2             35              0              5   1.064937e+01   1.583377e-01   5.846265e-01
         60000   6.590730e-01   8.845294e+01              2             34              0              6   1.069907e+01   1.537077e-01   5.900612e-01
         60500   6.493159e-01   8.945066e+01              2             35              0              6   1.064872e+01   1.644001e-01   5.866098e-01
         61000   6.565087e-01   9.044287e+01              2             34              0              6   1.053135e+01   1.625063e-01   5.843179e-01
         61500   6.369098e-01   9.139630e+01              3             35              0              6   1.061431e+01   1.637289e-01   5.837045e-01
         62000   6.855418e-01   1.164174e+02              2             34              0              5   1.074049e+01   1.817129e-01   5.951968e-01
         62500   6.859950e-01   1.173872e+02              2             32              0              6   1.049841e+01   1.709093e-01   5.909435e-01
         63000   7.046852e-01   1.179872e+02              2             33              0              5   1.067410e+01   1.579328e-01   5.909300e-01
         63500   7.051370e-01   1.189814e+02              1             32              0              6   1.067028e+01   1.631304e-01   5.879511e-01
         64000   7.043596e-01   1.201542e+02              2             32              0              6   1.077610e+01   1.585518e-01   5.905787e-01
         64500   6.798793e-01   1.211343e+02              3             33              0              7   1.079643e+01   1.455244e-01   5.838339e-01
         65000   6.587809e-01   9.717880e+01              2             34              0              6   1.076100e+01   1.602279e-01   5.922635e-01
         65500   6.835756e-01   1.230418e+02              2             31              0              7   1.064518e+01   1.717925e-01   5.857432e-01
         66000   6.917061e-01   1.240315e+02              2             32              0              6   1.071965e+01   1.498902e-01   5.883805e-01
         66500   7.231645e-01   9.770542e+01              2             32              0              5   1.071767e+01   1.406221e-01   5.898590e-01
         67000   7.517395e-01   9.867226e+01              1             30              0              2   1.074267e+01   1.247173e-01   5.919730e-01
         67500   7.450384e-01   9.966553e+01              2             31              0              5   1.066792e+01   1.283031e-01   5.894036e-01
         68000   7.546405e-01   1.006599e+02              1             30              0              5   1.072665e+01   1.125460e-01   5.969967e-01
         68500   7.500001e-01   1.016461e+02              1             31              0              4   1.082492e+01   1.281616e-01   5.980863e-01
         69000   7.749764e-01   1.026284e+02              1             27              0              3   1.069838e+01   1.254750e-01   5.895603e-01
         69500   7.679298e-01   1.036072e+02              0             34              0              5   1.087606e+01   1.176518e-01   5.963992e-01
         70000   7.606876e-01   1.045861e+02              0             32              0              3   1.081601e+01   1.139941e-01   5.903720e-01
         70500   7.509498e-01   1.055645e+02              2             31              0              5   1.082214e+01   1.240664e-01   5.907140e-01
         71000   7.659669e-01   6.900122e+01              1             32              0              4   1.090167e+01   1.296217e-01   5.967802e-01
         71500   7.548601e-01   1.074994e+02              1             32              0              3   1.083783e+01   1.318624e-01   5.950663e-01
         72000   7.302968e-01   1.084932e+02              2             35              0              5   1.099268e+01   1.345368e-01   5.942778e-01
         72500   7.538204e-01   1.094852e+02              2             33              0              4   1.104195e+01   1.195526e-01   6.124555e-01
         73000   7.406198e-01   1.104778e+02              2             33              0              5   1.101319e+01   1.246034e-01   5.994470e-01
         73500   7.652553e-01   7.348265e+01              1             35              0              4   1.093971e+01   1.188971e-01   5.955839e-01
         74000   7.615861e-01   7.442195e+01              2             32              0              6   1.094330e+01   1.187904e-01   5.994007e-01
         74500   7.736468e-01   7.536509e+01              1             35              0              4   1.112270e+01   1.242574e-01   6.157385e-01
         75000   7.918279e-01   7.633815e+01              1             29              0              3   1.106928e+01   1.133904e-01   6.174426e-01
         75500   7.607069e-01   1.152785e+02              2             35              0              5   1.103419e+01   1.197711e-01   6.149696e-01
         76000   7.849026e-01   7.825663e+01              0             31              0              4   1.111753e+01   1.154330e-01   6.066349e-01
         76500   8.063187e-01   7.924774e+01              0             24              0              4   1.123566e+01   1.331977e-01   6.078364e-01
         77000   8.128923e-01   8.023406e+01              0             27              0              4   1.114631e+01   1.402655e-01   6.051821e-01
         77500   8.143808e-01   8.121384e+01              0             30              0              2   1.100552e+01   1.244427e-01   6.009765e-01
         78000   8.319701e-01   4.652609e+01              0             27              0              3   1.116255e+01   1.225419e-01   6.037206e-01
         78500   8.550406e-01   4.751682e+01              0             28              0              2   1.110863e+01   1.205120e-01   6.137918e-01
         79000   8.984850e-01   2.366499e+01              0             25              0              2   1.098406e+01   1.339120e-01   6.096193e-01
         79500   9.118690e-01   2.465787e+01              0             22              0              3   1.092106e+01   1.670525e-01   5.980942e-01
         80000   8.800351e-01   2.563447e+01              0             29              0              1   1.105364e+01   1.591079e-01   6.022286e-01
         80500   8.794519e-01   2.657543e+01              0             28              0              2   1.104925e+01   1.736165e-01   6.109490e-01
         81000   9.098048e-01   2.755977e+01              0             25              0              3   1.098228e+01   1.615666e-01   6.077755e-01
         81500   9.349239e-01   1.401296e+01              0             24              0              2   1.097281e+01   1.864079e-01   6.009107e-01
         82000   8.798781e-01   2.952329e+01              0             25              0              4   1.100312e+01   1.775236e-01   6.042601e-01
         82500   9.224348e-01   3.051220e+01              0             26              0              3   1.089204e+01   1.761729e-01   6.036809e-01
         83000   9.116624e-01   3.150368e+01              0             25              0              3   1.084820e+01   1.627062e-01   5.997234e-01
         83500   9.392006e-01   3.245426e+01              0             23              0              2   1.086791e+01   1.753916e-01   5.985253e-01
         84000   9.579912e-01   1.861771e+01              0             22              0              1   1.105635e+01   1.750147e-01   6.026616e-01
         84500   9.666263e-01   1.961080e+01              0             20              0              2   1.100453e+01   1.580389e-01   6.077498e-01
         85000   9.546070e-01   2.056260e+01              0             23              0              2   1.088788e+01   1.420563e-01   6.054865e-01
         85500   9.674959e-01   2.155653e+01              0             22              0              2   1.083394e+01   1.559196e-01   6.004280e-01
         86000   9.553019e-01   2.254926e+01              0             22              0              3   1.093148e+01   1.652825e-01   5.940783e-01
         86500   9.695098e-01   2.354450e+01              0             23              0              3   1.068631e+01   1.727542e-01   5.898172e-01
         87000   9.709045e-01   2.454187e+01              0             24              0              3   1.089508e+01   1.615405e-01   5.983676e-01
         87500   9.368274e-01   3.967567e+01              0             22              0              3   1.100364e+01   1.579260e-01   6.036815e-01
         88000   9.590793e-01   2.652381e+01              0             22              0              3   1.084922e+01   1.547458e-01   5.952793e-01
         88500   9.419910e-01   2.751418e+01              0             26              0              3   1.091722e+01   1.667797e-01   5.961076e-01
         89000   9.622663e-01   2.850316e+01              0             24              0              2   1.081668e+01   1.530597e-01   5.939185e-01
         89500   9.462328e-01   4.332807e+01              0             23              0              2   1.067891e+01   1.607485e-01   5.900565e-01
         90000   9.729027e-01   3.047320e+01              0             22              0              1   1.037219e+01   1.618357e-01   5.775539e-01
         90500   9.525571e-01   3.145783e+01              0             29              0              3   1.045304e+01   1.683503e-01   5.772846e-01
         91000   9.415441e-01   3.244113e+01              0             26              0              3   1.062821e+01   1.641929e-01   5.802151e-01
         91500   9.232619e-01   4.704531e+01              0             23              0              3   1.044413e+01   1.608106e-01   5.750457e-01
         92000   9.175030e-01   4.803116e+01              0             22              0              3   1.076652e+01   1.609010e-01   5.805250e-01
         92500   9.178426e-01   4.902505e+01              0             23              0              1   1.019235e+01   1.678149e-01   5.614266e-01
         93000   9.595065e-01   3.606632e+01              0             21              0              0   1.030061e+01   1.720296e-01   5.665679e-01
         93500   9.680450e-01   3.706451e+01              0             19              0              1   1.028779e+01   1.712736e-01   5.625357e-01
         94000   9.433216e-01   3.802109e+01              0             23              0              3   1.048263e+01   1.656653e-01   5.694478e-01
         94500   9.654363e-01   3.901654e+01              0             24              0              3   1.032661e+01   1.783403e-01   5.683708e-01
         95000   9.531637e-01   3.999789e+01              0             24              0              1   1.041000e+01   1.749711e-01   5.728014e-01
         95500   9.497690e-01   4.096651e+01              0             24              0              2   1.055688e+01   1.808157e-01   5.789833e-01
         96000   9.512127e-01   4.195708e+01              0             24              0              3   1.027531e+01   1.681789e-01   5.690923e-01
         96500   9.816259e-01   4.295059e+01              0             21              0              2   1.023133e+01   1.772557e-01   5.616901e-01
         97000   9.392176e-01   5.727177e+01              0             25              0              3   1.009179e+01   1.695993e-01   5.568984e-01
         97500   9.818795e-01   4.490756e+01              0             21              0              2   1.046708e+01   1.603492e-01   5.764875e-01
         98000   1.000727e+00   3.261299e+01              0             24              0              2   1.063806e+01   1.542912e-01   5.823542e-01
         98500   9.722708e-01   4.685866e+01              0             22              0              3   1.028210e+01   1.622659e-01   5.693454e-01
         99000   9.981012e-01   3.450312e+01              0             24              0              3   1.037705e+01   1.656316e-01   5.708057e-01
         99500   1.014532e+00   3.548647e+01              0             22              0              3   1.024902e+01   1.728266e-01   5.696930e-01
        100000   1.031241e+00   3.648036e+01              0             22              0              4   1.057624e+01   1.505927e-01   5.848956e-01
        100500   9.957583e-01   5.051755e+01              0             25              0              3   1.054099e+01   1.567939e-01   5.729646e-01
        101000   1.030713e+00   3.845674e+01              0             22              0              3   1.034207e+01   1.554345e-01   5.701540e-01
        101500   1.029973e+00   3.943973e+01              0             24              0              3   1.033624e+01   1.645312e-01   5.695078e-01
        102000   1.046213e+00   4.040712e+01              0             20              0              3   1.041024e+01   1.595719e-01   5.767978e-01
        102500   1.021880e+00   4.138401e+01              0             25              0              4   1.030935e+01   1.563510e-01   5.694726e-01
        103000   9.835859e-01   5.475176e+01              0             25              0              4   1.038481e+01   1.545005e-01   5.705732e-01
        103500   9.999408e-01   4.333481e+01              0             25              0              2   1.037668e+01   1.647313e-01   5.719224e-01
        104000   1.014588e+00   4.433146e+01              0             25              0              2   1.032961e+01   1.665350e-01   5.670093e-01
        104500   1.024859e+00   4.530757e+01              0             23              0              3   1.053695e+01   1.584671e-01   5.713571e-01
        105000   1.031445e+00   3.161185e+01              0             23              0              4   1.039775e+01   1.585316e-01   5.665173e-01
        105500   1.000614e+00   4.728041e+01              0             25              0              3   1.025405e+01   1.757186e-01   5.627726e-01
        106000   1.033810e+00   4.823428e+01              0             22              0              2   1.034428e+01   1.762209e-01   5.609740e-01
        106500   9.968794e-01   6.065527e+01              0             25              0              2   1.033404e+01   1.862838e-01   5.654481e-01
        107000   1.039292e+00   5.020042e+01              0             23              0              2   1.058498e+01   1.701859e-01   5.826900e-01
        107500   1.015750e+00   5.118604e+01              0             24              0              4   1.048135e+01   1.651996e-01   5.717019e-01
        108000   1.001504e+00   5.216603e+01              0             22              0              1   1.033507e+01   1.784373e-01   5.722098e-01
        108500   9.863293e-01   5.313280e+01              0             25              0              2   1.043292e+01   1.769992e-01   5.694264e-01
        109000   1.015769e+00   3.854043e+01              0             24              0              2   1.078194e+01   1.564531e-01   5.837885e-01
        109500   9.785224e-01   5.503418e+01              0             24              0              4   1.100222e+01   1.658060e-01   5.884556e-01
        110000   1.012310e+00   5.598545e+01              0             24              0              4   1.090622e+01   1.606070e-01   5.876587e-01
        110500   1.024269e+00   5.697892e+01              0             21              0              3   1.082849e+01   1.524640e-01   5.890600e-01
        111000   9.892286e-01   5.795878e+01              0             25              0              3   1.085550e+01   1.547129e-01   5.889589e-01
        111500   9.652745e-01   6.983591e+01              0             26              0              3   1.119640e+01   1.745228e-01   6.056865e-01
        112000   9.971950e-01   5.981458e+01              0             24              0              4   1.099714e+01   1.607874e-01   5.893395e-01
        112500   9.938795e-01   6.080240e+01              0             22              0              3   1.102614e+01   1.462453e-01   5.942402e-01
        113000   9.923912e-01   7.264615e+01              0             26              0              3   1.115144e+01   1.428683e-01   5.961123e-01
        113500   9.893872e-01   7.356511e+01              0             24              0              3   1.098248e+01   1.552304e-01   5.914169e-01
        114000   9.998556e-01   6.372243e+01              0             24              0              4   1.108433e+01   1.568105e-01   5.871555e-01
        114500   9.565631e-01   7.551185e+01              0             26              0              4   1.081894e+01   1.602618e-01   5.817839e-01
        115000   1.012005e+00   6.555547e+01              0             28              0              4   1.110083e+01   1.535345e-01   5.975331e-01
        115500   1.002173e+00   6.652554e+01              0             28              0              3   1.137840e+01   1.506425e-01   6.052528e-01
        116000   9.803667e-01   7.833904e+01              0             28              0              3   1.124631e+01   1.485077e-01   5.979817e-01
        116500   9.413850e-01   8.368956e+01              0             29              0              4   1.122365e+01   1.596205e-01   6.057234e-01
        117000   9.910356e-01   8.027299e+01              0             25              0              2   1.103914e+01   1.507117e-01   5.992292e-01
        117500   1.022057e+00   7.026817e+01              0             26              0              3   1.097848e+01   1.494785e-01   5.944472e-01
        118000   1.041470e+00   5.231207e+01              0             22              0              1   1.100675e+01   1.487412e-01   5.960563e-01
        118500   9.896107e-01   8.283904e+01              0             28              0              4   1.130589e+01   1.555559e-01   6.124078e-01
        119000   9.681854e-01   8.381925e+01              0             28              0              4   1.105442e+01   1.493368e-01   6.010289e-01
        119500   1.012630e+00   7.410859e+01              0             27              0              3   1.112722e+01   1.451272e-01   6.145362e-01
        120000   9.783831e-01   8.564798e+01              0             25              0              4   1.106172e+01   1.564502e-01   6.032953e-01
        120500   9.698436e-01   8.664538e+01              0             25              0              3   1.112913e+01   1.492568e-01   6.095556e-01
        121000   9.795151e-01   8.764035e+01              0             27              0              4   1.085748e+01   1.538398e-01   5.995137e-01
        121500   9.939146e-01   8.863051e+01              0             25              0              4   1.112220e+01   1.492071e-01   6.080946e-01
        122000   1.006009e+00   7.879578e+01              0             27              0              4   1.120334e+01   1.469423e-01   6.175193e-01
        122500   1.059782e+00   5.920133e+01              0             23              0              3   1.126855e+01   1.557701e-01   6.228834e-01
        123000   1.048639e+00   6.019960e+01              0             23              0              4   1.128748e+01   1.595702e-01   6.224440e-01
        123500   1.074837e+00   6.118888e+01              0             23              0              2   1.116199e+01   1.534874e-01   6.203457e-01
        124000   1.063254e+00   6.217941e+01              0             23              0              3   1.124183e+01   1.547804e-01   6.250477e-01
        124500   1.019018e+00   8.320805e+01              0             27              0              4   1.115325e+01   1.582348e-01   6.140261e-01
        125000   1.036773e+00   6.394512e+01              0             22              0              3   1.125616e+01   1.493378e-01   6.234253e-01
        125500   1.060590e+00   6.494151e+01              0             23              0              4   1.106307e+01   1.576713e-01   6.200978e-01
        126000   1.056478e+00   6.593548e+01              0             24              0              2   1.090521e+01   1.605301e-01   6.176525e-01
        126500   1.057466e+00   6.692829e+01              0             21              0              2   1.107018e+01   1.542542e-01   6.058497e-01
        127000   1.069708e+00   6.791717e+01              0             22              0              3   1.102679e+01   1.721934e-01   6.166204e-01
        127500   1.108116e+00   4.452794e+01              0             20              0              3   1.129915e+01   1.726612e-01   6.251428e-01
        128000   1.133891e+00   2.464949e+01              0             19              0              2   1.102865e+01   1.643047e-01   6.045499e-01
        128500   1.123539e+00   4.648240e+01              0             21              0              3   1.116182e+01   1.518536e-01   6.140177e-01
        129000   1.100182e+00   4.747067e+01              0             21              0              2   1.115994e+01   1.512062e-01   6.133736e-01
        129500   1.086082e+00   7.211653e+01              0             20              0              3   1.102232e+01   1.495787e-01   6.107492e-01
        130000   1.051685e+00   7.310761e+01              0             23              0              3   1.114961e+01   1.529224e-01   6.055664e-01
        130500   1.061419e+00   7.408122e+01              0             23              0              4   1.115478e+01   1.381795e-01   6.094793e-01
        131000   1.043008e+00   7.506093e+01              0             22              0              3   1.130581e+01   1.458003e-01   6.160385e-01
        131500   1.048181e+00   9.390013e+01              0             22              0              2   1.103755e+01   1.563922e-01   6.174561e-01
        132000   1.058960e+00   7.702931e+01              0             22              0              1   1.087660e+01   1.513741e-01   6.060051e-01
        132500   1.056741e+00   7.802595e+01              0             19              0              2   1.096597e+01   1.537025e-01   6.089644e-01
        133000   1.040981e+00   7.901691e+01              0             23              0              4   1.101853e+01   1.477084e-01   6.154543e-01
        133500   1.026681e+00   9.745384e+01              0             23              0              3   1.060094e+01   1.532502e-01   5.941988e-01
        134000   1.010157e+00   9.843336e+01              0             23              0              3   1.074422e+01   1.594741e-01   5.955369e-01
        134500   1.076397e+00   8.174367e+01              0             19              0              1   1.082878e+01   1.550885e-01   5.997729e-01
        135000   1.060418e+00   8.272436e+01              0             22              0              2   1.089261e+01   1.532225e-01   6.041407e-01
        135500   1.112736e+00   5.852969e+01              0             20              0              3   1.090362e+01   1.606286e-01   6.028677e-01
        136000   1.102606e+00   5.952556e+01              0             21              0              2   1.081442e+01   1.613414e-01   6.085961e-01
        136500   1.093269e+00   6.051251e+01              0             20              0              3   1.094884e+01   1.504008e-01   6.155588e-01
        137000   1.060971e+00   8.641591e+01              0             23              0              4   1.079509e+01   1.702997e-01   6.037349e-01
        137500   1.053506e+00   8.738045e+01              0             22              0              2   1.093628e+01   1.639784e-01   6.065572e-01
        138000   1.056296e+00   8.837520e+01              0             23              0              3   1.099616e+01   1.674641e-01   6.113824e-01
        138500   1.066155e+00   8.937027e+01              0             21              0              2   1.088099e+01   1.649815e-01   6.095550e-01
        139000   1.060930e+00   9.036517e+01              0             21              0              3   1.099300e+01   1.564246e-01   6.154827e-01
        139500   1.065627e+00   9.135302e+01              0             23              0              2   1.118277e+01   1.516455e-01   6.264028e-01
        140000   1.054288e+00   9.234229e+01              0             24              0              4   1.079750e+01   1.566726e-01   6.017161e-01
        140500   1.079324e+00   9.333111e+01              0             21              0              2   1.088664e+01   1.513073e-01   6.057815e-01
        141000   1.126573e+00   6.859029e+01              0             20              0              3   1.083616e+01   1.573791e-01   6.078743e-01
        141500   1.173616e+00   2.227125e+01              0             19              0              1   1.075252e+01   1.574699e-01   6.045873e-01
        142000   1.194612e+00   2.325719e+01              0             14              0              1   1.075607e+01   1.581177e-01   6.036988e-01
        142500   1.205988e+00   2.424723e+01              0             15              0              2   1.079217e+01   1.677409e-01   6.109906e-01
        143000   1.193461e+00   4.567901e+01              0             18              0              1   1.077958e+01   1.718369e-01   6.006910e-01
        143500   1.230351e+00   2.622959e+01              0             14              0              1   1.059170e+01   1.668589e-01   5.912791e-01
        144000   1.222099e+00   2.722215e+01              0             16              0              1   1.090001e+01   1.789771e-01   6.154262e-01
        144500   1.255703e+00   1.490549e+01              0             15              0              1   1.084399e+01   1.755736e-01   6.069981e-01
        145000   1.280758e+00   1.589361e+01              0             15              0              1   1.073877e+01   1.809350e-01   6.088003e-01
        145500   1.241907e+00   1.685879e+01              0             13              0              1   1.084068e+01   1.711771e-01   6.092937e-01
        146000   1.219157e+00   3.097556e+01              0             13              0              1   1.066766e+01   1.820241e-01   6.051729e-01
        146500   1.260737e+00   1.879672e+01              0             12              0              1   1.078508e+01   1.650035e-01   6.104451e-01
        147000   1.286128e+00   1.977459e+01              0             12              0              1   1.083636e+01   1.631153e-01   6.106982e-01
        147500   1.309225e+00   2.065264e+01              0             13              0              1   1.046909e+01   1.710975e-01   5.913338e-01
        148000   1.284198e+00   2.160608e+01              0             13              0              1   1.067863e+01   1.679464e-01   5.941428e-01
        148500   1.272628e+00   2.258445e+01              0             13              0              1   1.063538e+01   1.844679e-01   5.901011e-01
        149000   1.293498e+00   1.509011e+01              0             14              0              1   1.059203e+01   1.925363e-01   6.017084e-01
        149500   1.295957e+00   1.605928e+01              0             12              0              0   1.052844e+01   1.812106e-01   5.911357e-01
        150000   1.285585e+00   2.550322e+01              0             11              0              1   1.046911e+01   1.839242e-01   5.885126e-01
        150500   1.275368e+00   2.648843e+01              0             14              0              1   1.065568e+01   1.769974e-01   5.994556e-01
        151000   1.255032e+00   2.744443e+01              0             12              0              0   1.061659e+01   1.820419e-01   5.921058e-01
        151500   1.291562e+00   2.842358e+01              0             12              0              0   1.057892e+01   1.959997e-01   6.062277e-01
        152000   1.278606e+00   2.940712e+01              0             12              0              1   1.057797e+01   1.698834e-01   6.013581e-01
        152500   1.254951e+00   3.040072e+01              0             14              0              1   1.058209e+01   1.737144e-01   5.956207e-01
        153000   1.248993e+00   3.138842e+01              0             13              0              1   1.067206e+01   1.777404e-01   5.987170e-01
        153500   1.249406e+00   3.236856e+01              0             15              0              1   1.074629e+01   1.878224e-01   5.985695e-01
        154000   1.279202e+00   3.335764e+01              0             13              0              2   1.072877e+01   1.799079e-01   6.006687e-01
        154500   1.298535e+00   3.433996e+01              0             14              0              1   1.071130e+01   1.809220e-01   5.929776e-01
        155000   1.279846e+00   3.528554e+01              0             13              0              1   1.052280e+01   1.825825e-01   5.897726e-01
        155500   1.278045e+00   3.624457e+01              0             17              0              0   1.048297e+01   1.889904e-01   5.919285e-01
        156000   1.256393e+00   3.723478e+01              0             14              0              1   1.055912e+01   1.753950e-01   5.943628e-01
        156500   1.274550e+00   3.822253e+01              0             13              0              0   1.078597e+01   1.704559e-01   6.029026e-01
        157000   1.231322e+00   4.899141e+01              0             13              0              1   1.069402e+01   1.664133e-01   5.964656e-01
        157500   1.235083e+00   4.995916e+01              0             13              0              1   1.084709e+01   1.621825e-01   6.141709e-01
        158000   1.273429e+00   4.115929e+01              0             14              0              1   1.065616e+01   1.761646e-01   6.067764e-01
        158500   1.262852e+00   4.215174e+01              0             15              0              1   1.085663e+01   1.664700e-01   6.039782e-01
        159000   1.254707e+00   4.314262e+01              0             13              0              1   1.057863e+01   1.687156e-01   5.941273e-01
        159500   1.271272e+00   4.412637e+01              0             12              0              1   1.065376e+01   1.721413e-01   6.000890e-01
        160000   1.280838e+00   3.457235e+01              0             13              0              1   1.063735e+01   1.676675e-01   5.969564e-01
        160500   1.371553e+00   2.356793e+01              0             14              0              0   1.070404e+01   1.844810e-01   5.989515e-01
        161000   1.397261e+00   1.381039e+01              0             14              0              0   1.060611e+01   1.967164e-01   5.929221e-01
        161500   1.410266e+00   1.480605e+01              0             14              0              0   1.067411e+01   1.958814e-01   5.943958e-01
        162000   1.424377e+00   1.580293e+01              0             15              0              0   1.080579e+01   1.882417e-01   5.950799e-01
        162500   1.386586e+00   2.721255e+01              0             13              0              1   1.062160e+01   1.825055e-01   6.024985e-01
        163000   1.412285e+00   1.772368e+01              0             14              0              1   1.078668e+01   1.869321e-01   6.108412e-01
        163500   1.371623e+00   2.914330e+01              0             13              0              2   1.084330e+01   1.631937e-01   6.081081e-01
        164000   1.359848e+00   3.014069e+01              0             18              0              2   1.087667e+01   1.822077e-01   6.002510e-01
        164500   1.374087e+00   3.113645e+01              0             19              0              3   1.100978e+01   1.850691e-01   5.996003e-01
        165000   1.403610e+00   2.142050e+01              0             18              0              2   1.097604e+01   1.866509e-01   5.976526e-01
        165500   1.435603e+00   2.240715e+01              0             16              0              1   1.083069e+01   2.008059e-01   5.945250e-01
        166000   1.446124e+00   2.338229e+01              0             14              0              1   1.083187e+01   1.925495e-01   6.013370e-01
        166500   1.456264e+00   1.520933e+01              0             14              0              1   1.066824e+01   1.951849e-01   5.897453e-01
        167000   1.426761e+00   2.526577e+01              0             15              0              1   1.076116e+01   1.928605e-01   5.997742e-01
        167500   1.446433e+00   2.622928e+01              0             14              0              0   1.075909e+01   1.888275e-01   5.924293e-01
        168000   1.433983e+00   2.722362e+01              0             17              0              2   1.070564e+01   1.921030e-01   5.882408e-01
        168500   1.445080e+00   1.898449e+01              0             15              0              2   1.050062e+01   1.875989e-01   5.852256e-01
        169000   1.435136e+00   2.917667e+01              0             17              0              2   1.098905e+01   1.720458e-01   5.954462e-01
        169500   1.453518e+00   2.089288e+01              0             16              0              0   1.079557e+01   1.793895e-01   5.878255e-01
        170000   1.480991e+00   2.188796e+01              0             13              0              2   1.066247e+01   1.873274e-01   5.809871e-01
        170500   1.456408e+00   2.287439e+01              0             13              0              1   1.059178e+01   1.803193e-01   5.943876e-01
        171000   1.457804e+00   2.384079e+01              0             18              0              2   1.092457e+01   1.751807e-01   5.952007e-01
        171500   1.477223e+00   2.482412e+01              0             17              0              2   1.080255e+01   1.877828e-01   5.963749e-01
        172000   1.459184e+00   2.582146e+01              0             19              0              1   1.102885e+01   1.796129e-01   6.020649e-01
        172500   1.498608e+00   1.792914e+01              0             17              0              2   1.058731e+01   1.767267e-01   5.910240e-01
        173000   1.478488e+00   2.776890e+01              0             17              0              1   1.084890e+01   1.783782e-01   5.932451e-01
        173500   1.488419e+00   1.981385e+01              0             19              0              2   1.082568e+01   1.783245e-01   5.958320e-01
        174000   1.499158e+00   2.079145e+01              0             17              0              1   1.083563e+01   1.776915e-01   5.932137e-01
        174500   1.453466e+00   3.069490e+01              0             16              0              2   1.075648e+01   1.762447e-01   5.935205e-01
        175000   1.434023e+00   3.947784e+01              0             19              0              1   1.065988e+01   1.901708e-01   5.876184e-01
        175500   1.382594e+00   4.641897e+01              0             19              0              2   1.066633e+01   1.785201e-01   5.910507e-01
        176000   1.368939e+00   4.740931e+01              0             17              0              1   1.073707e+01   1.787373e-01   5.921520e-01
        176500   1.358109e+00   4.840243e+01              0             22              0              2   1.054183e+01   2.001407e-01   5.781939e-01
        177000   1.354943e+00   4.939541e+01              0             21              0              2   1.062072e+01   1.948750e-01   5.858272e-01
        177500   1.375835e+00   5.036746e+01              0             17              0              1   1.066963e+01   1.845637e-01   5.867658e-01
        178000   1.364473e+00   5.135269e+01              0             17              0              1   1.058952e+01   1.692383e-01   5.845454e-01
        178500   1.355836e+00   5.228056e+01              0             15              0              1   1.050888e+01   1.686047e-01   5.769858e-01
        179000   1.373364e+00   5.327774e+01              0             17              0              1   1.054505e+01   1.676109e-01   5.794538e-01
        179500   1.323830e+00   5.810178e+01              0             19              0              1   1.053160e+01   1.618776e-01   5.839101e-01
        180000   1.339298e+00   5.909361e+01              0             18              0              1   1.068033e+01   1.712003e-01   5.845310e-01
        180500   1.305054e+00   6.008061e+01              0             21              0              2   1.037031e+01   1.654037e-01   5.742380e-01
        181000   1.273311e+00   6.216538e+01              0             19              0              1   1.052014e+01   1.664622e-01   5.818881e-01
        181500   1.252193e+00   6.445471e+01              0             19              0              2   1.070305e+01   1.561281e-01   5.804467e-01
        182000   1.263844e+00   6.413885e+01              0             19              0              2   1.078553e+01   1.536169e-01   5.856505e-01
        182500   1.275024e+00   6.513705e+01              0             17              0              2   1.057524e+01   1.591342e-01   5.778020e-01
        183000   1.243398e+00   6.720505e+01              0             17              0              2   1.074702e+01   1.575794e-01   5.946401e-01
        183500   1.227979e+00   6.816216e+01              0             18              0              1   1.074325e+01   1.510024e-01   5.873354e-01
        184000   1.218982e+00   6.915186e+01              0             15              0              2   1.068312e+01   1.588391e-01   5.859970e-01
        184500   1.201165e+00   7.013480e+01              0             19              0              2   1.040346e+01   1.688808e-01   5.739200e-01
        185000   1.186113e+00   7.635790e+01              0             18              0              1   1.063866e+01   1.636654e-01   5.795651e-01
        185500   1.157431e+00   7.734323e+01              0             15              0              2   1.063703e+01   1.547876e-01   5.827233e-01
        186000   1.203702e+00   7.286022e+01              0             16              0              2   1.057060e+01   1.727411e-01   5.828909e-01
        186500   1.198087e+00   7.928168e+01              0             16              0              2   1.043755e+01   1.815316e-01   5.687279e-01
        187000   1.176113e+00   8.026627e+01              0             15              0              2   1.032743e+01   1.904234e-01   5.609137e-01
        187500   1.182116e+00   8.123546e+01              0             14              0              2   1.062145e+01   1.796124e-01   5.805445e-01
        188000   1.182439e+00   8.222633e+01              0             16              0              1   1.042223e+01   1.877930e-01   5.695314e-01
        188500   1.168641e+00   8.321932e+01              0             19              0              2   1.062414e+01   1.849831e-01   5.782431e-01
        189000   1.192903e+00   8.416544e+01              0             20              0              1   1.057101e+01   1.979771e-01   5.816511e-01
        189500   1.227082e+00   7.945935e+01              0             18              0              2   1.082490e+01   1.907951e-01   5.823986e-01
        190000   1.281070e+00   7.668554e+01              0             17              0              2   1.090038e+01   1.939475e-01   5.836338e-01
        190500   1.288960e+00   7.766677e+01              0             17              0              2   1.073180e+01   2.068558e-01   5.837325e-01
        191000   1.288747e+00   7.288830e+01              0             13              0              1   1.069991e+01   2.031934e-01   5.778397e-01
        191500   1.249464e+00   7.962569e+01              0             19              0              2   1.084689e+01   2.042851e-01   5.844852e-01
        192000   1.283174e+00   8.061470e+01              0             16              0              1   1.078239e+01   2.083391e-01   5.860994e-01
        192500   1.265308e+00   8.159252e+01              0             22              0              3   1.059097e+01   2.212284e-01   5.726282e-01
        193000   1.294732e+00   7.630177e+01              0             18              0              0   1.060369e+01   2.256968e-01   5.677245e-01
        193500   1.316556e+00   7.729585e+01              0             16              0              2   1.074066e+01   2.237771e-01   5.699978e-01
        194000   1.331983e+00   7.827365e+01              0             14              0              2   1.038969e+01   2.155892e-01   5.698952e-01
        194500   1.382679e+00   6.876437e+01              0             18              0              2   1.040180e+01   2.277509e-01   5.681827e-01
        195000   1.399019e+00   5.628388e+01              0             15              0              2   1.083364e+01   2.149801e-01   5.785631e-01
        195500   1.390299e+00   5.722582e+01              0             17              0              2   1.064534e+01   2.023678e-01   5.804428e-01
        196000   1.408142e+00   5.818562e+01              0             14              0              1   1.058133e+01   2.115544e-01   5.773782e-01
        196500   1.458092e+00   4.394033e+01              0             17              0              2   1.042289e+01   2.078741e-01   5.809641e-01
        197000   1.491491e+00   2.981557e+01              0             13              0              2   1.088167e+01   2.075780e-01   5.843265e-01
        197500   1.446474e+00   4.588557e+01              0             11              0              2   1.048159e+01   2.261820e-01   5.717061e-01
        198000   1.492063e+00   3.167905e+01              0             14              0              2   1.055075e+01   2.297914e-01   5.777267e-01
        198500   1.515053e+00   3.266330e+01              0             10              0              1   1.051988e+01   2.112208e-01   5.803221e-01
        199000   1.521431e+00   3.364552e+01              0              9              0              0   1.053449e+01   2.158888e-01   5.812200e-01
        199500   1.549168e+00   2.109453e+01              0             10              0              0   1.060047e+01   2.239894e-01   5.835098e-01
        200000   1.579914e+00   2.208807e+01              0              9              0              0   1.054842e+01   2.166132e-01   5.765657e-01
        200500   1.556221e+00   2.307377e+01              0              7              0              1   1.079060e+01   2.012122e-01   5.940718e-01
        201000   1.592199e+00   2.405890e+01              0              7              0              1   1.095386e+01   1.998712e-01   5.855084e-01
        201500   1.605275e+00   1.448879e+01              0              9              0              1   1.065533e+01   2.029244e-01   5.932626e-01
        202000   1.636988e+00   1.547958e+01              0              8              0              1   1.079930e+01   1.840137e-01   5.885425e-01
        202500   1.629772e+00   1.647098e+01              0              4              0              0   1.086071e+01   2.045719e-01   5.960122e-01
        203000   1.676899e+00   1.006075e+01              0              2              0              0   1.089905e+01   1.919533e-01   5.945257e-01
        203500   1.679947e+00   1.103881e+01              0              4              0              0   1.093669e+01   1.944900e-01   5.988585e-01
        204000   1.702446e+00   7.126437e+00              0              3              0              0   1.084254e+01   2.033010e-01   6.079032e-01
        204500   1.725660e+00   8.105520e+00              0              2              0              0   1.090403e+01   2.175781e-01   5.920238e-01
        205000   1.776100e+00   5.684287e+00              0              2              0              0   1.082509e+01   2.113544e-01   5.932698e-01
        205500   1.775928e+00   6.677817e+00              0              2              0              0   1.092261e+01   2.093939e-01   5.984725e-01
        206000   1.816630e+00   5.005786e+00              0              2              0              0   1.074103e+01   2.132732e-01   5.918589e-01
        206500   1.819424e+00   5.977445e+00              0              1              0              0   1.077515e+01   2.169703e-01   5.982901e-01
        207000   1.857624e+00   4.609715e+00              0              2              0              0   1.066393e+01   2.209101e-01   5.910080e-01
        207500   1.884137e+00   5.596665e+00              0              1              0              0   1.073794e+01   2.111686e-01   5.892702e-01
        208000   1.860941e+00   8.683657e+00              0              1              0              0   1.087772e+01   1.936267e-01   5.994907e-01
        208500   1.817931e+00   9.654870e+00              0              1              0              0   1.076144e+01   2.070859e-01   5.902067e-01
        209000   1.848601e+00   1.062085e+01              0              1              0              0   1.071515e+01   2.164833e-01   5.796914e-01
        209500   1.788623e+00   1.299826e+01              0              2              0              0   1.068653e+01   2.134001e-01   5.945277e-01
        210000   1.811101e+00   1.252134e+01              0              1              0              0   1.077178e+01   2.139863e-01   5.917464e-01
        210500   1.833399e+00   1.351150e+01              0              0              0              0   1.070063e+01   2.236799e-01   5.891399e-01
        211000   1.858726e+00   1.179134e+01              0              1              0              0   1.080500e+01   2.054881e-01   5.966760e-01
        211500   1.863526e+00   1.278816e+01              0              0              0              0   1.082352e+01   2.111347e-01   5.939228e-01
        212000   1.837016e+00   1.632408e+01              0              1              0              0   1.093153e+01   1.922708e-01   6.090243e-01
        212500   1.859559e+00   1.728248e+01              0              2              0              0   1.066152e+01   1.958342e-01   5.871433e-01
        213000   1.850564e+00   1.819772e+01              0              0              0              0   1.055182e+01   1.879413e-01   5.832562e-01
        213500   1.833265e+00   1.917343e+01              0              2              0              0   1.076855e+01   1.986311e-01   5.871414e-01
        214000   1.854207e+00   1.757317e+01              0              0              0              0   1.065698e+01   1.907525e-01   5.860123e-01
        214500   1.851443e+00   1.855832e+01              0              0              0              0   1.072727e+01   1.937647e-01   5.920537e-01
        215000   1.939445e+00   1.444862e+01              0              0              0              0   1.052051e+01   2.089499e-01   5.864273e-01
        215500   1.985783e+00   9.728085e+00              0              0              0              0   1.038318e+01   1.922381e-01   5.914564e-01
        216000   2.056169e+00   3.118725e+00              0              0              0              0   1.063845e+01   1.914545e-01   5.885808e-01
        216500   2.147370e+00   1.346568e+00              0              0              0              0   1.071454e+01   1.998369e-01   5.923264e-01
        217000   2.106362e+00   3.352421e+00              0              0              0              0   1.077251e+01   1.888608e-01   5.989109e-01
        217500   2.128373e+00   4.336828e+00              0              0              0              0   1.072529e+01   1.922048e-01   5.919614e-01
        218000   2.198831e+00   2.734812e+00              0              0              0              0   1.057837e+01   2.039542e-01   5.890069e-01
        218500   2.185674e+00   5.043348e+00              0              0              0              0   1.072476e+01   1.937868e-01   5.851301e-01
        219000   2.181728e+00   6.033420e+00              0              0              0              0   1.056814e+01   1.911626e-01   5.811284e-01
        219500   2.110121e+00   7.865620e+00              0              0              0              0   1.055772e+01   2.017806e-01   5.852771e-01
        220000   2.104235e+00   8.844508e+00              0              0              0              0   1.066992e+01   1.939731e-01   5.846997e-01
        220500   2.136359e+00   9.839403e+00              0              0              0              0   1.076323e+01   1.926700e-01   5.917530e-01
        221000   2.083973e+00   1.111987e+01              0              0              0              0   1.090132e+01   1.908126e-01   5.926620e-01
        221500   2.040232e+00   1.253006e+01              0              0              0              0   1.077973e+01   2.025218e-01   5.864045e-01
        222000   2.049870e+00   1.303541e+01              0              0              0              0   1.068412e+01   1.833432e-01   5.887778e-01
        222500   2.037944e+00   1.446738e+01              0              0              0              0   1.060429e+01   1.909775e-01   5.780234e-01
        223000   2.059522e+00   1.492174e+01              0              0              0              0   1.068853e+01   1.806346e-01   5.868707e-01
        223500   2.062906e+00   1.591543e+01              0              0              0              0   1.066069e+01   1.753753e-01   5.763840e-01
        224000   2.058242e+00   1.728048e+01              0              0              0              0   1.065689e+01   1.776865e-01   5.783395e-01
        224500   2.107779e+00   1.787895e+01              0              0              0              0   1.069686e+01   1.895102e-01   5.794065e-01
        225000   2.089628e+00   1.884860e+01              0              0              0              0   1.068909e+01   1.783057e-01   5.867930e-01
        225500   2.075887e+00   1.982224e+01              0              0              0              0   1.085424e+01   1.828300e-01   5.943940e-01
        226000   2.109230e+00   1.915075e+01              0              0              0              0   1.098275e+01   1.885900e-01   5.968609e-01
        226500   2.095291e+00   2.012109e+01              0              0              0              0   1.085209e+01   1.925829e-01   5.913250e-01
        227000   2.081777e+00   2.269031e+01              0              0              0              0   1.062760e+01   2.087865e-01   5.844995e-01
        227500   2.063397e+00   2.367253e+01              0              0              0              0   1.069738e+01   1.926969e-01   5.881951e-01
        228000   2.080422e+00   2.466309e+01              0              0              0              0   1.048471e+01   2.006273e-01   5.805604e-01
        228500   2.051897e+00   2.565101e+01              0              0              0              0   1.064254e+01   2.063246e-01   5.942013e-01
        229000   1.991780e+00   2.375374e+01              0              0              0              0   1.064856e+01   1.890801e-01   5.884021e-01
        229500   1.956928e+00   2.474060e+01              0              0              0              0   1.079651e+01   2.084458e-01   5.925381e-01
        230000   1.917285e+00   2.498556e+01              0              0              0              0   1.072998e+01   1.899148e-01   5.968851e-01
        230500   1.950045e+00   2.597188e+01              0              0              0              0   1.092931e+01   2.133863e-01   5.987242e-01
        231000   1.974373e+00   2.749047e+01              0              0              0              0   1.093722e+01   1.989952e-01   6.009879e-01
        231500   1.952068e+00   2.846389e+01              0              0              0              0   1.079562e+01   2.073798e-01   5.947537e-01
        232000   1.944642e+00   2.943534e+01              0              0              0              0   1.074968e+01   2.129721e-01   5.964365e-01
        232500   1.946423e+00   3.037139e+01              0              0              0              0   1.085006e+01   2.140444e-01   5.971419e-01
        233000   1.993697e+00   3.135102e+01              0              0              0              0   1.085471e+01   2.221411e-01   5.920078e-01
        233500   1.990271e+00   3.230286e+01              0              0              0              0   1.066124e+01   2.178833e-01   5.842867e-01
        234000   2.030149e+00   3.359259e+01              0              0              0              0   1.078117e+01   2.157990e-01   5.923632e-01
        234500   2.000407e+00   3.416934e+01              0              0              0              0   1.089869e+01   2.254843e-01   5.910211e-01
        235000   1.925200e+00   3.371390e+01              0              0              0              0   1.094049e+01   2.159781e-01   5.954592e-01
        235500   1.872773e+00   3.241657e+01              0              0              0              0   1.080957e+01   2.098646e-01   5.881656e-01
        236000   1.876202e+00   3.340550e+01              0              0              0              0   1.077068e+01   2.129051e-01   5.870197e-01
        236500   1.898970e+00   3.439826e+01              0              0              0              0   1.079139e+01   2.160185e-01   5.906963e-01
        237000   1.847534e+00   3.149659e+01              0              0              0              0   1.077826e+01   2.009099e-01   5.945769e-01
        237500   1.786467e+00   2.713509e+01              0              0              0              0   1.064652e+01   2.043075e-01   5.950503e-01
        238000   1.707356e+00   2.324993e+01              0              3              0              0   1.065671e+01   2.064726e-01   5.864680e-01
        238500   1.695130e+00   2.210662e+01              0              3              0              0   1.074160e+01   2.066187e-01   5.831022e-01
        239000   1.686720e+00   2.309553e+01              0              3              0              0   1.074930e+01   2.101350e-01   5.915007e-01
        239500   1.622333e+00   2.584714e+01              0              3              0              0   1.067741e+01   1.934512e-01   5.882671e-01
        240000   1.629854e+00   2.683425e+01              0              5              0              0   1.078138e+01   2.091377e-01   5.863166e-01
        240500   1.638882e+00   2.782613e+01              0              5              0              0   1.071024e+01   1.979738e-01   5.931467e-01
        241000   1.632246e+00   2.881177e+01              0              5              0              1   1.063572e+01   2.080368e-01   5.916749e-01
        241500   1.660817e+00   2.771328e+01              0              4              0              0   1.076371e+01   2.251703e-01   5.879916e-01
        242000   1.640300e+00   3.075487e+01              0              5              0              0   1.073754e+01   2.131148e-01   5.846611e-01
        242500   1.634497e+00   3.172518e+01              0              4              0              0   1.070080e+01   2.258318e-01   5.843359e-01
        243000   1.667489e+00   3.061928e+01              0              3              0              0   1.080295e+01   2.222966e-01   5.825567e-01
        243500   1.664360e+00   3.161500e+01              0              4              0              0   1.084147e+01   2.018164e-01   5.869707e-01
        244000   1.648917e+00   3.450264e+01              0              4              0              0   1.067912e+01   2.031336e-01   5.855088e-01
        244500   1.657798e+00   3.544839e+01              0              4              0              0   1.071287e+01   2.067277e-01   5.754970e-01
        245000   1.635797e+00   3.450011e+01              0              4              0              0   1.044118e+01   1.966330e-01   5.744844e-01
        245500   1.671039e+00   3.547211e+01              0              5              0              0   1.073020e+01   2.127483e-01   5.847198e-01
        246000   1.663419e+00   3.646684e+01              0              4              0              0   1.079807e+01   2.155273e-01   5.843743e-01
        246500   1.674205e+00   3.745282e+01              0              4              0              0   1.090503e+01   2.305006e-01   5.863876e-01
        247000   1.722383e+00   3.739672e+01              0              4              0              0   1.071579e+01   2.152771e-01   5.789862e-01
        247500   1.721546e+00   3.839070e+01              0              4              0              1   1.077629e+01   2.177983e-01   5.917779e-01
        248000   1.725995e+00   3.937625e+01              0              4              0              1   1.076401e+01   2.185828e-01   5.972223e-01
        248500   1.679755e+00   4.115202e+01              0              4              0              1   1.067045e+01   2.136968e-01   5.954347e-01
        249000   1.640421e+00   4.291637e+01              0              4              0              1   1.083593e+01   2.240016e-01   5.996717e-01
        249500   1.653748e+00   4.309842e+01              0              4              0              1   1.088244e+01   2.183474e-01   5.967205e-01
        250000   1.678942e+00   4.409339e+01              0              4              0              1   1.072632e+01   2.252217e-01   6.018243e-01
        250500   1.683664e+00   4.509079e+01              0              4              0              1   1.074058e+01   2.225835e-01   5.969130e-01
        251000   1.702240e+00   4.460468e+01              0              4              0              1   1.073335e+01   2.232573e-01   5.924119e-01
        251500   1.680322e+00   4.703183e+01              0              4              0              1   1.067915e+01   2.212120e-01   5.846374e-01
        252000   1.663311e+00   4.802580e+01              0              3              0              1   1.087165e+01   2.212810e-01   5.947880e-01
        252500   1.680970e+00   4.901366e+01              0              4              0              1   1.069032e+01   2.081143e-01   5.916983e-01
        253000   1.697240e+00   4.999061e+01              0              4              0              1   1.067877e+01   2.187051e-01   5.885414e-01
        253500   1.743811e+00   4.593429e+01              0              3              0              1   1.082608e+01   2.249031e-01   5.927982e-01
        254000   1.665288e+00   5.183410e+01              0              4              0              1   1.075446e+01   2.363752e-01   5.832867e-01
        254500   1.701904e+00   5.100278e+01              0              4              0              1   1.078141e+01   2.137731e-01   5.986524e-01
        255000   1.650211e+00   5.378744e+01              0              4              0              1   1.083212e+01   2.154063e-01   5.854528e-01
        255500   1.612294e+00   5.233714e+01              0              4              0              1   1.079084e+01   2.094914e-01   5.896644e-01
        256000   1.629895e+00   5.492387e+01              0              4              0              1   1.068035e+01   2.117034e-01   5.765199e-01
        256500   1.621523e+00   5.591907e+01              0              4              0              1   1.068274e+01   2.144652e-01   5.747293e-01
        257000   1.622845e+00   5.691081e+01              0              4              0              1   1.070946e+01   2.064849e-01   5.878402e-01
        257500   1.589915e+00   5.602070e+01              0              4              0              1   1.087014e+01   2.198649e-01   5.924029e-01
        258000   1.649484e+00   5.884135e+01              0              4              0              1   1.063824e+01   2.260849e-01   5.791297e-01
        258500   1.649216e+00   5.982189e+01              0              4              0              1   1.080017e+01   2.285413e-01   5.925756e-01
        259000   1.674736e+00   6.075256e+01              0              4              0              1   1.062238e+01   2.057716e-01   5.944873e-01
        259500   1.660965e+00   6.174654e+01              0              3              0              1   1.069324e+01   2.108341e-01   5.945070e-01
        260000   1.725453e+00   5.849327e+01              0              3              0              0   1.086428e+01   2.210013e-01   5.935177e-01
        260500   1.709268e+00   5.948120e+01              0              2              0              0   1.079677e+01   2.309577e-01   5.882901e-01
        261000   1.718509e+00   6.047113e+01              0              3              0              0   1.077164e+01   2.425313e-01   5.867316e-01
        261500   1.744371e+00   6.141926e+01              0              3              0              0   1.080425e+01   2.433883e-01   5.851903e-01
        262000   1.756843e+00   5.557210e+01              0              2              0              0   1.083490e+01   2.198302e-01   5.755810e-01
        262500   1.767378e+00   5.656054e+01              0              2              0              0   1.088014e+01   2.055112e-01   5.777869e-01
        263000   1.752027e+00   5.754693e+01              0              1              0              0   1.054593e+01   2.161590e-01   5.842757e-01
        263500   1.774424e+00   5.851891e+01              0              5              0              0   1.079233e+01   2.208907e-01   5.765533e-01
        264000   1.710697e+00   6.602594e+01              0              5              0              0   1.057648e+01   1.906001e-01   5.853172e-01
        264500   1.758623e+00   6.031626e+01              0              2              0              0   1.097419e+01   2.216551e-01   5.866244e-01
        265000   1.797674e+00   6.130496e+01              0              1              0              0   1.078822e+01   2.112755e-01   5.816506e-01
        265500   1.819903e+00   5.452897e+01              0              3              0              0   1.082902e+01   2.151140e-01   5.879843e-01
        266000   1.862279e+00   4.869260e+01              0              1              0              0   1.065998e+01   2.238788e-01   5.857625e-01
        266500   1.889176e+00   4.444928e+01              0              0              0              0   1.074881e+01   2.065171e-01   5.916952e-01
        267000   1.856611e+00   5.066393e+01              0              0              0              0   1.075442e+01   2.026251e-01   5.825521e-01
        267500   1.903770e+00   4.631669e+01              0              0              0              0   1.071256e+01   2.113714e-01   5.790756e-01
        268000   1.872779e+00   5.261151e+01              0              1              0              0   1.078124e+01   2.168419e-01   5.796945e-01
        268500   1.925425e+00   4.822897e+01              0              0              0              0   1.058887e+01   2.050669e-01   5.746627e-01
        269000   1.922840e+00   4.922187e+01              0              0              0              0   1.066162e+01   2.154279e-01   5.781412e-01
        269500   1.948819e+00   4.555339e+01              0              0              0              0   1.082378e+01   2.159272e-01   5.809754e-01
        270000   1.971449e+00   4.654699e+01              0              0              0              0   1.087103e+01   2.154440e-01   5.939914e-01
        270500   2.003680e+00   4.283343e+01              0              0              0              0   1.059355e+01   2.222554e-01   5.832369e-01
        271000   2.090220e+00   3.795105e+01              0              0              0              0   1.056509e+01   2.136007e-01   5.820828e-01
        271500   2.116357e+00   3.118935e+01              0              0              0              0   1.062752e+01   2.149060e-01   5.867980e-01
        272000   2.207061e+00   1.420174e+01              0              0              0              0   1.043138e+01   2.211057e-01   5.844331e-01
        272500   2.243392e+00   1.517609e+01              0              0              0              0   1.049155e+01   2.352383e-01   5.714351e-01
        273000   2.295881e+00   9.328384e+00              0              0              0              0   1.076837e+01   2.135193e-01   5.911174e-01
        273500   2.282952e+00   5.789584e+00              0              0              0              0   1.076531e+01   2.269777e-01   5.852639e-01
        274000   2.294053e+00   6.724988e+00              0              0              0              0   1.079719e+01   2.148938e-01   5.959272e-01
        274500   2.344834e+00   4.490020e+00              0              0              0              0   1.065794e+01   2.060361e-01   5.886228e-01
        275000   2.315522e+00   8.684273e+00              0              0              0              0   1.092105e+01   2.191046e-01   5.980635e-01
        275500   2.311381e+00   9.680220e+00              0              0              0              0   1.076534e+01   2.058180e-01   5.851585e-01
        276000   2.338027e+00   1.066564e+01              0              0              0              0   1.061565e+01   2.065202e-01   5.887490e-01
        276500   2.360814e+00   8.151071e+00              0              0              0              0   1.067203e+01   2.226989e-01   5.883654e-01
        277000   2.338528e+00   1.260487e+01              0              0              0              0   1.078993e+01   2.214334e-01   5.912222e-01
        277500   2.346076e+00   1.357507e+01              0              0              0              0   1.085853e+01   2.420571e-01   5.792911e-01
        278000   2.369142e+00   1.105591e+01              0              0              0              0   1.096042e+01   2.292314e-01   5.825445e-01
        278500   2.403790e+00   8.219512e+00              0              0              0              0   1.089328e+01   2.122867e-01   5.937974e-01
        279000   2.393624e+00   1.291518e+01              0              0              0              0   1.075941e+01   2.123697e-01   5.855880e-01
        279500   2.381527e+00   1.388360e+01              0              0              0              0   1.079491e+01   2.294608e-01   5.835133e-01
        280000   2.336022e+00   1.761633e+01              0              0              0              0   1.094017e+01   2.120998e-01   5.907262e-01
        280500   2.313638e+00   1.861034e+01              0              0              0              0   1.082711e+01   1.938375e-01   5.853283e-01
        281000   2.272728e+00   2.161283e+01              0              0              0              0   1.079441e+01   1.988610e-01   5.875854e-01
        281500   2.310167e+00   2.048373e+01              0              0              0              0   1.076595e+01   1.977842e-01   5.878707e-01
        282000   2.396956e+00   1.318920e+01              0              0              0              0   1.090899e+01   2.013940e-01   5.950374e-01
        282500   2.449563e+00   1.416989e+01              0              0              0              0   1.078871e+01   1.900165e-01   5.907769e-01
        283000   2.475098e+00   9.874806e+00              0              0              0              0   1.096438e+01   1.878779e-01   5.966840e-01
        283500   2.540473e+00   6.402482e+00              0              0              0              0   1.078679e+01   1.971860e-01   5.815770e-01
        284000   2.507562e+00   7.390320e+00              0              0              0              0   1.053286e+01   1.998316e-01   5.797842e-01
        284500   2.553024e+00   8.367501e+00              0              0              0              0   1.054246e+01   2.034475e-01   5.836173e-01
        285000   2.598550e+00   3.612397e+00              0              0              0              0   1.057803e+01   2.017652e-01   5.755478e-01
        285500   2.645040e+00   2.760129e+00              0              0              0              0   1.061194e+01   2.029972e-01   5.804547e-01
        286000   2.693120e+00   3.751959e+00              0              0              0              0   1.065011e+01   1.894925e-01   5.846138e-01
        286500   2.665414e+00   4.713602e+00              0              0              0              0   1.095983e+01   1.776552e-01   6.012365e-01
        287000   2.670285e+00   5.706513e+00              0              0              0              0   1.106775e+01   1.692109e-01   6.009010e-01
        287500   2.678629e+00   6.697735e+00              0              0              0              0   1.087136e+01   1.804393e-01   5.980287e-01
        288000   2.678055e+00   7.690823e+00              0              0              0              0   1.109478e+01   1.821657e-01   5.939473e-01
        288500   2.679252e+00   8.675378e+00              0              0              0              0   1.079348e+01   1.766517e-01   5.835826e-01
