          step              r      E_metad_r      n_cont_CA   n_cont_heavy       n_saltbr        n_hbond           SASA           RMSD             Rg 
             0   5.720657e-01   0.000000e+00              0             58              0              4   1.479024e+01   0.000000e+00   7.382249e-01
           500   5.862465e-01   9.951730e-01              0             55              0              2   1.481698e+01   6.004417e-02   7.568389e-01
          1000   5.739799e-01   1.986849e+00              0             52              0              4   1.465270e+01   7.248059e-02   7.466845e-01
          1500   5.957355e-01   2.972751e+00              0             52              0              3   1.467766e+01   1.063834e-01   7.466659e-01
          2000   5.760506e-01   3.963411e+00              0             52              0              2   1.478683e+01   1.065621e-01   7.490464e-01
          2500   5.798030e-01   4.960604e+00              0             52              0              4   1.450430e+01   1.166738e-01   7.521485e-01
          3000   5.838220e-01   5.955028e+00              0             49              0              3   1.486918e+01   1.309747e-01   7.629068e-01
          3500   5.769872e-01   6.946340e+00              0             51              0              3   1.462538e+01   1.145252e-01   7.483772e-01
          4000   5.967506e-01   7.251460e+00              0             50              0              0   1.489006e+01   1.123491e-01   7.587885e-01
          4500   6.056715e-01   8.174897e+00              0             50              0              3   1.489582e+01   1.143996e-01   7.492287e-01
          5000   6.069672e-01   9.876387e+00              0             48              0              3   1.477741e+01   1.059275e-01   7.443172e-01
          5500   6.084133e-01   1.080901e+01              0             51              0              3   1.455404e+01   1.047459e-01   7.409331e-01
          6000   6.062314e-01   1.174064e+01              0             52              0              2   1.458645e+01   8.964812e-02   7.412295e-01
          6500   6.157917e-01   1.207893e+01              0             51              0              4   1.466018e+01   9.924628e-02   7.265021e-01
          7000   6.210198e-01   1.307379e+01              0             50              0              1   1.484153e+01   1.124563e-01   7.247308e-01
          7500   6.495539e-01   1.077227e+01              0             49              0              2   1.457781e+01   1.138248e-01   7.115126e-01
          8000   6.198164e-01   1.504570e+01              0             50              0              4   1.475868e+01   1.133032e-01   7.281087e-01
          8500   6.149593e-01   1.604436e+01              0             51              0              3   1.480721e+01   1.108733e-01   7.310593e-01
          9000   6.224611e-01   1.702367e+01              0             48              0              3   1.479043e+01   1.162195e-01   7.301343e-01
          9500   6.272413e-01   1.802009e+01              0             48              0              4   1.456036e+01   1.130510e-01   7.235212e-01
         10000   6.201966e-01   1.901517e+01              0             49              0              3   1.460077e+01   1.048438e-01   7.239483e-01
         10500   6.256536e-01   2.001000e+01              0             49              0              3   1.456839e+01   1.152944e-01   7.224655e-01
         11000   6.537309e-01   2.097093e+01              0             46              0              3   1.462886e+01   1.134377e-01   7.121858e-01
         11500   6.378151e-01   2.196385e+01              0             49              0              3   1.460680e+01   1.214420e-01   7.255028e-01
         12000   6.233444e-01   2.295956e+01              0             51              0              2   1.482334e+01   1.151572e-01   7.331202e-01
         12500   6.494435e-01   2.394090e+01              0             50              0              2   1.477285e+01   1.033777e-01   7.348636e-01
         13000   6.052463e-01   2.491957e+01              0             53              0              3   1.486793e+01   1.215793e-01   7.241620e-01
         13500   5.928923e-01   2.590237e+01              0             51              0              3   1.489928e+01   1.249526e-01   7.233983e-01
         14000   6.049028e-01   2.688642e+01              0             53              0              2   1.533737e+01   1.382598e-01   7.328259e-01
         14500   6.120070e-01   2.787260e+01              0             52              0              4   1.511957e+01   1.358866e-01   7.255644e-01
         15000   6.209368e-01   2.885327e+01              0             52              0              3   1.491094e+01   1.247232e-01   7.430773e-01
         15500   6.250183e-01   2.983041e+01              0             50              0              3   1.492062e+01   1.257486e-01   7.179263e-01
         16000   6.232904e-01   3.082471e+01              0             48              0              2   1.494445e+01   1.099772e-01   7.350456e-01
         16500   6.010671e-01   3.025012e+01              0             52              0              2   1.507713e+01   1.160917e-01   7.514961e-01
         17000   6.170217e-01   3.279005e+01              0             49              0              2   1.470250e+01   1.208460e-01   7.236059e-01
         17500   5.914663e-01   3.213474e+01              0             51              0              1   1.460638e+01   1.064037e-01   7.275664e-01
         18000   6.008986e-01   3.312351e+01              0             52              0              5   1.450648e+01   1.236076e-01   7.260989e-01
         18500   6.048146e-01   3.565206e+01              0             51              0              3   1.458978e+01   1.243967e-01   7.246254e-01
         19000   5.874035e-01   3.505715e+01              0             53              0              3   1.462628e+01   1.179436e-01   7.309078e-01
         19500   5.776214e-01   3.605328e+01              0             52              0              4   1.474905e+01   1.063557e-01   7.383331e-01
         20000   5.867903e-01   3.704729e+01              0             52              0              3   1.476795e+01   1.263949e-01   7.216400e-01
         20500   5.640782e-01   2.910749e+01              0             50              0              4   1.479472e+01   1.128166e-01   7.311218e-01
         21000   5.811315e-01   3.901682e+01              0             53              0              2   1.444085e+01   1.204331e-01   7.131372e-01
         21500   6.011178e-01   4.000454e+01              0             49              0              3   1.472110e+01   1.379906e-01   7.296508e-01
         22000   6.168860e-01   4.194842e+01              0             49              0              3   1.466449e+01   1.143136e-01   7.246333e-01
         22500   5.880651e-01   4.190375e+01              0             52              0              4   1.464851e+01   1.172914e-01   7.165493e-01
         23000   5.639174e-01   4.289621e+01              0             52              0              5   1.489623e+01   1.311795e-01   7.362826e-01
         23500   5.678425e-01   4.385423e+01              0             49              0              4   1.480504e+01   1.361093e-01   7.367711e-01
         24000   5.768955e-01   4.484128e+01              0             52              0              3   1.470614e+01   1.256839e-01   7.179641e-01
         24500   5.894537e-01   4.583794e+01              0             52              0              3   1.505865e+01   1.474075e-01   7.304430e-01
         25000   5.773482e-01   4.682936e+01              0             45              0              3   1.509943e+01   1.345743e-01   7.450032e-01
         25500   5.848646e-01   4.782592e+01              0             52              0              4   1.492693e+01   1.224499e-01   7.542672e-01
         26000   5.442882e-01   3.868866e+01              0             56              0              4   1.500997e+01   1.464805e-01   7.582053e-01
         26500   5.877391e-01   4.975303e+01              0             51              0              4   1.506844e+01   1.360552e-01   7.572328e-01
         27000   5.738027e-01   5.074249e+01              0             51              0              4   1.512177e+01   1.351016e-01   7.611798e-01
         27500   5.741206e-01   5.173233e+01              0             53              0              5   1.514914e+01   1.449593e-01   7.667043e-01
         28000   5.703093e-01   5.271623e+01              0             52              0              2   1.520349e+01   1.614482e-01   7.722705e-01
         28500   5.873255e-01   5.371010e+01              0             50              0              3   1.530045e+01   1.435322e-01   7.656841e-01
         29000   5.849983e-01   5.470588e+01              0             50              0              4   1.514076e+01   1.598305e-01   7.696719e-01
         29500   5.749779e-01   5.570472e+01              0             51              0              5   1.557024e+01   1.595093e-01   7.826254e-01
         30000   5.793064e-01   5.670197e+01              0             50              0              5   1.546871e+01   1.438571e-01   7.808357e-01
         30500   5.701800e-01   5.767060e+01              0             53              0              5   1.542392e+01   1.575690e-01   7.705707e-01
         31000   5.755798e-01   5.866207e+01              0             53              0              3   1.519518e+01   1.587531e-01   7.735340e-01
         31500   5.934534e-01   5.965830e+01              0             49              0              4   1.522710e+01   1.475135e-01   7.728488e-01
         32000   5.400959e-01   4.949979e+01              0             53              0              3   1.533035e+01   1.528630e-01   7.838353e-01
         32500   5.773878e-01   6.156383e+01              0             52              0              3   1.551324e+01   1.504705e-01   7.810160e-01
         33000   5.748006e-01   6.255850e+01              0             52              0              5   1.544833e+01   1.389115e-01   7.821669e-01
         33500   5.360309e-01   5.225467e+01              0             56              0              4   1.542148e+01   1.387532e-01   7.804347e-01
         34000   5.902394e-01   6.447714e+01              0             52              0              4   1.528087e+01   1.165445e-01   7.670841e-01
         34500   5.740949e-01   6.545164e+01              0             53              0              4   1.540470e+01   1.270080e-01   7.722677e-01
         35000   5.692788e-01   6.644686e+01              0             48              0              3   1.536074e+01   1.565744e-01   7.910471e-01
         35500   5.624284e-01   6.741668e+01              0             48              0              3   1.541493e+01   1.537369e-01   7.917914e-01
         36000   5.535496e-01   5.686915e+01              0             52              0              4   1.548328e+01   1.485177e-01   7.760752e-01
         36500   5.596620e-01   5.777058e+01              0             51              0              4   1.505739e+01   1.590401e-01   7.731959e-01
         37000   5.542921e-01   5.875843e+01              0             53              0              4   1.561389e+01   1.754952e-01   8.011119e-01
         37500   5.538081e-01   5.973808e+01              0             51              0              4   1.545669e+01   1.626699e-01   8.009152e-01
         38000   5.646732e-01   7.214758e+01              0             51              0              4   1.526097e+01   1.382688e-01   7.781292e-01
         38500   5.638831e-01   6.167547e+01              0             54              0              3   1.526072e+01   1.313486e-01   7.681175e-01
         39000   5.714875e-01   7.408937e+01              0             51              0              4   1.504796e+01   1.494392e-01   7.749445e-01
         39500   5.788777e-01   7.508511e+01              0             52              0              3   1.495192e+01   1.466808e-01   7.690664e-01
         40000   5.997642e-01   7.162625e+01              0             48              0              5   1.488982e+01   1.366387e-01   7.420075e-01
         40500   6.351978e-01   5.458588e+01              0             49              0              4   1.540721e+01   1.596743e-01   7.796287e-01
         41000   6.230354e-01   7.358393e+01              0             48              0              4   1.533056e+01   1.432623e-01   7.820558e-01
         41500   5.984325e-01   7.856777e+01              0             47              0              4   1.545679e+01   1.498409e-01   7.848086e-01
         42000   5.717771e-01   7.956263e+01              0             50              0              5   1.532993e+01   1.488027e-01   7.844894e-01
         42500   5.785721e-01   8.055035e+01              0             51              0              4   1.503453e+01   1.309943e-01   7.696551e-01
         43000   5.419803e-01   6.869770e+01              0             52              0              4   1.533980e+01   1.705532e-01   8.060092e-01
         43500   5.613524e-01   8.242692e+01              0             53              0              4   1.532510e+01   1.518579e-01   7.877303e-01
         44000   5.520479e-01   7.060249e+01              0             54              0              5   1.516372e+01   1.383273e-01   7.813217e-01
         44500   5.558895e-01   7.156225e+01              0             53              0              3   1.489047e+01   1.440701e-01   7.583333e-01
         45000   5.641437e-01   8.533476e+01              0             52              0              4   1.526719e+01   1.644173e-01   7.842738e-01
         45500   5.944328e-01   8.632925e+01              0             50              0              3   1.524353e+01   1.477414e-01   7.866956e-01
         46000   5.860645e-01   8.732492e+01              0             55              0              3   1.546051e+01   1.367917e-01   7.740298e-01
         46500   5.678792e-01   8.832228e+01              0             54              0              5   1.515100e+01   1.401631e-01   7.583036e-01
         47000   5.433661e-01   7.607934e+01              0             54              0              5   1.529002e+01   1.502339e-01   7.823687e-01
         47500   5.712484e-01   9.020498e+01              0             45              0              3   1.532520e+01   1.509639e-01   7.769870e-01
         48000   5.710572e-01   9.113481e+01              0             50              0              3   1.528238e+01   1.382236e-01   7.724650e-01
         48500   5.780745e-01   9.213025e+01              0             49              0              4   1.554012e+01   1.669373e-01   7.871319e-01
         49000   5.714484e-01   9.311673e+01              0             50              0              4   1.547269e+01   1.740748e-01   8.052197e-01
         49500   5.240378e-01   8.073088e+01              0             52              0              3   1.544807e+01   1.668776e-01   8.030066e-01
         50000   5.790197e-01   9.500442e+01              0             51              0              4   1.511474e+01   1.364448e-01   7.666768e-01
         50500   5.612054e-01   9.599979e+01              0             51              0              4   1.544409e+01   1.462151e-01   7.846577e-01
         51000   5.607785e-01   9.693228e+01              0             51              0              2   1.491096e+01   1.438130e-01   7.691454e-01
         51500   5.510755e-01   8.451917e+01              0             53              0              4   1.536584e+01   1.501825e-01   7.799950e-01
         52000   5.374677e-01   8.551362e+01              0             52              0              4   1.528052e+01   1.500019e-01   7.822051e-01
         52500   5.425414e-01   8.650854e+01              0             51              0              3   1.528692e+01   1.560984e-01   7.827310e-01
         53000   5.431790e-01   8.750798e+01              0             55              0              4   1.507294e+01   1.475811e-01   7.695173e-01
         53500   5.208627e-01   8.849354e+01              0             53              0              3   1.539095e+01   1.468211e-01   7.805916e-01
         54000   5.483578e-01   8.948532e+01              0             52              0              3   1.505302e+01   1.300666e-01   7.672194e-01
         54500   5.509764e-01   9.048170e+01              0             48              0              4   1.519377e+01   1.387966e-01   7.726995e-01
         55000   5.548678e-01   9.147482e+01              0             47              0              4   1.531190e+01   1.383844e-01   7.768247e-01
         55500   5.477713e-01   9.242171e+01              0             53              0              4   1.532853e+01   1.428276e-01   7.719288e-01
         56000   5.386477e-01   9.342014e+01              0             55              0              4   1.482836e+01   1.507720e-01   7.627571e-01
         56500   5.598496e-01   9.438796e+01              0             52              0              4   1.532459e+01   1.392423e-01   7.778994e-01
         57000   5.502421e-01   9.536739e+01              0             52              0              3   1.540816e+01   1.465780e-01   7.796620e-01
         57500   5.548763e-01   9.636487e+01              0             53              0              3   1.518124e+01   1.486204e-01   7.805016e-01
         58000   5.525332e-01   9.733347e+01              0             52              0              4   1.520447e+01   1.438680e-01   7.699805e-01
         58500   5.562913e-01   9.832736e+01              0             49              0              4   1.492659e+01   1.376872e-01   7.621589e-01
         59000   5.472391e-01   9.932520e+01              0             49              0              2   1.521578e+01   1.214663e-01   7.636199e-01
         59500   5.433055e-01   1.003131e+02              0             50              0              3   1.514377e+01   1.447651e-01   7.879938e-01
         60000   5.193791e-01   1.012955e+02              0             50              0              3   1.542276e+01   1.554334e-01   7.936363e-01
         60500   5.341572e-01   1.022882e+02              0             50              0              3   1.527207e+01   1.672050e-01   7.857011e-01
         61000   5.263363e-01   7.447026e+01              0             48              0              4   1.506219e+01   1.488608e-01   7.726358e-01
         61500   5.200761e-01   7.543896e+01              0             53              0              2   1.514863e+01   1.576559e-01   7.754882e-01
         62000   5.402021e-01   1.051696e+02              0             49              0              4   1.501015e+01   1.666648e-01   7.671824e-01
         62500   5.269147e-01   1.061231e+02              0             51              0              4   1.500515e+01   1.481021e-01   7.678735e-01
         63000   5.277750e-01   1.070774e+02              0             49              0              4   1.512103e+01   1.456046e-01   7.726143e-01
         63500   5.330278e-01   1.080719e+02              0             53              0              4   1.526053e+01   1.408379e-01   7.710707e-01
         64000   5.306686e-01   8.016036e+01              0             53              0              4   1.515086e+01   1.354478e-01   7.611842e-01
         64500   5.347502e-01   1.100510e+02              0             51              0              4   1.510679e+01   1.418897e-01   7.745735e-01
         65000   5.213564e-01   8.202635e+01              0             49              0              4   1.526811e+01   1.421175e-01   7.673384e-01
         65500   5.195192e-01   8.300285e+01              0             54              0              5   1.497490e+01   1.399550e-01   7.548961e-01
         66000   5.135245e-01   8.398701e+01              0             51              0              4   1.515418e+01   1.411619e-01   7.746226e-01
         66500   5.190146e-01   8.495955e+01              0             50              0              3   1.546478e+01   1.514788e-01   7.836426e-01
         67000   5.055358e-01   8.593780e+01              0             51              0              3   1.534983e+01   1.711313e-01   7.821751e-01
         67500   5.364581e-01   1.156667e+02              0             44              0              3   1.514871e+01   1.417403e-01   7.670099e-01
         68000   5.252565e-01   1.166613e+02              0             53              0              4   1.523919e+01   1.452146e-01   7.785294e-01
         68500   5.001561e-01   8.882249e+01              0             53              0              2   1.525911e+01   1.587447e-01   7.816355e-01
         69000   4.991927e-01   8.981120e+01              0             51              0              4   1.507279e+01   1.708827e-01   7.796393e-01
         69500   5.115548e-01   9.079111e+01              0             50              0              2   1.537574e+01   1.658282e-01   7.912602e-01
         70000   5.248147e-01   1.202723e+02              0             52              0              4   1.516879e+01   1.716280e-01   7.867542e-01
         70500   4.979518e-01   9.273549e+01              0             57              0              3   1.518786e+01   1.701323e-01   7.796911e-01
         71000   5.324306e-01   1.221542e+02              0             49              0              4   1.500705e+01   1.615429e-01   7.772023e-01
         71500   4.872339e-01   5.919572e+01              0             54              0              4   1.536814e+01   1.933293e-01   7.988146e-01
         72000   4.920424e-01   9.563885e+01              0             54              0              4   1.517974e+01   1.695126e-01   7.816555e-01
         72500   4.962906e-01   9.662512e+01              0             50              0              3   1.546894e+01   1.799822e-01   7.901344e-01
         73000   5.059428e-01   9.762059e+01              0             46              0              3   1.573797e+01   2.097903e-01   8.100931e-01
         73500   4.959748e-01   9.860750e+01              0             45              0              4   1.561162e+01   2.026427e-01   8.045177e-01
         74000   5.089048e-01   9.959955e+01              0             51              0              3   1.565963e+01   2.010353e-01   8.052051e-01
         74500   5.006583e-01   1.005977e+02              0             53              0              4   1.543261e+01   2.174221e-01   8.015016e-01
         75000   5.104176e-01   1.015855e+02              0             53              0              4   1.545760e+01   2.275489e-01   8.049011e-01
         75500   4.931054e-01   1.025759e+02              0             52              0              4   1.524781e+01   2.106639e-01   7.843285e-01
         76000   5.091904e-01   1.035689e+02              0             54              0              4   1.565134e+01   2.265091e-01   8.074486e-01
         76500   4.880628e-01   1.045651e+02              0             52              0              4   1.567081e+01   2.145640e-01   8.021539e-01
         77000   5.062063e-01   1.055560e+02              0             53              0              3   1.535098e+01   2.096090e-01   7.962054e-01
         77500   5.085685e-01   1.064711e+02              0             53              1              3   1.539585e+01   2.089486e-01   7.919666e-01
         78000   5.158021e-01   1.074625e+02              0             55              0              3   1.538179e+01   2.145318e-01   7.888964e-01
         78500   5.024675e-01   1.084323e+02              0             53              0              1   1.568108e+01   2.345657e-01   8.057915e-01
         79000   5.039028e-01   1.094265e+02              0             51              0              2   1.561125e+01   2.224714e-01   7.970876e-01
         79500   5.221728e-01   1.370020e+02              0             49              0              2   1.565213e+01   2.318880e-01   7.972873e-01
         80000   5.123737e-01   1.112808e+02              0             48              0              3   1.543819e+01   2.201828e-01   7.845362e-01
         80500   5.149783e-01   1.122786e+02              0             52              0              3   1.538661e+01   2.074167e-01   7.906694e-01
         81000   5.100497e-01   1.132746e+02              0             50              0              3   1.525514e+01   2.192354e-01   7.833764e-01
         81500   5.050122e-01   1.142710e+02              0             50              0              3   1.542748e+01   2.010749e-01   7.859222e-01
         82000   5.006735e-01   1.152640e+02              0             49              0              4   1.555045e+01   1.918315e-01   7.900131e-01
         82500   4.770248e-01   1.162474e+02              0             51              0              4   1.547759e+01   1.944649e-01   7.890540e-01
         83000   4.787050e-01   1.172357e+02              0             54              0              3   1.524563e+01   2.165656e-01   7.885247e-01
         83500   5.036001e-01   1.182227e+02              0             49              0              4   1.540686e+01   2.239656e-01   7.937253e-01
         84000   4.798727e-01   1.191760e+02              0             52              0              4   1.551574e+01   2.259307e-01   7.985939e-01
         84500   4.725039e-01   1.201368e+02              0             53              0              4   1.548008e+01   2.169106e-01   7.938297e-01
         85000   4.797975e-01   1.210756e+02              0             54              0              3   1.530606e+01   2.277911e-01   7.989442e-01
         85500   4.751476e-01   8.384114e+01              0             53              0              4   1.508727e+01   2.132516e-01   7.919565e-01
         86000   4.690502e-01   8.482885e+01              0             57              0              4   1.527496e+01   2.170646e-01   7.882598e-01
         86500   4.525103e-01   8.581990e+01              0             60              0              4   1.537986e+01   2.303742e-01   8.165287e-01
         87000   4.714754e-01   8.681351e+01              0             57              0              3   1.538218e+01   2.067282e-01   7.927688e-01
         87500   4.766903e-01   8.780371e+01              0             56              0              4   1.525985e+01   2.150037e-01   7.850023e-01
         88000   4.753519e-01   1.266258e+02              0             54              0              3   1.538772e+01   2.044030e-01   7.899910e-01
         88500   5.005802e-01   1.276026e+02              0             53              0              4   1.507932e+01   2.032426e-01   7.755280e-01
         89000   4.763149e-01   1.285952e+02              0             53              0              4   1.546600e+01   2.077462e-01   7.960881e-01
         89500   4.854162e-01   1.295684e+02              0             54              0              2   1.487875e+01   1.885165e-01   7.830634e-01
         90000   4.812172e-01   9.244674e+01              0             52              0              3   1.549389e+01   2.090074e-01   8.029716e-01
         90500   4.667583e-01   9.343899e+01              0             57              0              4   1.574074e+01   2.211910e-01   8.139891e-01
         91000   4.757360e-01   1.324182e+02              0             54              0              4   1.585520e+01   2.153734e-01   8.202188e-01
         91500   4.892512e-01   1.333968e+02              0             57              0              3   1.535579e+01   2.001305e-01   7.942020e-01
         92000   5.009984e-01   1.343936e+02              0             52              0              4   1.506780e+01   2.068558e-01   7.876865e-01
         92500   4.979342e-01   1.353900e+02              0             54              0              4   1.520459e+01   2.038638e-01   7.973867e-01
         93000   4.800040e-01   9.801726e+01              0             52              0              4   1.535624e+01   2.152631e-01   7.822756e-01
         93500   4.995424e-01   1.373742e+02              0             51              0              4   1.540644e+01   2.106700e-01   7.902097e-01
         94000   4.977038e-01   1.383467e+02              0             56              0              4   1.511226e+01   1.948875e-01   7.760181e-01
         94500   5.013612e-01   1.393432e+02              0             54              0              3   1.541063e+01   2.074391e-01   7.949742e-01
         95000   5.004345e-01   1.403343e+02              0             54              0              3   1.526307e+01   1.964680e-01   7.866878e-01
         95500   4.929945e-01   1.413262e+02              0             52              0              4   1.519157e+01   2.092836e-01   7.934000e-01
         96000   5.018155e-01   1.423199e+02              0             51              0              4   1.550848e+01   2.182388e-01   7.987997e-01
         96500   4.878747e-01   1.042465e+02              0             54              0              3   1.553010e+01   2.102175e-01   8.000039e-01
         97000   5.108562e-01   1.442963e+02              0             54              0              2   1.494088e+01   1.922661e-01   7.675158e-01
         97500   5.126404e-01   1.452418e+02              0             51              0              4   1.490085e+01   1.923758e-01   7.574390e-01
         98000   5.425692e-01   1.672079e+02              0             54              0              4   1.541955e+01   1.760973e-01   7.745075e-01
         98500   5.610545e-01   1.608287e+02              0             51              0              3   1.537582e+01   1.644187e-01   7.602427e-01
         99000   5.577352e-01   1.618272e+02              0             54              0              4   1.506633e+01   1.728196e-01   7.479435e-01
         99500   5.700990e-01   1.627962e+02              0             51              0              4   1.520527e+01   1.702833e-01   7.562227e-01
        100000   5.521129e-01   1.637871e+02              0             51              0              3   1.522452e+01   1.673264e-01   7.424940e-01
        100500   5.700798e-01   1.647790e+02              0             47              0              4   1.533633e+01   1.667108e-01   7.733884e-01
        101000   5.861704e-01   1.328671e+02              0             50              0              4   1.509072e+01   1.703674e-01   7.460564e-01
        101500   6.109399e-01   1.338529e+02              0             49              0              3   1.515148e+01   1.787795e-01   7.631237e-01
        102000   6.115791e-01   1.348456e+02              0             48              0              3   1.485724e+01   1.796517e-01   7.490096e-01
        102500   6.411299e-01   9.098460e+01              0             45              0              2   1.515853e+01   1.895954e-01   7.498965e-01
        103000   6.499722e-01   9.198164e+01              0             46              0              4   1.518191e+01   1.994442e-01   7.666471e-01
        103500   6.386179e-01   9.297351e+01              0             46              0              3   1.525985e+01   1.842193e-01   7.670439e-01
        104000   6.818959e-01   9.395964e+01              0             39              0              2   1.521242e+01   1.983988e-01   7.711696e-01
        104500   7.111395e-01   5.395200e+01              0             43              0              3   1.549285e+01   2.094401e-01   7.680471e-01
        105000   7.461994e-01   2.651859e+01              0             37              0              2   1.525590e+01   1.928871e-01   7.434889e-01
        105500   7.271245e-01   5.587489e+01              0             35              0              2   1.486361e+01   1.969808e-01   7.420569e-01
        106000   7.154893e-01   5.685521e+01              0             41              0              2   1.498951e+01   1.910279e-01   7.432129e-01
        106500   7.111420e-01   5.783736e+01              0             42              0              2   1.480461e+01   1.908067e-01   7.324501e-01
        107000   7.645361e-01   3.034580e+01              0             39              0              2   1.492491e+01   1.704842e-01   7.382342e-01
        107500   7.633542e-01   3.132491e+01              0             36              0              2   1.481157e+01   1.966817e-01   7.258034e-01
        108000   8.084531e-01   1.569583e+01              0             35              0              2   1.462968e+01   1.883618e-01   7.271937e-01
        108500   8.081528e-01   1.669241e+01              0             37              0              2   1.483621e+01   1.793877e-01   7.272970e-01
        109000   8.096692e-01   1.767872e+01              0             36              0              2   1.507189e+01   1.818479e-01   7.430091e-01
        109500   7.908593e-01   1.861379e+01              0             37              0              2   1.480164e+01   1.658216e-01   7.308601e-01
        110000   8.135466e-01   1.960155e+01              0             38              0              2   1.521325e+01   1.824227e-01   7.432545e-01
        110500   7.974950e-01   2.059152e+01              0             39              0              2   1.523304e+01   1.870757e-01   7.424790e-01
        111000   8.287809e-01   1.193831e+01              0             37              0              2   1.502296e+01   1.820449e-01   7.263145e-01
        111500   8.377820e-01   1.288489e+01              0             37              0              2   1.497707e+01   1.753317e-01   7.311013e-01
        112000   8.355206e-01   2.353037e+01              0             41              0              2   1.533555e+01   1.738423e-01   7.460077e-01
        112500   8.564553e-01   1.481920e+01              0             38              0              2   1.528226e+01   1.725971e-01   7.411029e-01
        113000   8.383964e-01   2.537824e+01              0             41              0              2   1.540290e+01   1.690779e-01   7.496393e-01
        113500   8.491113e-01   1.677300e+01              0             40              0              2   1.540145e+01   1.790790e-01   7.422032e-01
        114000   8.348463e-01   2.728091e+01              0             42              0              2   1.532940e+01   1.727469e-01   7.423344e-01
        114500   8.245330e-01   2.827816e+01              0             40              0              2   1.539782e+01   2.001890e-01   7.305322e-01
        115000   7.882062e-01   4.396889e+01              0             43              0              2   1.486368e+01   1.905852e-01   7.236910e-01
        115500   8.429671e-01   2.038133e+01              0             39              0              2   1.508083e+01   2.211391e-01   7.273161e-01
        116000   8.371004e-01   3.121512e+01              0             45              0              2   1.543936e+01   2.299443e-01   7.327103e-01
        116500   8.425274e-01   2.232263e+01              0             44              0              2   1.539330e+01   2.154579e-01   7.386304e-01
        117000   7.883415e-01   3.316254e+01              0             41              0              1   1.517958e+01   2.017123e-01   7.296232e-01
        117500   8.088477e-01   3.412495e+01              0             45              0              2   1.540981e+01   2.023642e-01   7.376312e-01
        118000   7.936271e-01   3.509631e+01              0             41              0              3   1.541886e+01   2.146291e-01   7.390434e-01
        118500   8.095129e-01   3.609346e+01              0             44              0              2   1.528701e+01   2.191111e-01   7.226351e-01
        119000   8.136533e-01   3.707222e+01              0             45              0              2   1.520385e+01   2.178922e-01   7.161604e-01
        119500   8.066212e-01   3.806843e+01              0             42              0              2   1.518602e+01   2.169430e-01   7.172793e-01
        120000   8.308569e-01   3.905658e+01              0             33              0              2   1.491843e+01   2.005533e-01   7.396368e-01
        120500   8.216545e-01   4.004666e+01              0             35              0              2   1.544560e+01   2.144536e-01   7.461697e-01
        121000   7.820846e-01   5.434909e+01              0             37              0              2   1.538490e+01   2.023252e-01   7.473326e-01
        121500   8.185533e-01   4.199753e+01              0             41              0              2   1.568863e+01   2.088611e-01   7.404186e-01
        122000   8.118867e-01   4.299660e+01              0             36              0              3   1.523100e+01   2.068087e-01   7.426100e-01
        122500   8.171379e-01   4.397633e+01              0             41              0              0   1.515906e+01   2.233559e-01   7.414103e-01
        123000   7.863464e-01   5.801258e+01              0             43              0              1   1.465812e+01   2.084922e-01   7.280170e-01
        123500   7.941120e-01   5.899062e+01              0             35              0              1   1.575756e+01   2.102046e-01   7.573375e-01
        124000   8.327974e-01   3.487227e+01              0             35              0              1   1.586418e+01   2.023697e-01   7.651000e-01
        124500   8.353827e-01   4.787537e+01              0             34              0              1   1.533041e+01   2.045567e-01   7.576303e-01
        125000   8.413902e-01   4.881100e+01              0             32              0              1   1.583330e+01   2.121039e-01   7.653593e-01
        125500   8.953519e-01   2.484160e+01              0             33              0              1   1.596297e+01   2.149011e-01   7.614780e-01
        126000   8.997591e-01   2.581970e+01              0             33              0              1   1.548085e+01   1.994910e-01   7.535869e-01
        126500   8.828387e-01   3.965402e+01              0             34              0              1   1.551396e+01   2.168707e-01   7.628750e-01
        127000   8.822990e-01   4.064406e+01              0             39              0              1   1.561280e+01   2.165350e-01   7.566429e-01
        127500   9.023440e-01   2.871930e+01              0             38              0              1   1.551302e+01   2.235756e-01   7.642309e-01
        128000   8.676214e-01   4.256486e+01              0             34              0              1   1.546572e+01   2.195534e-01   7.697912e-01
        128500   8.460174e-01   4.355116e+01              0             31              0              1   1.532380e+01   1.987039e-01   7.623962e-01
        129000   8.349255e-01   5.532225e+01              0             39              0              1   1.561333e+01   2.174785e-01   7.925364e-01
        129500   8.133520e-01   5.630027e+01              0             37              0              1   1.540880e+01   2.154692e-01   7.733566e-01
        130000   8.150310e-01   5.729623e+01              0             41              0              1   1.553344e+01   2.101418e-01   7.798648e-01
        130500   7.914676e-01   5.828288e+01              0             35              0              1   1.555479e+01   2.118960e-01   7.705542e-01
        131000   7.994709e-01   5.919536e+01              0             41              0              1   1.516210e+01   2.078583e-01   7.479649e-01
        131500   7.762298e-01   7.027940e+01              0             44              0              1   1.537680e+01   2.183984e-01   7.650723e-01
        132000   8.340472e-01   4.935306e+01              0             34              0              1   1.530519e+01   2.161199e-01   7.690994e-01
        132500   8.553966e-01   5.032247e+01              0             41              0              1   1.519709e+01   2.171152e-01   7.654828e-01
        133000   8.449561e-01   5.131039e+01              0             42              0              1   1.508981e+01   2.216682e-01   7.538683e-01
        133500   8.758372e-01   5.230001e+01              0             43              0              1   1.514048e+01   2.271351e-01   7.594013e-01
        134000   8.404794e-01   5.328414e+01              0             42              0              1   1.496887e+01   2.227221e-01   7.466945e-01
        134500   7.918119e-01   6.574989e+01              0             42              0              1   1.512860e+01   2.067098e-01   7.459498e-01
        135000   8.275317e-01   6.673471e+01              0             38              0              1   1.472943e+01   2.174126e-01   7.447641e-01
        135500   8.265670e-01   5.594785e+01              0             40              0              1   1.529319e+01   2.144078e-01   7.622139e-01
        136000   8.006665e-01   6.870625e+01              0             37              0              1   1.515994e+01   2.141957e-01   7.618733e-01
        136500   8.238653e-01   6.969025e+01              0             36              0              1   1.529335e+01   2.135520e-01   7.672837e-01
        137000   8.286336e-01   7.068260e+01              0             39              0              1   1.517476e+01   2.055535e-01   7.694324e-01
        137500   7.819059e-01   7.993646e+01              0             42              0              1   1.546941e+01   2.199893e-01   7.866003e-01
        138000   8.064069e-01   7.263732e+01              0             43              0              2   1.553095e+01   2.198465e-01   7.886380e-01
        138500   8.095982e-01   7.361783e+01              0             47              0              2   1.556474e+01   2.320828e-01   7.804709e-01
        139000   8.382093e-01   7.458255e+01              0             40              0              1   1.580042e+01   2.421879e-01   7.925037e-01
        139500   8.440791e-01   6.285243e+01              0             44              0              1   1.576783e+01   2.349133e-01   7.895315e-01
        140000   8.356262e-01   6.377529e+01              0             37              0              1   1.574392e+01   2.329304e-01   7.870979e-01
        140500   8.056386e-01   7.753343e+01              0             38              0              1   1.591911e+01   2.395319e-01   7.937022e-01
        141000   8.273594e-01   7.851234e+01              0             37              0              1   1.600628e+01   2.362317e-01   7.876785e-01
        141500   8.170026e-01   7.948950e+01              0             39              0              1   1.571431e+01   2.283789e-01   7.667376e-01
        142000   8.316350e-01   8.045425e+01              0             34              0              1   1.517293e+01   2.169610e-01   7.486315e-01
        142500   8.088362e-01   8.144981e+01              0             40              0              1   1.558214e+01   2.238088e-01   7.581797e-01
        143000   7.816196e-01   8.948295e+01              0             38              0              1   1.545726e+01   2.292972e-01   7.657797e-01
        143500   8.040798e-01   8.338431e+01              0             42              0              1   1.578422e+01   2.346094e-01   7.780508e-01
        144000   8.404610e-01   7.061285e+01              0             40              0              1   1.533715e+01   2.232565e-01   7.596425e-01
        144500   8.482357e-01   7.159192e+01              0             37              0              1   1.566250e+01   2.528527e-01   7.704280e-01
        145000   7.817761e-01   9.283961e+01              0             41              0              1   1.589003e+01   2.652073e-01   7.770101e-01
        145500   8.262810e-01   8.722100e+01              0             38              0              1   1.551336e+01   2.580206e-01   7.657662e-01
        146000   8.331657e-01   8.816457e+01              0             36              0              1   1.584841e+01   2.451059e-01   7.795349e-01
        146500   8.310191e-01   7.513904e+01              0             39              0              1   1.568502e+01   2.626244e-01   7.689578e-01
        147000   8.302556e-01   9.009086e+01              0             40              0              1   1.577319e+01   2.612222e-01   7.658936e-01
        147500   8.857201e-01   5.478818e+01              0             36              0              1   1.614420e+01   2.762264e-01   7.883125e-01
        148000   9.064049e-01   5.574172e+01              0             41              0              1   1.617028e+01   2.813797e-01   7.837460e-01
        148500   9.306859e-01   5.671849e+01              0             39              0              1   1.623881e+01   2.950450e-01   7.989475e-01
        149000   9.362150e-01   3.442673e+01              1             41              0              1   1.569510e+01   3.041666e-01   7.659155e-01
        149500   9.436526e-01   3.541662e+01              1             41              0              1   1.592698e+01   2.956801e-01   7.650802e-01
        150000   9.482923e-01   5.951336e+01              0             37              0              1   1.553232e+01   2.871426e-01   7.585500e-01
        150500   9.244331e-01   6.048473e+01              0             41              0              1   1.530994e+01   2.746537e-01   7.393666e-01
        151000   9.694557e-01   3.832368e+01              0             37              0              0   1.568020e+01   2.797578e-01   7.523002e-01
        151500   9.964502e-01   2.101805e+01              0             28              0              0   1.572625e+01   2.874773e-01   7.553035e-01
        152000   9.777353e-01   2.198618e+01              0             35              0              1   1.545860e+01   2.960940e-01   7.376055e-01
        152500   9.762888e-01   4.124009e+01              0             38              0              2   1.557958e+01   3.090133e-01   7.455036e-01
        153000   9.097910e-01   6.452795e+01              0             44              0              2   1.547582e+01   2.989528e-01   7.511848e-01
        153500   9.357951e-01   4.311734e+01              0             46              0              2   1.515846e+01   2.983315e-01   7.372629e-01
        154000   9.791651e-01   4.410538e+01              1             45              0              2   1.553687e+01   3.030602e-01   7.520304e-01
        154500   9.583788e-01   4.509751e+01              0             41              0              2   1.504855e+01   2.848662e-01   7.413372e-01
        155000   9.837726e-01   2.720882e+01              0             41              0              1   1.478653e+01   3.008575e-01   7.258461e-01
        155500   9.964775e-01   2.817865e+01              0             41              0              1   1.491092e+01   3.073086e-01   7.351873e-01
        156000   9.821120e-01   2.914303e+01              1             50              0              2   1.497453e+01   3.120432e-01   7.262343e-01
        156500   1.002309e+00   3.011488e+01              1             47              0              1   1.493760e+01   2.962460e-01   7.305654e-01
        157000   9.670981e-01   4.987626e+01              0             45              0              2   1.470445e+01   2.937303e-01   7.260353e-01
        157500   9.661212e-01   5.086861e+01              1             46              0              2   1.495678e+01   2.948903e-01   7.327447e-01
        158000   9.816082e-01   5.185877e+01              0             48              0              2   1.504069e+01   2.910824e-01   7.368065e-01
        158500   9.803870e-01   5.284899e+01              0             48              0              2   1.529245e+01   3.012112e-01   7.304880e-01
        159000   1.015856e+00   3.481711e+01              0             46              0              1   1.533058e+01   2.999597e-01   7.462189e-01
        159500   9.998245e-01   3.580568e+01              0             47              0              2   1.522916e+01   3.240507e-01   7.385389e-01
        160000   9.679316e-01   5.564938e+01              0             51              0              2   1.502726e+01   3.201361e-01   7.356653e-01
        160500   9.269311e-01   7.640422e+01              0             50              0              2   1.479587e+01   3.416721e-01   7.277185e-01
        161000   9.809476e-01   3.847287e+01              0             43              1              2   1.468701e+01   3.405376e-01   7.216280e-01
        161500   9.843865e-01   5.856722e+01              0             45              1              2   1.463275e+01   3.175390e-01   7.342578e-01
        162000   9.623786e-01   5.955670e+01              0             43              0              2   1.487601e+01   3.115729e-01   7.316326e-01
        162500   9.940859e-01   4.134043e+01              0             46              0              2   1.480393e+01   3.236768e-01   7.293336e-01
        163000   1.017176e+00   4.232678e+01              0             40              0              1   1.489465e+01   3.224325e-01   7.372152e-01
        163500   1.048423e+00   2.670542e+01              2             40              0              1   1.505742e+01   3.103201e-01   7.478030e-01
        164000   1.023761e+00   4.428504e+01              0             35              0              1   1.499060e+01   3.181539e-01   7.600325e-01
        164500   1.043665e+00   4.521573e+01              0             41              0              1   1.500920e+01   3.212039e-01   7.600446e-01
        165000   1.042438e+00   4.618050e+01              0             35              0              1   1.529690e+01   3.328338e-01   7.845058e-01
        165500   1.050013e+00   3.053880e+01              0             36              0              1   1.511741e+01   3.382660e-01   7.957986e-01
        166000   1.062445e+00   3.153675e+01              0             32              0              1   1.542605e+01   3.416485e-01   8.067074e-01
        166500   1.070231e+00   3.253460e+01              0             34              0              1   1.519012e+01   3.469002e-01   7.862305e-01
        167000   1.070117e+00   3.353126e+01              0             33              0              1   1.513427e+01   3.319460e-01   7.853850e-01
        167500   1.040753e+00   3.452494e+01              0             33              0              1   1.558364e+01   3.637817e-01   8.165317e-01
        168000   1.028153e+00   5.166833e+01              0             35              0              1   1.546359e+01   3.656534e-01   8.095917e-01
        168500   1.061645e+00   3.646328e+01              0             29              0              1   1.577692e+01   3.470897e-01   8.305354e-01
        169000   1.089740e+00   3.745331e+01              0             33              0              1   1.529122e+01   3.497268e-01   8.162590e-01
        169500   1.092928e+00   2.406474e+01              0             33              0              1   1.541791e+01   3.408394e-01   8.233005e-01
        170000   1.059128e+00   3.939868e+01              0             32              0              1   1.556957e+01   3.483099e-01   8.391021e-01
        170500   1.099934e+00   2.592800e+01              0             30              0              1   1.508142e+01   3.379299e-01   8.320234e-01
        171000   1.117458e+00   2.691148e+01              0             32              0              1   1.524303e+01   3.477484e-01   8.397171e-01
        171500   1.126688e+00   2.789712e+01              0             30              0              1   1.539558e+01   3.571633e-01   8.385166e-01
        172000   1.130035e+00   2.886428e+01              0             24              0              1   1.510400e+01   3.581097e-01   8.251546e-01
        172500   1.121716e+00   2.985787e+01              0             30              0              1   1.519671e+01   3.744400e-01   8.426119e-01
        173000   1.132879e+00   3.082289e+01              0             27              0              1   1.543816e+01   3.549559e-01   8.346770e-01
        173500   1.129370e+00   3.180663e+01              0             29              0              1   1.514706e+01   3.586427e-01   8.142402e-01
        174000   1.150535e+00   2.074346e+01              0             24              0              1   1.514520e+01   3.767544e-01   8.172031e-01
        174500   1.188786e+00   1.228732e+01              0             29              0              1   1.515683e+01   3.617018e-01   8.078317e-01
        175000   1.205350e+00   1.326970e+01              0             31              0              1   1.562144e+01   3.893062e-01   8.425447e-01
        175500   1.210534e+00   1.425570e+01              0             27              0              1   1.578332e+01   3.981528e-01   8.551753e-01
        176000   1.233512e+00   1.524582e+01              0             23              0              0   1.581151e+01   4.111423e-01   8.404878e-01
        176500   1.219516e+00   1.623857e+01              0             28              0              1   1.537824e+01   3.854510e-01   8.228619e-01
        177000   1.219076e+00   1.723595e+01              0             23              0              1   1.545136e+01   3.838837e-01   8.194137e-01
        177500   1.196474e+00   1.821624e+01              0             19              0              1   1.538360e+01   3.740911e-01   8.265137e-01
        178000   1.229933e+00   1.920705e+01              0             27              0              1   1.522655e+01   3.712604e-01   8.246311e-01
        178500   1.277752e+00   1.291168e+01              0             21              0              1   1.533597e+01   3.471960e-01   8.471337e-01
        179000   1.262164e+00   1.390965e+01              0             22              0              1   1.518229e+01   3.482130e-01   8.316788e-01
        179500   1.265729e+00   1.489993e+01              0             19              0              1   1.530098e+01   3.582189e-01   8.345803e-01
        180000   1.303863e+00   9.879556e+00              0             23              0              1   1.541623e+01   3.819979e-01   8.368306e-01
        180500   1.316695e+00   1.087655e+01              0             21              0              1   1.499504e+01   3.628777e-01   8.354851e-01
        181000   1.312480e+00   1.187432e+01              0             24              0              1   1.521397e+01   3.880659e-01   8.401128e-01
        181500   1.293508e+00   1.862597e+01              0             22              0              1   1.530662e+01   3.916141e-01   8.417158e-01
        182000   1.298230e+00   1.378413e+01              0             21              0              1   1.490235e+01   3.836250e-01   8.232700e-01
        182500   1.316663e+00   1.476829e+01              0             23              0              1   1.512335e+01   4.073706e-01   8.268034e-01
        183000   1.303038e+00   1.576053e+01              0             23              0              1   1.501852e+01   4.050990e-01   8.444673e-01
        183500   1.347812e+00   1.673941e+01              0             22              0              1   1.520214e+01   3.967288e-01   8.570115e-01
        184000   1.362956e+00   1.202687e+01              0             22              0              1   1.495132e+01   4.060726e-01   8.557595e-01
        184500   1.343342e+00   1.296310e+01              0             22              0              1   1.510261e+01   3.901291e-01   8.345601e-01
        185000   1.328169e+00   1.965291e+01              0             19              0              1   1.493558e+01   4.023850e-01   8.402168e-01
        185500   1.379340e+00   1.486099e+01              0             22              0              1   1.514223e+01   3.982836e-01   8.362735e-01
        186000   1.383185e+00   1.584451e+01              0             23              0              1   1.539802e+01   3.815220e-01   8.605671e-01
        186500   1.363888e+00   1.683255e+01              0             21              0              1   1.497667e+01   3.756895e-01   8.491786e-01
        187000   1.367237e+00   1.780509e+01              0             23              0              1   1.533301e+01   3.952019e-01   8.456204e-01
        187500   1.372639e+00   1.879988e+01              0             19              0              1   1.521396e+01   4.040033e-01   8.504745e-01
        188000   1.439465e+00   1.353251e+01              0             17              0              1   1.516886e+01   3.942508e-01   8.396580e-01
        188500   1.467926e+00   8.758135e+00              0             22              0              1   1.506729e+01   3.735028e-01   8.333423e-01
        189000   1.449711e+00   9.748855e+00              0             24              0              1   1.508974e+01   3.894300e-01   8.366052e-01
        189500   1.432328e+00   1.640693e+01              0             24              0              1   1.549201e+01   3.895750e-01   8.462003e-01
        190000   1.403235e+00   1.739485e+01              0             25              0              1   1.503425e+01   4.062460e-01   8.388876e-01
        190500   1.439724e+00   1.838602e+01              0             23              0              1   1.519956e+01   3.925139e-01   8.526685e-01
        191000   1.451274e+00   1.342249e+01              0             24              0              1   1.513879e+01   3.889989e-01   8.555339e-01
        191500   1.431323e+00   2.030270e+01              0             22              0              1   1.529388e+01   3.992581e-01   8.559889e-01
        192000   1.419857e+00   2.130106e+01              0             24              0              1   1.537837e+01   3.873907e-01   8.496573e-01
        192500   1.458409e+00   1.622124e+01              0             18              0              1   1.534571e+01   3.807654e-01   8.547379e-01
        193000   1.409772e+00   2.323418e+01              0             24              0              1   1.539784e+01   3.697470e-01   8.554273e-01
        193500   1.410349e+00   2.421146e+01              0             15              0              1   1.544967e+01   3.810326e-01   8.542349e-01
        194000   1.420224e+00   2.520189e+01              0             19              0              1   1.536605e+01   3.885382e-01   8.613960e-01
        194500   1.395423e+00   3.043047e+01              0             17              0              1   1.537872e+01   3.892794e-01   8.519663e-01
        195000   1.403272e+00   2.716878e+01              0             21              0              1   1.549199e+01   3.818615e-01   8.540823e-01
        195500   1.389432e+00   3.230926e+01              0             20              0              1   1.556003e+01   3.852304e-01   8.678925e-01
        196000   1.365956e+00   3.329104e+01              0             20              0              1   1.534676e+01   3.850570e-01   8.735083e-01
        196500   1.387625e+00   3.427650e+01              0             20              0              1   1.524762e+01   3.820799e-01   8.464117e-01
        197000   1.389935e+00   3.526137e+01              0             19              0              1   1.543330e+01   3.813069e-01   8.572893e-01
        197500   1.440318e+00   2.390233e+01              0             20              0              2   1.534506e+01   3.835002e-01   8.544755e-01
        198000   1.447949e+00   2.489045e+01              0             16              0              1   1.548471e+01   3.760814e-01   8.408807e-01
        198500   1.490212e+00   2.586703e+01              0             19              0              1   1.554254e+01   3.665841e-01   8.476731e-01
        199000   1.505987e+00   1.762681e+01              0             22              0              1   1.549471e+01   3.952937e-01   8.638419e-01
        199500   1.523512e+00   1.861708e+01              0             24              0              0   1.561645e+01   3.932433e-01   8.573695e-01
        200000   1.532560e+00   1.960749e+01              0             26              0              1   1.577240e+01   4.071060e-01   8.627022e-01
        200500   1.557570e+00   1.233217e+01              0             24              0              1   1.535509e+01   4.000212e-01   8.554396e-01
        201000   1.600035e+00   7.207877e+00              0             20              0              1   1.551781e+01   4.039541e-01   8.647865e-01
        201500   1.621896e+00   8.197627e+00              0             20              0              1   1.575182e+01   3.903791e-01   8.475844e-01
        202000   1.619324e+00   9.184884e+00              0             18              0              1   1.568946e+01   3.993367e-01   8.565693e-01
        202500   1.649778e+00   1.016988e+01              0             20              0              1   1.562895e+01   3.890551e-01   8.329579e-01
        203000   1.653876e+00   7.018937e+00              0             22              0              1   1.573514e+01   3.840772e-01   8.239276e-01
        203500   1.646607e+00   1.204320e+01              0             17              0              0   1.546084e+01   3.865441e-01   8.350516e-01
        204000   1.680310e+00   8.987046e+00              0             13              0              0   1.573872e+01   3.999481e-01   8.358189e-01
        204500   1.658422e+00   9.974170e+00              0             15              0              0   1.567463e+01   4.191804e-01   8.419812e-01
        205000   1.680095e+00   1.096505e+01              0             14              0              0   1.572205e+01   4.276464e-01   8.504096e-01
        205500   1.666465e+00   1.196132e+01              0             15              0              0   1.578303e+01   4.076300e-01   8.384736e-01
        206000   1.662908e+00   1.295421e+01              0             19              0              1   1.589004e+01   3.970065e-01   8.389337e-01
        206500   1.675515e+00   1.394766e+01              0             17              0              1   1.593013e+01   4.072700e-01   8.482097e-01
        207000   1.659714e+00   1.493158e+01              0             18              0              0   1.559948e+01   3.814611e-01   8.243944e-01
        207500   1.668795e+00   1.592507e+01              0             19              0              1   1.572670e+01   3.816142e-01   8.309358e-01
        208000   1.680032e+00   1.691390e+01              0             16              0              0   1.601468e+01   3.813034e-01   8.417113e-01
        208500   1.662979e+00   1.791242e+01              0             21              0              1   1.582514e+01   3.954192e-01   8.229685e-01
        209000   1.664156e+00   1.889309e+01              0             16              0              1   1.604943e+01   3.816475e-01   8.437094e-01
        209500   1.616541e+00   2.292124e+01              0             19              0              1   1.633117e+01   3.887543e-01   8.605244e-01
        210000   1.615989e+00   2.391732e+01              0             21              0              1   1.586126e+01   3.978882e-01   8.578598e-01
        210500   1.622734e+00   2.490962e+01              0             17              0              0   1.546486e+01   3.893676e-01   8.468425e-01
        211000   1.587860e+00   2.786688e+01              0             17              0              0   1.560489e+01   3.816071e-01   8.534814e-01
        211500   1.614445e+00   2.684815e+01              0             17              0              0   1.566611e+01   3.933216e-01   8.688932e-01
        212000   1.629473e+00   2.784602e+01              0             18              0              0   1.560631e+01   3.825483e-01   8.622570e-01
        212500   1.636228e+00   2.883540e+01              0             20              0              0   1.565176e+01   3.950928e-01   8.611542e-01
        213000   1.620555e+00   2.983295e+01              0             17              0              0   1.577041e+01   3.960271e-01   8.645261e-01
        213500   1.609048e+00   3.081366e+01              0             13              0              0   1.582864e+01   3.862882e-01   8.498146e-01
        214000   1.650193e+00   2.748018e+01              0             13              0              0   1.578294e+01   3.845520e-01   8.652003e-01
        214500   1.673677e+00   2.846814e+01              0             13              0              0   1.564321e+01   3.780634e-01   8.486708e-01
        215000   1.614265e+00   3.363868e+01              0             17              0              0   1.548988e+01   3.912044e-01   8.487725e-01
        215500   1.657912e+00   3.035679e+01              0             15              0              0   1.560431e+01   3.875487e-01   8.675552e-01
        216000   1.666714e+00   3.134020e+01              0              9              0              0   1.535815e+01   3.850411e-01   8.441803e-01
        216500   1.649703e+00   3.233031e+01              0             13              0              0   1.555992e+01   3.761123e-01   8.403281e-01
        217000   1.693675e+00   3.330293e+01              0             15              0              0   1.553721e+01   3.869272e-01   8.433462e-01
        217500   1.641314e+00   3.822719e+01              0             10              0              0   1.530273e+01   3.891795e-01   8.421355e-01
        218000   1.602983e+00   3.920899e+01              0             14              0              0   1.494458e+01   3.801880e-01   8.298180e-01
        218500   1.608545e+00   4.017375e+01              0             17              0              0   1.494858e+01   3.793667e-01   8.205284e-01
        219000   1.606358e+00   4.116926e+01              0             15              0              0   1.496735e+01   3.870448e-01   8.304934e-01
        219500   1.590014e+00   4.176480e+01              0             12              0              0   1.533601e+01   3.759610e-01   8.148096e-01
        220000   1.554128e+00   4.273626e+01              0             17              0              0   1.481084e+01   3.894327e-01   8.029228e-01
        220500   1.509219e+00   4.167405e+01              0             15              0              0   1.492192e+01   3.955597e-01   7.947810e-01
        221000   1.525183e+00   4.267096e+01              0             16              0              0   1.537972e+01   4.048411e-01   8.133622e-01
        221500   1.488671e+00   4.259938e+01              0             14              0              0   1.518586e+01   3.989778e-01   7.935624e-01
        222000   1.489340e+00   4.358300e+01              0             13              0              0   1.500692e+01   4.055556e-01   7.901669e-01
        222500   1.468726e+00   4.457586e+01              0             13              0              0   1.499684e+01   4.079117e-01   7.986733e-01
        223000   1.478604e+00   4.554776e+01              0             20              0              0   1.470994e+01   3.912008e-01   7.773344e-01
        223500   1.502926e+00   4.653278e+01              0             16              0              0   1.485409e+01   3.792328e-01   7.787994e-01
        224000   1.497103e+00   4.746021e+01              0             16              0              0   1.514645e+01   3.771429e-01   7.986921e-01
        224500   1.496549e+00   4.845114e+01              0             18              0              0   1.516210e+01   3.739282e-01   8.023748e-01
        225000   1.522638e+00   5.011116e+01              0             15              0              0   1.527558e+01   3.645460e-01   8.160867e-01
        225500   1.557740e+00   5.109988e+01              0             14              0              0   1.503422e+01   3.864242e-01   8.184281e-01
        226000   1.573498e+00   5.209832e+01              0             16              0              0   1.520406e+01   3.814285e-01   8.465496e-01
        226500   1.624410e+00   5.014056e+01              0             11              0              0   1.512757e+01   3.814150e-01   8.399220e-01
        227000   1.657049e+00   4.305372e+01              0             12              0              0   1.497105e+01   3.627837e-01   8.181201e-01
        227500   1.688354e+00   3.159022e+01              0             11              0              0   1.529191e+01   3.680929e-01   8.326394e-01
        228000   1.709309e+00   3.254348e+01              0             11              0              0   1.525181e+01   3.821274e-01   8.262209e-01
        228500   1.749572e+00   2.035564e+01              0             10              0              0   1.526687e+01   3.763916e-01   8.239645e-01
        229000   1.800938e+00   1.104783e+01              0              9              0              0   1.509028e+01   3.730562e-01   8.280569e-01
        229500   1.849430e+00   5.698151e+00              0              9              0              0   1.528541e+01   3.776625e-01   8.432654e-01
        230000   1.877324e+00   6.680398e+00              0              8              0              0   1.606457e+01   3.721202e-01   8.572483e-01
        230500   1.903401e+00   7.635975e+00              0              7              0              0   1.529724e+01   3.611041e-01   8.352569e-01
        231000   1.884690e+00   8.598069e+00              0              7              0              0   1.525072e+01   3.660979e-01   8.399011e-01
        231500   1.916181e+00   6.118689e+00              0              7              0              0   1.506168e+01   3.807121e-01   8.303201e-01
        232000   1.865602e+00   1.050276e+01              0              7              0              0   1.511234e+01   3.672955e-01   8.194097e-01
        232500   1.844805e+00   1.688652e+01              0              7              0              0   1.506461e+01   3.692418e-01   8.276999e-01
        233000   1.871419e+00   1.246500e+01              0              7              0              0   1.468468e+01   3.695924e-01   8.136124e-01
        233500   1.881837e+00   1.345367e+01              0              7              0              0   1.493474e+01   3.514711e-01   7.869841e-01
        234000   1.852629e+00   1.444963e+01              0              7              0              0   1.457092e+01   3.663651e-01   7.866778e-01
        234500   1.921836e+00   1.133147e+01              0              7              0              0   1.480603e+01   3.566237e-01   7.923357e-01
        235000   1.893652e+00   1.631399e+01              0              7              0              0   1.481890e+01   3.580294e-01   7.976017e-01
        235500   1.880524e+00   1.730164e+01              0              7              0              0   1.476094e+01   3.537216e-01   7.945684e-01
        236000   1.887150e+00   1.824918e+01              0              7              0              0   1.457848e+01   3.467239e-01   7.531854e-01
        236500   1.914490e+00   1.508966e+01              0              7              0              0   1.474237e+01   3.527960e-01   7.686231e-01
        237000   1.896487e+00   1.607823e+01              0              7              0              0   1.481953e+01   3.572131e-01   7.737759e-01
        237500   1.904161e+00   1.703070e+01              0              7              0              0   1.487404e+01   3.524967e-01   7.681514e-01
        238000   1.900857e+00   2.203855e+01              0              7              0              0   1.439511e+01   3.354783e-01   7.642058e-01
        238500   1.918324e+00   1.900079e+01              0              7              0              0   1.482352e+01   3.425605e-01   7.701857e-01
        239000   1.937452e+00   1.999722e+01              0              7              0              0   1.494019e+01   3.307364e-01   7.648511e-01
        239500   1.939471e+00   2.096765e+01              0              7              0              0   1.458360e+01   3.348707e-01   7.502807e-01
        240000   1.905723e+00   2.546951e+01              0              7              0              0   1.466974e+01   3.154812e-01   7.501695e-01
        240500   1.916225e+00   2.294652e+01              0              7              0              0   1.480288e+01   3.398133e-01   7.704824e-01
        241000   2.008462e+00   1.125647e+01              0              7              0              0   1.439548e+01   3.421640e-01   7.492676e-01
        241500   2.055097e+00   6.571518e+00              0              6              0              0   1.452600e+01   3.428919e-01   7.421124e-01
        242000   2.054338e+00   7.554148e+00              0              5              0              0   1.415951e+01   3.391803e-01   7.386289e-01
        242500   2.068667e+00   8.547777e+00              0              7              0              0   1.424554e+01   3.280429e-01   7.377014e-01
        243000   2.091142e+00   5.514509e+00              0              6              0              0   1.447676e+01   3.244841e-01   7.434821e-01
        243500   2.075287e+00   1.051997e+01              0              7              0              0   1.478160e+01   3.343496e-01   7.573719e-01
        244000   2.067835e+00   1.151797e+01              0              6              0              0   1.426002e+01   3.159892e-01   7.408874e-01
        244500   2.101490e+00   1.250799e+01              0              4              0              0   1.447037e+01   3.290014e-01   7.384461e-01
        245000   2.114252e+00   9.222370e+00              0              4              0              0   1.422539e+01   3.104629e-01   7.526163e-01
        245500   2.075704e+00   1.438315e+01              0              7              0              0   1.415445e+01   3.300682e-01   7.394427e-01
        246000   2.035771e+00   1.980498e+01              0              7              0              0   1.459551e+01   3.280122e-01   7.630085e-01
        246500   2.028335e+00   2.079338e+01              0              5              0              0   1.445717e+01   3.304834e-01   7.664188e-01
        247000   2.067470e+00   1.714800e+01              0              5              0              0   1.424424e+01   3.181720e-01   7.473288e-01
        247500   2.082575e+00   1.305808e+01              0              4              0              0   1.426552e+01   3.085264e-01   7.645318e-01
        248000   2.099006e+00   1.399254e+01              0              4              0              0   1.418613e+01   2.927759e-01   7.649990e-01
        248500   2.070230e+00   2.002785e+01              0              2              0              0   1.454563e+01   3.054633e-01   7.711638e-01
        249000   2.037530e+00   2.515974e+01              0              0              0              0   1.452221e+01   3.167393e-01   7.859088e-01
        249500   2.047984e+00   2.612192e+01              0              0              0              0   1.471413e+01   3.244921e-01   7.804866e-01
        250000   2.061733e+00   2.707147e+01              0              0              0              0   1.436612e+01   3.248083e-01   7.567956e-01
        250500   2.122611e+00   1.820641e+01              0              0              0              0   1.437966e+01   3.202274e-01   7.667358e-01
        251000   2.184449e+00   1.277494e+01              0              0              0              0   1.446781e+01   3.157331e-01   7.613155e-01
        251500   2.217738e+00   8.098020e+00              0              0              0              0   1.463439e+01   3.310333e-01   7.625259e-01
        252000   2.301720e+00   4.999107e+00              0              0              0              0   1.482367e+01   3.195494e-01   7.628161e-01
        252500   2.269651e+00   5.983294e+00              0              0              0              0   1.441763e+01   3.289161e-01   7.586839e-01
        253000   2.266151e+00   6.979332e+00              0              0              0              0   1.443530e+01   3.407097e-01   7.786675e-01
        253500   2.260054e+00   7.961810e+00              0              0              0              0   1.432817e+01   3.611894e-01   7.788424e-01
        254000   2.268584e+00   8.943837e+00              0              0              0              0   1.499574e+01   3.816730e-01   7.952992e-01
        254500   2.267174e+00   9.933198e+00              0              0              0              0   1.475454e+01   3.871448e-01   8.089675e-01
        255000   2.272803e+00   1.092668e+01              0              0              0              0   1.467944e+01   3.934777e-01   8.100796e-01
        255500   2.305089e+00   8.600768e+00              0              0              0              0   1.519606e+01   3.747138e-01   8.219690e-01
        256000   2.326477e+00   9.594344e+00              0              0              0              0   1.497971e+01   3.665122e-01   8.309282e-01
        256500   2.328117e+00   1.058991e+01              0              0              0              0   1.487072e+01   3.841965e-01   8.352577e-01
        257000   2.347322e+00   1.156534e+01              0              0              0              0   1.435966e+01   3.796038e-01   8.069221e-01
        257500   2.382640e+00   9.047751e+00              0              0              0              0   1.457638e+01   3.929763e-01   8.043288e-01
        258000   2.416736e+00   6.460855e+00              0              0              0              0   1.472524e+01   3.752294e-01   7.992228e-01
        258500   2.436752e+00   4.420212e+00              0              0              0              0   1.495448e+01   3.682588e-01   8.009353e-01
        259000   2.447975e+00   5.391926e+00              0              0              0              0   1.493642e+01   3.601133e-01   7.743805e-01
        259500   2.415867e+00   9.376760e+00              0              0              0              0   1.516805e+01   3.707700e-01   7.804276e-01
        260000   2.413707e+00   1.037250e+01              0              0              0              0   1.501795e+01   3.654176e-01   7.674318e-01
        260500   2.411631e+00   1.136627e+01              0              0              0              0   1.509931e+01   3.529608e-01   7.588810e-01
        261000   2.409920e+00   1.235685e+01              0              0              0              0   1.462861e+01   3.492835e-01   7.522201e-01
        261500   2.377369e+00   1.612758e+01              0              0              0              0   1.467315e+01   3.636293e-01   7.658304e-01
        262000   2.345885e+00   1.852077e+01              0              0              0              0   1.466136e+01   3.486659e-01   7.591514e-01
        262500   2.381738e+00   1.810074e+01              0              0              0              0   1.454951e+01   3.604219e-01   7.612695e-01
        263000   2.345158e+00   1.906370e+01              0              0              0              0   1.460519e+01   3.559562e-01   7.769480e-01
        263500   2.379396e+00   2.004024e+01              0              0              0              0   1.483618e+01   3.807655e-01   7.869829e-01
        264000   2.401292e+00   1.742331e+01              0              0              0              0   1.455943e+01   3.670056e-01   7.699978e-01
        264500   2.430097e+00   1.841087e+01              0              0              0              0   1.479794e+01   3.700560e-01   7.676220e-01
        265000   2.472384e+00   1.407064e+01              0              0              0              0   1.454832e+01   3.455447e-01   7.706140e-01
        265500   2.491200e+00   1.506157e+01              0              0              0              0   1.471493e+01   3.378099e-01   7.777680e-01
        266000   2.513463e+00   1.040430e+01              0              0              0              0   1.452706e+01   3.343493e-01   7.573754e-01
        266500   2.512408e+00   1.138921e+01              0              0              0              0   1.431864e+01   3.291157e-01   7.496759e-01
        267000   2.551795e+00   7.427647e+00              0              0              0              0   1.465948e+01   3.370464e-01   7.727148e-01
        267500   2.550525e+00   8.414355e+00              0              0              0              0   1.471529e+01   3.191495e-01   7.497634e-01
        268000   2.561879e+00   9.398365e+00              0              0              0              0   1.468818e+01   3.140633e-01   7.719295e-01
