          step              r      E_metad_r      n_cont_CA   n_cont_heavy       n_saltbr        n_hbond           SASA           RMSD             Rg 
             0   5.720657e-01   0.000000e+00              0             58              0              4   1.479024e+01   0.000000e+00   7.382249e-01
           500   5.765093e-01   9.953475e-01              0             53              0              3   1.480029e+01   6.390852e-02   7.610671e-01
          1000   5.638143e-01   1.979250e+00              0             63              0              4   1.475195e+01   6.445705e-02   7.364620e-01
          1500   5.775261e-01   2.971801e+00              0             54              0              3   1.476201e+01   7.397623e-02   7.460644e-01
          2000   5.700363e-01   3.966072e+00              0             53              0              4   1.475624e+01   7.324321e-02   7.426125e-01
          2500   5.769327e-01   4.955685e+00              0             52              0              3   1.459940e+01   8.908498e-02   7.370521e-01
          3000   5.863588e-01   5.947409e+00              0             53              0              3   1.491236e+01   8.773963e-02   7.488636e-01
          3500   5.649330e-01   6.944157e+00              0             51              0              3   1.481559e+01   8.403553e-02   7.565003e-01
          4000   5.519236e-01   7.929083e+00              0             53              0              4   1.479890e+01   1.024079e-01   7.720289e-01
          4500   5.784232e-01   8.911464e+00              0             48              0              3   1.479074e+01   9.994724e-02   7.585246e-01
          5000   5.721354e-01   9.908331e+00              0             52              0              4   1.500508e+01   1.211146e-01   7.589944e-01
          5500   5.589176e-01   1.089814e+01              0             52              0              4   1.494928e+01   1.086689e-01   7.726935e-01
          6000   5.680499e-01   1.187020e+01              0             51              0              3   1.499837e+01   1.052847e-01   7.717634e-01
          6500   5.685603e-01   1.286453e+01              0             50              0              2   1.509014e+01   1.070466e-01   7.799716e-01
          7000   5.740439e-01   1.385759e+01              0             53              0              4   1.470279e+01   9.726012e-02   7.503183e-01
          7500   5.894308e-01   1.485271e+01              0             49              0              3   1.502700e+01   1.051366e-01   7.709603e-01
          8000   5.833697e-01   1.584625e+01              0             52              0              3   1.497917e+01   1.038665e-01   7.676790e-01
          8500   5.957646e-01   1.483849e+01              0             48              0              3   1.501250e+01   1.186270e-01   7.679432e-01
          9000   5.718062e-01   1.781712e+01              0             51              0              2   1.524063e+01   1.360269e-01   7.800435e-01
          9500   5.867239e-01   1.880235e+01              0             49              0              3   1.539678e+01   1.322712e-01   7.845467e-01
         10000   5.738112e-01   1.980004e+01              0             49              0              3   1.523369e+01   1.386810e-01   7.742165e-01
         10500   5.807414e-01   2.079102e+01              0             52              0              3   1.521709e+01   1.264832e-01   7.699045e-01
         11000   5.672236e-01   2.177565e+01              0             54              0              3   1.527778e+01   1.267218e-01   7.773024e-01
         11500   5.736274e-01   2.276844e+01              0             53              0              2   1.532392e+01   1.237309e-01   7.702004e-01
         12000   5.741309e-01   2.376316e+01              0             52              0              2   1.497880e+01   1.208274e-01   7.673497e-01
         12500   5.806926e-01   2.476177e+01              0             50              0              3   1.507865e+01   1.352849e-01   7.736787e-01
         13000   5.939232e-01   2.282972e+01              0             52              0              2   1.514812e+01   1.218214e-01   7.623631e-01
         13500   5.955141e-01   2.379970e+01              0             50              0              4   1.502873e+01   1.172240e-01   7.551515e-01
         14000   5.864862e-01   2.766833e+01              0             55              0              2   1.514145e+01   1.193316e-01   7.717866e-01
         14500   6.135274e-01   2.567207e+01              0             54              0              3   1.488955e+01   9.686094e-02   7.484662e-01
         15000   5.986906e-01   2.956802e+01              0             52              0              3   1.471193e+01   1.069191e-01   7.446928e-01
         15500   6.091168e-01   2.765471e+01              0             50              0              2   1.496960e+01   1.083109e-01   7.576480e-01
         16000   6.116440e-01   2.863667e+01              0             51              0              2   1.517279e+01   1.237387e-01   7.534082e-01
         16500   5.773362e-01   3.236475e+01              0             54              0              3   1.521250e+01   1.420787e-01   7.743298e-01
         17000   6.120525e-01   3.051184e+01              0             52              0              3   1.483754e+01   1.470588e-01   7.663029e-01
         17500   6.182878e-01   3.148028e+01              0             50              0              4   1.466343e+01   1.394339e-01   7.483716e-01
         18000   6.116929e-01   3.247631e+01              0             48              0              3   1.503765e+01   1.408216e-01   7.570532e-01
         18500   5.965098e-01   3.613242e+01              0             51              0              3   1.478658e+01   1.427535e-01   7.586629e-01
         19000   6.206338e-01   3.441386e+01              0             52              0              2   1.505407e+01   1.149383e-01   7.553003e-01
         19500   6.051354e-01   3.540702e+01              0             51              0              5   1.512479e+01   1.164202e-01   7.661344e-01
         20000   5.943864e-01   3.893750e+01              0             53              0              4   1.497860e+01   1.317751e-01   7.620320e-01
         20500   6.166297e-01   3.735089e+01              0             53              0              5   1.525626e+01   1.237889e-01   7.672891e-01
         21000   5.840451e-01   4.083075e+01              0             55              0              5   1.523220e+01   1.337570e-01   7.543467e-01
         21500   5.900668e-01   4.182698e+01              0             56              0              4   1.518171e+01   1.307285e-01   7.574489e-01
         22000   5.894029e-01   4.282019e+01              0             54              0              4   1.490333e+01   1.562132e-01   7.585392e-01
         22500   5.607784e-01   4.380925e+01              0             56              0              4   1.521072e+01   1.413997e-01   7.583984e-01
         23000   5.796556e-01   4.480181e+01              0             57              0              4   1.508309e+01   1.509304e-01   7.641555e-01
         23500   5.538331e-01   4.578111e+01              0             60              0              4   1.509534e+01   1.426179e-01   7.614800e-01
         24000   5.882032e-01   4.676838e+01              0             57              0              4   1.498503e+01   1.344014e-01   7.542349e-01
         24500   6.164664e-01   4.438644e+01              0             52              0              4   1.524425e+01   1.451472e-01   7.581895e-01
         25000   5.965873e-01   4.534824e+01              0             55              0              3   1.489987e+01   1.437807e-01   7.588603e-01
         25500   5.624906e-01   4.197835e+01              0             56              0              3   1.524826e+01   1.463417e-01   7.574255e-01
         26000   5.669801e-01   5.056881e+01              0             60              0              4   1.518963e+01   1.666507e-01   7.587721e-01
         26500   5.814676e-01   5.153991e+01              0             58              0              3   1.515110e+01   1.628504e-01   7.616809e-01
         27000   6.204686e-01   4.881657e+01              0             57              0              3   1.536611e+01   1.751146e-01   7.560873e-01
         27500   5.950151e-01   4.979270e+01              0             57              0              4   1.527307e+01   1.857535e-01   7.570021e-01
         28000   6.067538e-01   5.077894e+01              0             58              0              4   1.523393e+01   1.873943e-01   7.663440e-01
         28500   6.102380e-01   5.177339e+01              0             58              0              3   1.542696e+01   1.886841e-01   7.682625e-01
         29000   6.095870e-01   5.277027e+01              0             57              0              4   1.533493e+01   1.881707e-01   7.654720e-01
         29500   6.339317e-01   5.376498e+01              0             58              0              2   1.518719e+01   1.878546e-01   7.658492e-01
         30000   6.264370e-01   5.475618e+01              0             53              0              2   1.533839e+01   1.835517e-01   7.607015e-01
         30500   6.219520e-01   5.574188e+01              0             54              0              3   1.539899e+01   1.871477e-01   7.635573e-01
         31000   6.188471e-01   5.672072e+01              0             53              0              4   1.520397e+01   1.848099e-01   7.639064e-01
         31500   6.607838e-01   4.376676e+01              0             50              0              3   1.581685e+01   1.810099e-01   7.689942e-01
         32000   6.446739e-01   4.475536e+01              0             53              0              4   1.538909e+01   1.549545e-01   7.612468e-01
         32500   6.736446e-01   4.575240e+01              0             49              0              3   1.549663e+01   1.779278e-01   7.615185e-01
         33000   7.139490e-01   2.907900e+01              0             49              0              3   1.540459e+01   1.622101e-01   7.542362e-01
         33500   7.168983e-01   3.006383e+01              0             48              0              4   1.514377e+01   1.673297e-01   7.468235e-01
         34000   7.052690e-01   3.102562e+01              0             48              0              3   1.529656e+01   1.560448e-01   7.490205e-01
         34500   6.973339e-01   3.202196e+01              0             50              0              3   1.537100e+01   1.626945e-01   7.531515e-01
         35000   6.710681e-01   5.039798e+01              0             52              0              3   1.513617e+01   1.619890e-01   7.505753e-01
         35500   7.220029e-01   3.388201e+01              0             52              0              3   1.503186e+01   1.696126e-01   7.343302e-01
         36000   7.106428e-01   3.487616e+01              0             51              0              4   1.469203e+01   1.760527e-01   7.541867e-01
         36500   7.143225e-01   3.586783e+01              0             53              0              5   1.485002e+01   1.735483e-01   7.478454e-01
         37000   6.902620e-01   3.684917e+01              0             45              0              3   1.452303e+01   1.770116e-01   7.397122e-01
         37500   7.251227e-01   3.783909e+01              0             49              0              2   1.471924e+01   1.904074e-01   7.465715e-01
         38000   7.448053e-01   2.309820e+01              0             45              0              2   1.459877e+01   1.741360e-01   7.402288e-01
         38500   6.945209e-01   5.634778e+01              0             51              0              2   1.456626e+01   1.773459e-01   7.468664e-01
         39000   6.947062e-01   4.074955e+01              0             49              0              2   1.482341e+01   1.711652e-01   7.500735e-01
         39500   7.348190e-01   4.173833e+01              0             44              0              1   1.468251e+01   1.784867e-01   7.368709e-01
         40000   7.550098e-01   2.659388e+01              0             46              0              1   1.481939e+01   1.721291e-01   7.258068e-01
         40500   7.591012e-01   2.759199e+01              0             48              0              1   1.463782e+01   2.015352e-01   7.443689e-01
         41000   7.604335e-01   2.859002e+01              0             49              0              3   1.531629e+01   1.947719e-01   7.530178e-01
         41500   7.525604e-01   2.956470e+01              0             46              0              4   1.510581e+01   1.930536e-01   7.476059e-01
         42000   7.544429e-01   3.054401e+01              0             47              0              3   1.509982e+01   1.732318e-01   7.485640e-01
         42500   7.659369e-01   3.153798e+01              0             46              0              4   1.511154e+01   1.669403e-01   7.544036e-01
         43000   7.478029e-01   3.253159e+01              0             50              0              4   1.536269e+01   1.747575e-01   7.698006e-01
         43500   7.455397e-01   4.894645e+01              0             48              0              3   1.529840e+01   1.648534e-01   7.716425e-01
         44000   7.110399e-01   4.991114e+01              0             47              0              3   1.526481e+01   1.575544e-01   7.722421e-01
         44500   7.003284e-01   5.089414e+01              0             47              0              4   1.518378e+01   1.679573e-01   7.698090e-01
         45000   7.273294e-01   5.187981e+01              0             44              0              4   1.510242e+01   1.588295e-01   7.543601e-01
         45500   7.513658e-01   5.285548e+01              0             45              0              2   1.499196e+01   1.565104e-01   7.461940e-01
         46000   7.763647e-01   3.805434e+01              0             48              0              2   1.527273e+01   1.634515e-01   7.576332e-01
         46500   7.566207e-01   3.903701e+01              0             49              0              3   1.528915e+01   1.702395e-01   7.495140e-01
         47000   7.819207e-01   2.546368e+01              0             44              0              3   1.506795e+01   1.480313e-01   7.431216e-01
         47500   8.023838e-01   2.643933e+01              0             46              0              4   1.546445e+01   1.359424e-01   7.497633e-01
         48000   8.336681e-01   2.741295e+01              0             42              0              5   1.529987e+01   1.472353e-01   7.545478e-01
         48500   8.018840e-01   2.838848e+01              0             40              0              3   1.510591e+01   1.532062e-01   7.399889e-01
         49000   8.319506e-01   2.937317e+01              0             41              0              3   1.547931e+01   1.723053e-01   7.580577e-01
         49500   8.398365e-01   3.031915e+01              0             42              0              3   1.538805e+01   1.484115e-01   7.567246e-01
         50000   8.360032e-01   3.129351e+01              0             43              0              4   1.531752e+01   1.502749e-01   7.338956e-01
         50500   8.530952e-01   2.025292e+01              0             40              0              3   1.531767e+01   1.522535e-01   7.460109e-01
         51000   8.459542e-01   2.119403e+01              0             45              0              5   1.502234e+01   1.428330e-01   7.240697e-01
         51500   8.596334e-01   2.218506e+01              0             42              0              5   1.489402e+01   1.411036e-01   7.274987e-01
         52000   8.618226e-01   2.317486e+01              0             42              0              5   1.496056e+01   1.543024e-01   7.219192e-01
         52500   8.424260e-01   3.599141e+01              0             43              0              5   1.512768e+01   1.380429e-01   7.355834e-01
         53000   8.546147e-01   2.512255e+01              0             44              0              5   1.488181e+01   1.392594e-01   7.125578e-01
         53500   8.896199e-01   1.591629e+01              0             43              0              4   1.495527e+01   1.635586e-01   7.192091e-01
         54000   9.068746e-01   1.688273e+01              0             42              0              5   1.468761e+01   1.552443e-01   7.188558e-01
         54500   8.771373e-01   2.798232e+01              0             43              0              3   1.505456e+01   1.575824e-01   7.299017e-01
         55000   9.097934e-01   1.882376e+01              0             44              0              5   1.497716e+01   1.469647e-01   7.238464e-01
         55500   8.627943e-01   2.990357e+01              0             44              0              5   1.531005e+01   1.472600e-01   7.454575e-01
         56000   8.603915e-01   3.089463e+01              0             43              0              4   1.503424e+01   1.455683e-01   7.335789e-01
         56500   8.719779e-01   3.188327e+01              0             42              0              5   1.533733e+01   1.588787e-01   7.586938e-01
         57000   8.681227e-01   3.285663e+01              0             41              0              5   1.543975e+01   1.692366e-01   7.593747e-01
         57500   8.694080e-01   3.385091e+01              0             45              0              4   1.522612e+01   1.643844e-01   7.345925e-01
         58000   8.661782e-01   3.484998e+01              0             46              0              5   1.509416e+01   1.475013e-01   7.285717e-01
         58500   8.251259e-01   4.603460e+01              0             47              0              5   1.513137e+01   1.257482e-01   7.378962e-01
         59000   8.750650e-01   3.679567e+01              0             44              0              4   1.521971e+01   1.534490e-01   7.355326e-01
         59500   8.807904e-01   3.776638e+01              0             45              0              3   1.520312e+01   1.677626e-01   7.360295e-01
         60000   8.748442e-01   3.876036e+01              0             43              0              4   1.488712e+01   1.599348e-01   7.149980e-01
         60500   8.682549e-01   3.975796e+01              0             47              0              4   1.493275e+01   1.579308e-01   7.145925e-01
         61000   8.713149e-01   4.075536e+01              0             46              0              4   1.475911e+01   1.543387e-01   7.110655e-01
         61500   8.785576e-01   4.175001e+01              0             45              0              4   1.507563e+01   1.621920e-01   7.326931e-01
         62000   8.667999e-01   4.274123e+01              0             46              0              2   1.511432e+01   1.717073e-01   7.311107e-01
         62500   8.602279e-01   4.371563e+01              0             46              0              3   1.582505e+01   1.776784e-01   7.753894e-01
         63000   8.924083e-01   4.469589e+01              0             46              0              4   1.528061e+01   1.575529e-01   7.443176e-01
         63500   8.836306e-01   4.567837e+01              0             43              0              3   1.507939e+01   1.715838e-01   7.476199e-01
         64000   8.988863e-01   3.469162e+01              0             42              0              4   1.489615e+01   1.463929e-01   7.249383e-01
         64500   8.571135e-01   4.763057e+01              0             47              0              4   1.506841e+01   1.806067e-01   7.379707e-01
         65000   8.489581e-01   4.862424e+01              0             43              0              3   1.505614e+01   1.727206e-01   7.415279e-01
         65500   8.713629e-01   4.961609e+01              0             43              0              1   1.496727e+01   1.690347e-01   7.374334e-01
         66000   9.098294e-01   3.826587e+01              0             41              0              2   1.497342e+01   1.988738e-01   7.215022e-01
         66500   9.227996e-01   3.926341e+01              0             43              0              3   1.515960e+01   1.838577e-01   7.329766e-01
         67000   9.186747e-01   4.024993e+01              0             39              0              3   1.520422e+01   1.807393e-01   7.265617e-01
         67500   9.127190e-01   4.124822e+01              0             41              0              4   1.480480e+01   1.768640e-01   7.162412e-01
         68000   9.098142e-01   4.223803e+01              0             40              0              4   1.496410e+01   1.840333e-01   7.121335e-01
         68500   9.568632e-01   2.887322e+01              0             39              0              3   1.505618e+01   1.772272e-01   7.164918e-01
         69000   9.546981e-01   2.986606e+01              0             38              0              4   1.482826e+01   1.886622e-01   7.046981e-01
         69500   9.228472e-01   4.508004e+01              0             36              0              4   1.488194e+01   1.830113e-01   7.120390e-01
         70000   9.595072e-01   3.180236e+01              0             39              0              1   1.468166e+01   1.793150e-01   7.022310e-01
         70500   9.578541e-01   3.279364e+01              0             39              0              3   1.492190e+01   1.923335e-01   7.080408e-01
         71000   9.614967e-01   3.378382e+01              0             40              0              3   1.473731e+01   2.114513e-01   7.019818e-01
         71500   9.946305e-01   2.105230e+01              0             40              0              4   1.493108e+01   2.042768e-01   7.099182e-01
         72000   9.681300e-01   3.571983e+01              0             40              0              5   1.458528e+01   1.954814e-01   6.979482e-01
         72500   9.909927e-01   3.670133e+01              0             40              0              4   1.480016e+01   2.143535e-01   6.943802e-01
         73000   1.003176e+00   2.392587e+01              0             38              0              3   1.494513e+01   2.054553e-01   7.041196e-01
         73500   1.004564e+00   2.491873e+01              0             39              0              4   1.494654e+01   2.032422e-01   6.989506e-01
         74000   1.019160e+00   2.591231e+01              0             42              0              3   1.507762e+01   2.130895e-01   7.035356e-01
         74500   1.030095e+00   2.690782e+01              0             41              0              3   1.484747e+01   1.926876e-01   7.033153e-01
         75000   1.026628e+00   2.786829e+01              0             38              0              4   1.513482e+01   2.080669e-01   7.167304e-01
         75500   1.042683e+00   1.748821e+01              0             43              0              3   1.493217e+01   2.009116e-01   7.042463e-01
         76000   1.058971e+00   1.846819e+01              0             42              0              4   1.506449e+01   1.991380e-01   7.028227e-01
         76500   1.066188e+00   1.946684e+01              0             45              0              3   1.480164e+01   1.892732e-01   6.994649e-01
         77000   1.069459e+00   2.046375e+01              0             38              0              3   1.493926e+01   1.834648e-01   7.087066e-01
         77500   1.076312e+00   2.145487e+01              0             40              0              4   1.505275e+01   2.071287e-01   7.072263e-01
         78000   1.100803e+00   1.361421e+01              0             37              0              4   1.507196e+01   1.905131e-01   7.091796e-01
         78500   1.099275e+00   1.460182e+01              0             40              0              3   1.483356e+01   1.791352e-01   6.950463e-01
         79000   1.086774e+00   1.552379e+01              0             38              0              2   1.482353e+01   1.964619e-01   7.131897e-01
         79500   1.084588e+00   2.531106e+01              0             36              0              4   1.475735e+01   1.986192e-01   7.018813e-01
         80000   1.091639e+00   2.627096e+01              0             35              0              2   1.457948e+01   1.956955e-01   6.913838e-01
         80500   1.092183e+00   1.838434e+01              0             34              0              2   1.472853e+01   1.967455e-01   6.979844e-01
         81000   1.085784e+00   2.822524e+01              0             35              0              3   1.507204e+01   2.033667e-01   7.163184e-01
         81500   1.095929e+00   2.912548e+01              0             39              0              3   1.442369e+01   1.975058e-01   6.956261e-01
         82000   1.063471e+00   3.012099e+01              0             39              0              4   1.464836e+01   1.997346e-01   7.005619e-01
         82500   1.048913e+00   3.109574e+01              0             36              0              4   1.451437e+01   1.927641e-01   6.993262e-01
         83000   1.069567e+00   3.208918e+01              0             41              0              6   1.474634e+01   1.903287e-01   7.057682e-01
         83500   1.036937e+00   4.212203e+01              0             37              0              5   1.491948e+01   1.956027e-01   7.139834e-01
         84000   1.048598e+00   3.404339e+01              0             42              0              3   1.455892e+01   1.781496e-01   6.953475e-01
         84500   1.016953e+00   4.405805e+01              0             40              0              5   1.480988e+01   2.008455e-01   7.047334e-01
         85000   1.021087e+00   4.505013e+01              0             37              0              4   1.473591e+01   1.975847e-01   7.163210e-01
         85500   1.020420e+00   4.604595e+01              0             39              0              5   1.477865e+01   1.939002e-01   7.165176e-01
         86000   1.040937e+00   4.701804e+01              0             40              0              5   1.475049e+01   1.757326e-01   7.106710e-01
         86500   1.058794e+00   3.869957e+01              0             38              0              3   1.478047e+01   1.894064e-01   7.100839e-01
         87000   1.056465e+00   3.968311e+01              0             35              0              3   1.482647e+01   1.991391e-01   7.156778e-01
         87500   1.100050e+00   2.963336e+01              0             37              0              3   1.502696e+01   2.050256e-01   7.037360e-01
         88000   1.134607e+00   1.925192e+01              0             37              0              3   1.469107e+01   2.195241e-01   7.036113e-01
         88500   1.166741e+00   2.024147e+01              0             37              0              5   1.459134e+01   2.027393e-01   6.993111e-01
         89000   1.172663e+00   2.123172e+01              0             40              0              4   1.500717e+01   2.143705e-01   6.985879e-01
         89500   1.172674e+00   2.222366e+01              0             37              0              2   1.510684e+01   2.133613e-01   7.057017e-01
         90000   1.150814e+00   2.321828e+01              0             38              0              3   1.507350e+01   2.096167e-01   7.008091e-01
         90500   1.184826e+00   1.450312e+01              0             37              0              3   1.494691e+01   2.221380e-01   6.953066e-01
         91000   1.113630e+00   3.583086e+01              0             38              0              1   1.506643e+01   2.172787e-01   6.964763e-01
         91500   1.148891e+00   2.612073e+01              0             36              0              3   1.491070e+01   1.939476e-01   7.004094e-01
         92000   1.192541e+00   2.710564e+01              0             33              0              3   1.513925e+01   2.049612e-01   7.067695e-01
         92500   1.186106e+00   2.805284e+01              0             35              0              3   1.530776e+01   2.078795e-01   7.100712e-01
         93000   1.170305e+00   2.901620e+01              0             38              0              2   1.535912e+01   2.076196e-01   7.092964e-01
         93500   1.184115e+00   1.977527e+01              0             34              0              3   1.529269e+01   1.890856e-01   7.237357e-01
         94000   1.181363e+00   2.065970e+01              0             34              0              3   1.551962e+01   1.947651e-01   7.406668e-01
         94500   1.153859e+00   3.195064e+01              0             35              0              2   1.550827e+01   2.177966e-01   7.263163e-01
         95000   1.225522e+00   2.241888e+01              0             32              0              3   1.522968e+01   2.002526e-01   7.105349e-01
         95500   1.203686e+00   2.341262e+01              0             37              0              3   1.512475e+01   2.155067e-01   7.234672e-01
         96000   1.182844e+00   3.470714e+01              0             35              0              4   1.536941e+01   2.320705e-01   7.412301e-01
         96500   1.178908e+00   3.570129e+01              0             35              0              3   1.517163e+01   2.243531e-01   7.283401e-01
         97000   1.167009e+00   3.668770e+01              0             36              0              4   1.541068e+01   2.413623e-01   7.418696e-01
         97500   1.127434e+00   4.638917e+01              0             36              0              3   1.542312e+01   2.343430e-01   7.454334e-01
         98000   1.155438e+00   3.862534e+01              0             36              0              2   1.504790e+01   2.411415e-01   7.306247e-01
         98500   1.172372e+00   3.961618e+01              0             32              0              3   1.467870e+01   2.104781e-01   7.195763e-01
         99000   1.154969e+00   4.060350e+01              0             33              0              2   1.513951e+01   2.243818e-01   7.406975e-01
         99500   1.153067e+00   4.159456e+01              0             35              0              2   1.501214e+01   2.221560e-01   7.332892e-01
        100000   1.168767e+00   4.258771e+01              0             34              0              3   1.512179e+01   2.182597e-01   7.318696e-01
        100500   1.141408e+00   5.185283e+01              0             34              0              4   1.498858e+01   2.132357e-01   7.185534e-01
        101000   1.180231e+00   4.456410e+01              0             34              0              3   1.501609e+01   2.260808e-01   7.333020e-01
        101500   1.185742e+00   4.553566e+01              0             34              0              3   1.487513e+01   2.288871e-01   7.283681e-01
        102000   1.184589e+00   4.652212e+01              0             34              0              3   1.507256e+01   2.364898e-01   7.293099e-01
        102500   1.189624e+00   3.570684e+01              0             36              0              4   1.506719e+01   2.398469e-01   7.338626e-01
        103000   1.220434e+00   3.669257e+01              0             31              0              3   1.486750e+01   2.465647e-01   7.290479e-01
        103500   1.241899e+00   2.442535e+01              0             34              0              3   1.509853e+01   2.354610e-01   7.469434e-01
        104000   1.239651e+00   2.541434e+01              0             32              0              1   1.495649e+01   2.304115e-01   7.220343e-01
        104500   1.203363e+00   3.957299e+01              0             32              0              2   1.483342e+01   2.513701e-01   7.249753e-01
        105000   1.204759e+00   4.056868e+01              0             35              0              3   1.473248e+01   2.538128e-01   7.233399e-01
        105500   1.201941e+00   4.155944e+01              0             33              0              1   1.526473e+01   2.794993e-01   7.227240e-01
        106000   1.198861e+00   4.253476e+01              0             32              0              3   1.486741e+01   2.581681e-01   7.294373e-01
        106500   1.223468e+00   4.352369e+01              0             33              0              2   1.514774e+01   2.709535e-01   7.278243e-01
        107000   1.259428e+00   3.060107e+01              0             34              0              3   1.481221e+01   2.698721e-01   7.158542e-01
        107500   1.256660e+00   3.159403e+01              0             35              0              3   1.441515e+01   2.680721e-01   6.947540e-01
        108000   1.222698e+00   4.629418e+01              0             35              0              4   1.461608e+01   2.772783e-01   6.978094e-01
        108500   1.259576e+00   3.350101e+01              0             34              0              3   1.484608e+01   2.711494e-01   7.085655e-01
        109000   1.234394e+00   4.813218e+01              0             34              0              3   1.511403e+01   2.554024e-01   7.224766e-01
        109500   1.277067e+00   2.156901e+01              0             34              0              3   1.480351e+01   2.696051e-01   7.126134e-01
        110000   1.279470e+00   3.641820e+01              0             33              0              2   1.530768e+01   2.819420e-01   7.310263e-01
        110500   1.299811e+00   3.736243e+01              0             36              0              4   1.524446e+01   2.577667e-01   7.339582e-01
        111000   1.257512e+00   3.834622e+01              0             33              0              3   1.480065e+01   2.502635e-01   7.251963e-01
        111500   1.283433e+00   3.933704e+01              0             32              0              3   1.494385e+01   2.787422e-01   7.255184e-01
        112000   1.289818e+00   2.630452e+01              0             32              0              2   1.526300e+01   2.708847e-01   7.523424e-01
        112500   1.277714e+00   4.128893e+01              0             34              0              3   1.537670e+01   2.775000e-01   7.565789e-01
        113000   1.290723e+00   2.817672e+01              0             31              0              2   1.552942e+01   2.704366e-01   7.580175e-01
        113500   1.305104e+00   2.917247e+01              0             31              0              2   1.513485e+01   2.569209e-01   7.475468e-01
        114000   1.304297e+00   3.015415e+01              0             30              0              3   1.523030e+01   2.558343e-01   7.468965e-01
        114500   1.337800e+00   1.847998e+01              0             31              0              3   1.509721e+01   2.362317e-01   7.342146e-01
        115000   1.324480e+00   3.213126e+01              0             30              0              2   1.508897e+01   2.363790e-01   7.402628e-01
        115500   1.337178e+00   2.033828e+01              0             30              0              2   1.549918e+01   2.342605e-01   7.349902e-01
        116000   1.318152e+00   3.408714e+01              0             33              0              3   1.563308e+01   2.582469e-01   7.582069e-01
        116500   1.307329e+00   3.508514e+01              0             31              0              2   1.570856e+01   2.631323e-01   7.644687e-01
        117000   1.343198e+00   3.606469e+01              0             31              0              2   1.536670e+01   2.835025e-01   7.671440e-01
        117500   1.349888e+00   2.406533e+01              0             29              0              3   1.519664e+01   2.802442e-01   7.549921e-01
        118000   1.332899e+00   2.504512e+01              0             31              0              2   1.548530e+01   2.874969e-01   7.764160e-01
        118500   1.351361e+00   2.600729e+01              0             30              0              2   1.584409e+01   2.869484e-01   7.886853e-01
        119000   1.364965e+00   2.699614e+01              0             33              0              2   1.605443e+01   2.776920e-01   7.930736e-01
        119500   1.416162e+00   1.672817e+01              0             31              0              3   1.589466e+01   2.898408e-01   8.015241e-01
        120000   1.426866e+00   1.772218e+01              0             32              0              2   1.577962e+01   3.057402e-01   7.941891e-01
        120500   1.458189e+00   1.032513e+01              0             29              0              2   1.608024e+01   3.123229e-01   8.079788e-01
        121000   1.465967e+00   1.131863e+01              0             32              0              3   1.596411e+01   3.183762e-01   8.122199e-01
        121500   1.458118e+00   1.231591e+01              0             31              0              2   1.604661e+01   3.142844e-01   8.159633e-01
        122000   1.448523e+00   1.326768e+01              0             31              0              2   1.610125e+01   3.197057e-01   8.109436e-01
        122500   1.456824e+00   1.425714e+01              0             33              0              3   1.602356e+01   2.983199e-01   8.159478e-01
        123000   1.469380e+00   1.525519e+01              0             33              0              1   1.600963e+01   3.008790e-01   8.055582e-01
        123500   1.500401e+00   9.970790e+00              0             31              0              2   1.639991e+01   2.999344e-01   8.202978e-01
        124000   1.467155e+00   1.722599e+01              0             31              0              3   1.608325e+01   3.121995e-01   7.979790e-01
        124500   1.465140e+00   1.817575e+01              0             30              0              2   1.603708e+01   3.108696e-01   8.201554e-01
        125000   1.451573e+00   1.916990e+01              0             33              0              2   1.620125e+01   3.453432e-01   8.393019e-01
        125500   1.451462e+00   2.015446e+01              0             34              0              2   1.587513e+01   3.394508e-01   8.075145e-01
        126000   1.484397e+00   2.114276e+01              0             31              0              2   1.591877e+01   3.531343e-01   8.097213e-01
        126500   1.503438e+00   1.517755e+01              0             27              0              2   1.579095e+01   3.455588e-01   8.165742e-01
        127000   1.496692e+00   2.306615e+01              0             30              0              2   1.599923e+01   3.686772e-01   8.352166e-01
        127500   1.521994e+00   1.713136e+01              0             31              0              2   1.620737e+01   3.563218e-01   8.504835e-01
        128000   1.488832e+00   2.490916e+01              0             33              0              2   1.603786e+01   3.502645e-01   8.372922e-01
        128500   1.500431e+00   1.909878e+01              0             30              0              2   1.616297e+01   3.653390e-01   8.571416e-01
        129000   1.521893e+00   2.009349e+01              0             28              0              2   1.612488e+01   3.881092e-01   8.643218e-01
        129500   1.545443e+00   2.107201e+01              0             29              0              2   1.611628e+01   3.624749e-01   8.482576e-01
        130000   1.536854e+00   2.206171e+01              0             33              0              2   1.620230e+01   3.966459e-01   8.710877e-01
        130500   1.556238e+00   1.590189e+01              0             30              0              2   1.620246e+01   4.033018e-01   8.830324e-01
        131000   1.559146e+00   1.688937e+01              0             31              0              1   1.598945e+01   4.110012e-01   8.875027e-01
        131500   1.549210e+00   1.787303e+01              0             31              0              2   1.625573e+01   3.956683e-01   8.735716e-01
        132000   1.538373e+00   2.580989e+01              0             32              0              1   1.596084e+01   4.144743e-01   8.862537e-01
        132500   1.528895e+00   2.679903e+01              0             33              0              3   1.607438e+01   4.169402e-01   8.885722e-01
        133000   1.519736e+00   2.779578e+01              0             30              0              2   1.606802e+01   4.025891e-01   8.861749e-01
        133500   1.502584e+00   2.879095e+01              0             32              0              2   1.569792e+01   4.048863e-01   8.772348e-01
        134000   1.519490e+00   2.975204e+01              0             33              0              2   1.584478e+01   3.912681e-01   8.758081e-01
        134500   1.498312e+00   3.074321e+01              0             30              0              2   1.611439e+01   4.061029e-01   8.839122e-01
        135000   1.483503e+00   3.662253e+01              0             29              0              2   1.612483e+01   4.131571e-01   8.888988e-01
        135500   1.539703e+00   3.263561e+01              0             31              0              2   1.602308e+01   4.129810e-01   9.021191e-01
        136000   1.532217e+00   3.362067e+01              0             31              0              2   1.592670e+01   4.300946e-01   9.115014e-01
        136500   1.536222e+00   3.461264e+01              0             29              0              2   1.568645e+01   4.425331e-01   8.944771e-01
        137000   1.586186e+00   1.770199e+01              0             32              0              2   1.607729e+01   4.458674e-01   9.109147e-01
        137500   1.619777e+00   1.869132e+01              0             33              0              2   1.608927e+01   4.607516e-01   9.155492e-01
        138000   1.591613e+00   1.965634e+01              0             30              0              2   1.604816e+01   4.702548e-01   9.139846e-01
        138500   1.601714e+00   2.064509e+01              0             31              0              2   1.616768e+01   4.529280e-01   9.028605e-01
        139000   1.590778e+00   2.159036e+01              0             30              0              2   1.602580e+01   4.749650e-01   9.112454e-01
        139500   1.565241e+00   3.221798e+01              0             32              0              2   1.599223e+01   4.567187e-01   8.897444e-01
        140000   1.550848e+00   4.012273e+01              0             33              0              2   1.609256e+01   4.604441e-01   9.085177e-01
        140500   1.600776e+00   3.417480e+01              0             30              0              3   1.588031e+01   4.763828e-01   8.909054e-01
        141000   1.562239e+00   3.512858e+01              0             30              0              2   1.601824e+01   4.702784e-01   9.016113e-01
        141500   1.573629e+00   3.610830e+01              0             31              0              2   1.622836e+01   4.792819e-01   9.127767e-01
        142000   1.563078e+00   3.710512e+01              0             28              0              2   1.624190e+01   4.751406e-01   9.044774e-01
        142500   1.573592e+00   3.808515e+01              0             29              0              2   1.621037e+01   4.735262e-01   9.190705e-01
        143000   1.584051e+00   3.906785e+01              0             29              0              2   1.624397e+01   4.809416e-01   9.089108e-01
        143500   1.582348e+00   4.005921e+01              0             33              0              3   1.616397e+01   4.590967e-01   9.045541e-01
        144000   1.633501e+00   3.048146e+01              0             33              0              2   1.609322e+01   4.599371e-01   9.105377e-01
        144500   1.639702e+00   3.146013e+01              0             32              0              2   1.623067e+01   4.551544e-01   9.165304e-01
        145000   1.624116e+00   3.245775e+01              0             33              0              3   1.609819e+01   4.497686e-01   9.022892e-01
        145500   1.677075e+00   2.171474e+01              0             33              0              2   1.615505e+01   4.678787e-01   9.248693e-01
        146000   1.692039e+00   2.270166e+01              0             31              0              3   1.605964e+01   4.749058e-01   9.182868e-01
        146500   1.639946e+00   3.509830e+01              0             32              0              3   1.608863e+01   4.852272e-01   9.043002e-01
        147000   1.712834e+00   1.444670e+01              0             26              0              1   1.613607e+01   5.018425e-01   9.237422e-01
        147500   1.721961e+00   1.544502e+01              0             29              0              2   1.612552e+01   5.140291e-01   9.146739e-01
        148000   1.739663e+00   1.643457e+01              0             31              0              2   1.597407e+01   4.900189e-01   9.020982e-01
        148500   1.707977e+00   1.742959e+01              0             31              0              2   1.604953e+01   5.116003e-01   9.204053e-01
        149000   1.652441e+00   2.820169e+01              0             29              0              2   1.616437e+01   5.020344e-01   9.055343e-01
        149500   1.666924e+00   2.919504e+01              0             30              0              1   1.605530e+01   5.107148e-01   9.145722e-01
        150000   1.682561e+00   3.018269e+01              0             28              0              0   1.596281e+01   4.997406e-01   9.108159e-01
        150500   1.709921e+00   2.106249e+01              0             28              0              0   1.639440e+01   5.034183e-01   9.275170e-01
        151000   1.708668e+00   2.205880e+01              0             26              0              1   1.613926e+01   4.902227e-01   9.145037e-01
        151500   1.672783e+00   3.299993e+01              0             28              0              1   1.622290e+01   4.762212e-01   9.161675e-01
        152000   1.673202e+00   3.399361e+01              0             28              0              2   1.623067e+01   4.571191e-01   8.987830e-01
        152500   1.688694e+00   2.487063e+01              0             29              0              4   1.596464e+01   5.005401e-01   9.138566e-01
        153000   1.677544e+00   3.589859e+01              0             32              0              2   1.584326e+01   4.588729e-01   8.880999e-01
        153500   1.661460e+00   3.689407e+01              0             31              0              2   1.590867e+01   4.472879e-01   8.817663e-01
        154000   1.679596e+00   3.787504e+01              0             30              0              2   1.611329e+01   4.528302e-01   8.976796e-01
        154500   1.695505e+00   3.885115e+01              0             31              0              2   1.623616e+01   4.471100e-01   8.920574e-01
        155000   1.689852e+00   3.973291e+01              0             29              0              2   1.611200e+01   4.311747e-01   8.907966e-01
        155500   1.702406e+00   3.055546e+01              0             29              0              3   1.580916e+01   4.827816e-01   9.165775e-01
        156000   1.713505e+00   3.155344e+01              0             31              0              2   1.607741e+01   4.771160e-01   9.226582e-01
        156500   1.734877e+00   3.254732e+01              0             29              0              2   1.590519e+01   4.847987e-01   9.162628e-01
        157000   1.726636e+00   3.352848e+01              0             31              0              2   1.649517e+01   4.514731e-01   9.152505e-01
        157500   1.748332e+00   2.361738e+01              0             30              0              3   1.610799e+01   4.670673e-01   9.337844e-01
        158000   1.759214e+00   2.459947e+01              0             30              0              2   1.590448e+01   4.715963e-01   9.295386e-01
        158500   1.751402e+00   2.558384e+01              0             32              0              3   1.613384e+01   4.913906e-01   9.360429e-01
        159000   1.744796e+00   2.651729e+01              0             31              0              2   1.629306e+01   4.774415e-01   9.411871e-01
        159500   1.745974e+00   2.750040e+01              0             31              0              2   1.594384e+01   4.724741e-01   9.422361e-01
        160000   1.810032e+00   1.773869e+01              0             32              0              1   1.597425e+01   4.745673e-01   9.539562e-01
        160500   1.826005e+00   1.873405e+01              0             31              0              3   1.586553e+01   4.628614e-01   9.274836e-01
        161000   1.837712e+00   1.971992e+01              0             30              0              1   1.617139e+01   4.640401e-01   9.159234e-01
        161500   1.815913e+00   2.070965e+01              0             32              0              2   1.594384e+01   4.496999e-01   9.206109e-01
        162000   1.815573e+00   2.170820e+01              0             28              0              3   1.600309e+01   4.492021e-01   9.301782e-01
        162500   1.807574e+00   2.270307e+01              0             28              0              2   1.614143e+01   4.325390e-01   9.248684e-01
        163000   1.760423e+00   3.378705e+01              0             30              0              3   1.560514e+01   4.054941e-01   9.016862e-01
        163500   1.763938e+00   3.477999e+01              0             31              0              2   1.574072e+01   4.103924e-01   9.097832e-01
        164000   1.741236e+00   4.464536e+01              0             31              0              3   1.603688e+01   4.365018e-01   9.266003e-01
        164500   1.774569e+00   3.674942e+01              0             31              0              3   1.588588e+01   4.394537e-01   9.245475e-01
        165000   1.754057e+00   3.774209e+01              0             31              0              3   1.581155e+01   4.376215e-01   9.204298e-01
        165500   1.759619e+00   3.874118e+01              0             30              0              3   1.598503e+01   4.550511e-01   9.396300e-01
        166000   1.785442e+00   3.973141e+01              0             30              0              1   1.577907e+01   4.278478e-01   9.127751e-01
        166500   1.803337e+00   2.970478e+01              0             32              0              3   1.571586e+01   4.610312e-01   9.012034e-01
        167000   1.813893e+00   3.070354e+01              0             30              0              2   1.614685e+01   4.710570e-01   9.313668e-01
        167500   1.802895e+00   3.168672e+01              0             29              0              1   1.590743e+01   4.791570e-01   9.541890e-01
        168000   1.779526e+00   4.349518e+01              0             28              0              2   1.602717e+01   4.701361e-01   9.205547e-01
        168500   1.764992e+00   4.448345e+01              0             27              0              2   1.602715e+01   4.875960e-01   9.159369e-01
        169000   1.744135e+00   4.546188e+01              0             29              0              2   1.592498e+01   4.990732e-01   9.205395e-01
        169500   1.690344e+00   5.724886e+01              0             32              0              2   1.592770e+01   4.929146e-01   9.255209e-01
        170000   1.724396e+00   5.485384e+01              0             30              0              2   1.612546e+01   4.909061e-01   9.288728e-01
        170500   1.688058e+00   5.908105e+01              0             30              0              1   1.625702e+01   4.834730e-01   9.339641e-01
        171000   1.712105e+00   5.681915e+01              0             27              0              2   1.606026e+01   4.798587e-01   9.176093e-01
        171500   1.734296e+00   5.781214e+01              0             29              0              2   1.624331e+01   4.784953e-01   9.256160e-01
        172000   1.718741e+00   5.880173e+01              0             30              0              2   1.621309e+01   4.694592e-01   9.360799e-01
        172500   1.706457e+00   5.977717e+01              0             30              0              2   1.609202e+01   4.723014e-01   9.216906e-01
        173000   1.702420e+00   6.076624e+01              0             31              0              3   1.584535e+01   4.774873e-01   9.157894e-01
        173500   1.682258e+00   6.452414e+01              0             32              0              3   1.600790e+01   4.795170e-01   9.047780e-01
        174000   1.687040e+00   6.549609e+01              0             32              0              2   1.655490e+01   5.094421e-01   9.272180e-01
        174500   1.706573e+00   6.361313e+01              0             32              0              2   1.599986e+01   4.838246e-01   9.159625e-01
        175000   1.706935e+00   6.460086e+01              0             31              0              3   1.597813e+01   4.988053e-01   9.215889e-01
        175500   1.742656e+00   6.559071e+01              0             32              0              4   1.637395e+01   5.089775e-01   9.221356e-01
        176000   1.743504e+00   5.704940e+01              0             30              0              1   1.619462e+01   4.894789e-01   9.290521e-01
        176500   1.723552e+00   6.751440e+01              0             31              0              2   1.627809e+01   5.227762e-01   9.309580e-01
        177000   1.727826e+00   6.850928e+01              0             30              0              3   1.615769e+01   5.047011e-01   9.333954e-01
        177500   1.737214e+00   6.949854e+01              0             30              0              1   1.605870e+01   4.930142e-01   9.168324e-01
        178000   1.725903e+00   7.048608e+01              0             31              0              2   1.598047e+01   5.184381e-01   9.203399e-01
        178500   1.708852e+00   7.146499e+01              0             28              0              2   1.638640e+01   4.950710e-01   9.383885e-01
        179000   1.717041e+00   7.245510e+01              0             31              0              2   1.638598e+01   5.006012e-01   9.342205e-01
        179500   1.772865e+00   6.343043e+01              0             27              0              3   1.614916e+01   5.059463e-01   9.413210e-01
        180000   1.801993e+00   4.770732e+01              0             29              0              0   1.594024e+01   5.006241e-01   9.307331e-01
        180500   1.840620e+00   4.868978e+01              0             32              0              2   1.628318e+01   4.959519e-01   9.408292e-01
        181000   1.851288e+00   3.152693e+01              0             28              0              3   1.614644e+01   4.889808e-01   9.245034e-01
        181500   1.835762e+00   3.251287e+01              0             29              0              3   1.607153e+01   4.932010e-01   9.309287e-01
        182000   1.844229e+00   5.151134e+01              0             27              0              1   1.600626e+01   4.699861e-01   9.197883e-01
        182500   1.832065e+00   5.248166e+01              0             26              0              2   1.620593e+01   4.883009e-01   9.259528e-01
        183000   1.890070e+00   3.540764e+01              0             27              0              2   1.584962e+01   4.754260e-01   9.166589e-01
        183500   1.899026e+00   2.087764e+01              0             29              0              2   1.588672e+01   4.520875e-01   9.264129e-01
        184000   1.895023e+00   2.186755e+01              0             32              0              3   1.604491e+01   4.339356e-01   9.116844e-01
        184500   1.886996e+00   3.824673e+01              0             29              0              1   1.564335e+01   4.683422e-01   9.295280e-01
        185000   1.916557e+00   2.382104e+01              0             30              0              1   1.568256e+01   4.600205e-01   9.169994e-01
        185500   1.926756e+00   2.479708e+01              0             31              0              1   1.613274e+01   4.475361e-01   9.212889e-01
        186000   1.887885e+00   2.576961e+01              0             31              0              2   1.611738e+01   4.679896e-01   9.126868e-01
        186500   1.903323e+00   4.186533e+01              0             30              0              2   1.610202e+01   4.831195e-01   9.195215e-01
        187000   1.896280e+00   4.279247e+01              0             31              0              1   1.618485e+01   5.152729e-01   9.440426e-01
        187500   1.907849e+00   2.869003e+01              0             28              0              2   1.598685e+01   5.194107e-01   9.424241e-01
        188000   1.898705e+00   2.967954e+01              0             34              0              0   1.597583e+01   5.016385e-01   9.333955e-01
        188500   1.925125e+00   1.837657e+01              0             29              0              1   1.605436e+01   4.927726e-01   9.462881e-01
        189000   1.891995e+00   3.164894e+01              0             31              0              1   1.592278e+01   5.070302e-01   9.423470e-01
        189500   1.905284e+00   3.262016e+01              0             33              0              2   1.598177e+01   4.974237e-01   9.382817e-01
        190000   1.887126e+00   4.831327e+01              0             32              0              2   1.618269e+01   4.902305e-01   9.417204e-01
        190500   1.896681e+00   3.456103e+01              0             30              0              2   1.643094e+01   5.174720e-01   9.638354e-01
        191000   1.906940e+00   3.555472e+01              0             31              0              1   1.630572e+01   5.163853e-01   9.468580e-01
        191500   1.930613e+00   3.654521e+01              0             30              0              0   1.607604e+01   5.478359e-01   9.461565e-01
        192000   1.954601e+00   2.425305e+01              0             25              0              0   1.605371e+01   5.438040e-01   9.545065e-01
        192500   1.998455e+00   1.448418e+01              0             28              0              1   1.610582e+01   5.282392e-01   9.454776e-01
        193000   2.016559e+00   1.547941e+01              0             26              0              1   1.635279e+01   5.285248e-01   9.573222e-01
        193500   2.019151e+00   1.647450e+01              0             29              0              0   1.610425e+01   5.322861e-01   9.539710e-01
        194000   1.997306e+00   1.745440e+01              0             26              0              1   1.602107e+01   5.639436e-01   9.700915e-01
        194500   2.030187e+00   1.844871e+01              0             27              0              2   1.616206e+01   5.526204e-01   9.463682e-01
        195000   2.036398e+00   1.941873e+01              0             29              0              2   1.647058e+01   5.744067e-01   9.607966e-01
        195500   2.011867e+00   2.041253e+01              0             29              0              3   1.633518e+01   5.527068e-01   9.417868e-01
        196000   1.982353e+00   3.137811e+01              0             33              0              1   1.607318e+01   5.422485e-01   9.340475e-01
        196500   1.979421e+00   3.236076e+01              0             31              0              2   1.640634e+01   5.495322e-01   9.395575e-01
        197000   2.010507e+00   2.329179e+01              0             32              0              3   1.630571e+01   5.451058e-01   9.519444e-01
        197500   2.004261e+00   2.428056e+01              0             30              0              2   1.641551e+01   5.270678e-01   9.326648e-01
        198000   1.967124e+00   3.519716e+01              0             31              0              1   1.623702e+01   5.124002e-01   9.278248e-01
        198500   1.960342e+00   3.617925e+01              0             35              0              4   1.614733e+01   5.121923e-01   9.169453e-01
        199000   1.977636e+00   3.716672e+01              0             36              0              3   1.609262e+01   5.303088e-01   9.310630e-01
        199500   1.949948e+00   3.816067e+01              0             35              0              4   1.606452e+01   5.241066e-01   9.233315e-01
        200000   1.941370e+00   4.920704e+01              0             35              0              3   1.594039e+01   5.436672e-01   9.217027e-01
        200500   1.934037e+00   5.018321e+01              0             35              0              3   1.599748e+01   5.076716e-01   9.166656e-01
        201000   1.897091e+00   5.117171e+01              0             37              0              4   1.646006e+01   5.128995e-01   9.193927e-01
        201500   1.855757e+00   6.174250e+01              0             37              0              3   1.634638e+01   4.996266e-01   8.975960e-01
        202000   1.916202e+00   5.294129e+01              0             36              0              5   1.635741e+01   5.203229e-01   9.141596e-01
        202500   1.907227e+00   5.391809e+01              0             37              0              3   1.632620e+01   5.238901e-01   9.233776e-01
        203000   1.891381e+00   5.487330e+01              0             36              0              3   1.622693e+01   5.278189e-01   9.331501e-01
        203500   1.921303e+00   5.585445e+01              0             36              0              3   1.632943e+01   5.098557e-01   9.260888e-01
        204000   1.897397e+00   5.684204e+01              0             35              0              3   1.588310e+01   4.885884e-01   9.128960e-01
        204500   1.918979e+00   5.783223e+01              0             36              0              4   1.633987e+01   5.132072e-01   9.264774e-01
        205000   1.886935e+00   6.800462e+01              0             37              0              5   1.596545e+01   4.961007e-01   9.009408e-01
        205500   1.873160e+00   6.900182e+01              0             36              0              4   1.613137e+01   5.120711e-01   9.178690e-01
        206000   1.879590e+00   6.999636e+01              0             35              0              4   1.607128e+01   4.941058e-01   9.075459e-01
        206500   1.863854e+00   7.098753e+01              0             37              0              3   1.620585e+01   4.895966e-01   9.157967e-01
        207000   1.839757e+00   7.897531e+01              0             38              0              3   1.584664e+01   5.085625e-01   8.972000e-01
        207500   1.809449e+00   8.407552e+01              0             37              0              3   1.580489e+01   4.968641e-01   9.023445e-01
        208000   1.825590e+00   8.091789e+01              0             37              0              2   1.608737e+01   5.187463e-01   9.105804e-01
        208500   1.857080e+00   7.466811e+01              0             38              0              3   1.602160e+01   5.128701e-01   9.127465e-01
        209000   1.864345e+00   7.566232e+01              0             39              0              3   1.614562e+01   5.506349e-01   9.435330e-01
        209500   1.865858e+00   7.665572e+01              0             37              0              3   1.590937e+01   5.118204e-01   9.183355e-01
        210000   1.893379e+00   7.762388e+01              0             38              0              3   1.614531e+01   5.158459e-01   9.135379e-01
        210500   1.863627e+00   7.861439e+01              0             36              0              3   1.591611e+01   5.461990e-01   9.041157e-01
        211000   1.869143e+00   7.958692e+01              0             36              0              3   1.598639e+01   5.270912e-01   9.088378e-01
        211500   1.907745e+00   6.959505e+01              0             35              0              4   1.587205e+01   5.315796e-01   9.163774e-01
        212000   1.926637e+00   7.058795e+01              0             37              0              3   1.607968e+01   5.128714e-01   9.395137e-01
        212500   1.944093e+00   5.652008e+01              0             37              0              2   1.599655e+01   5.196792e-01   9.375062e-01
        213000   1.952819e+00   5.751547e+01              0             36              0              2   1.604151e+01   5.254614e-01   9.330766e-01
        213500   1.983883e+00   4.120558e+01              0             36              0              4   1.587833e+01   5.173580e-01   9.240435e-01
        214000   1.989949e+00   4.216697e+01              0             36              0              2   1.598992e+01   4.859877e-01   9.245035e-01
        214500   1.959920e+00   6.045407e+01              0             35              0              3   1.582098e+01   4.896844e-01   9.316467e-01
        215000   1.951472e+00   6.143576e+01              0             36              0              4   1.598358e+01   4.843222e-01   9.185480e-01
        215500   1.969571e+00   4.475368e+01              0             36              0              4   1.609532e+01   4.709883e-01   9.239211e-01
        216000   1.953977e+00   6.339438e+01              0             38              0              3   1.610137e+01   4.826130e-01   9.209146e-01
        216500   1.956877e+00   6.438289e+01              0             39              0              4   1.619689e+01   4.688794e-01   9.223729e-01
        217000   2.016736e+00   4.737092e+01              0             37              0              4   1.600134e+01   4.760616e-01   9.098038e-01
        217500   2.005351e+00   4.837047e+01              0             38              0              4   1.595987e+01   4.874247e-01   9.149884e-01
        218000   2.023607e+00   4.936485e+01              0             36              0              4   1.620503e+01   5.080180e-01   9.088140e-01
        218500   2.063655e+00   3.217317e+01              0             37              0              4   1.590589e+01   5.241801e-01   9.130280e-01
        219000   2.058508e+00   3.316381e+01              0             32              0              5   1.575570e+01   5.182472e-01   9.011799e-01
        219500   2.107147e+00   1.923827e+01              0             35              0              3   1.603175e+01   5.264542e-01   9.208439e-01
        220000   2.088766e+00   2.022073e+01              0             35              0              3   1.596854e+01   4.968570e-01   8.901935e-01
        220500   2.116290e+00   2.120842e+01              0             36              0              5   1.585000e+01   4.928006e-01   8.889023e-01
        221000   2.060198e+00   3.694620e+01              0             36              0              5   1.543599e+01   4.898522e-01   8.773656e-01
        221500   2.089455e+00   3.792606e+01              0             37              0              5   1.572661e+01   4.953562e-01   8.957741e-01
        222000   2.084334e+00   2.405228e+01              0             39              0              5   1.547688e+01   4.996333e-01   8.756540e-01
        222500   2.067026e+00   3.987768e+01              0             40              0              5   1.584523e+01   5.172470e-01   8.902592e-01
        223000   2.071374e+00   4.086951e+01              0             35              0              5   1.573339e+01   5.292055e-01   8.862272e-01
        223500   2.086968e+00   4.184475e+01              0             33              0              4   1.579588e+01   5.251142e-01   9.062900e-01
        224000   2.062077e+00   4.281999e+01              0             37              0              6   1.594876e+01   4.993027e-01   8.866605e-01
        224500   2.073533e+00   4.381019e+01              0             41              0              5   1.594059e+01   5.129973e-01   9.055245e-01
        225000   2.071600e+00   4.480551e+01              0             35              0              4   1.610438e+01   5.286978e-01   9.087327e-01
        225500   2.034936e+00   4.577470e+01              0             32              0              3   1.574568e+01   5.236285e-01   9.012431e-01
        226000   2.037196e+00   4.672540e+01              0             33              0              3   1.594331e+01   5.172615e-01   9.105898e-01
        226500   2.041919e+00   4.766690e+01              0             31              0              3   1.581938e+01   5.260573e-01   8.889938e-01
        227000   2.021543e+00   6.442841e+01              0             34              0              5   1.595309e+01   5.147286e-01   8.892792e-01
        227500   2.042239e+00   4.953254e+01              0             34              0              3   1.612161e+01   5.446450e-01   9.072976e-01
        228000   2.081321e+00   5.050695e+01              0             31              0              4   1.573565e+01   5.647548e-01   9.181343e-01
        228500   2.083176e+00   5.149297e+01              0             33              0              4   1.578297e+01   5.524017e-01   9.181724e-01
        229000   2.102187e+00   3.602831e+01              0             34              0              4   1.585277e+01   5.710836e-01   9.103549e-01
        229500   2.070087e+00   5.336514e+01              0             33              0              3   1.617733e+01   5.783876e-01   9.096610e-01
        230000   2.040125e+00   5.434647e+01              0             31              0              5   1.551010e+01   5.489523e-01   8.903601e-01
        230500   2.067341e+00   5.533125e+01              0             31              0              4   1.570425e+01   5.403426e-01   8.765808e-01
        231000   2.120997e+00   3.963411e+01              0             32              0              3   1.605754e+01   5.659457e-01   8.958921e-01
        231500   2.100959e+00   4.062236e+01              0             33              0              4   1.610048e+01   5.704033e-01   8.978769e-01
        232000   2.088373e+00   5.806406e+01              0             36              0              5   1.602051e+01   5.684901e-01   8.947079e-01
        232500   2.102775e+00   4.258225e+01              0             36              0              5   1.618692e+01   5.519431e-01   8.969688e-01
        233000   2.076590e+00   5.995040e+01              0             32              0              4   1.610914e+01   5.713241e-01   9.052979e-01
        233500   2.102243e+00   4.451805e+01              0             35              0              4   1.596418e+01   5.597600e-01   9.034203e-01
        234000   2.126761e+00   4.551270e+01              0             36              0              4   1.605540e+01   5.602769e-01   9.168650e-01
        234500   2.107646e+00   4.650043e+01              0             39              0              6   1.597870e+01   5.607405e-01   9.012082e-01
        235000   2.119469e+00   4.748901e+01              0             40              0              4   1.601478e+01   5.628752e-01   9.190249e-01
        235500   2.109804e+00   4.848140e+01              0             39              0              5   1.570679e+01   5.636458e-01   9.044168e-01
        236000   2.120437e+00   4.947172e+01              0             38              0              5   1.604453e+01   5.633706e-01   9.134716e-01
        236500   2.113408e+00   5.043884e+01              0             34              0              4   1.558207e+01   5.589616e-01   8.895905e-01
        237000   2.123747e+00   5.143505e+01              0             33              0              3   1.566715e+01   5.686831e-01   9.003047e-01
        237500   2.139609e+00   3.532767e+01              0             32              0              2   1.585601e+01   5.662861e-01   8.875814e-01
        238000   2.114204e+00   5.339190e+01              0             30              0              2   1.570235e+01   5.641925e-01   8.815431e-01
        238500   2.108481e+00   5.438536e+01              0             29              0              3   1.609127e+01   5.467307e-01   8.955753e-01
        239000   2.127966e+00   5.537035e+01              0             34              0              3   1.591563e+01   5.269548e-01   8.819458e-01
        239500   2.141828e+00   3.898441e+01              0             27              0              3   1.580250e+01   5.591034e-01   8.907543e-01
        240000   2.180464e+00   2.366988e+01              0             29              0              2   1.570787e+01   5.535663e-01   8.904203e-01
        240500   2.206611e+00   2.463282e+01              0             21              0              2   1.575018e+01   5.831276e-01   8.970265e-01
        241000   2.169643e+00   4.187932e+01              0             21              0              2   1.580560e+01   5.784072e-01   9.060525e-01
        241500   2.222307e+00   2.658831e+01              0             22              0              2   1.590527e+01   5.781139e-01   9.194269e-01
        242000   2.154256e+00   4.370737e+01              0             23              0              2   1.578475e+01   5.961139e-01   8.970931e-01
        242500   2.172729e+00   4.469775e+01              0             26              0              2   1.550158e+01   6.032074e-01   8.925013e-01
        243000   2.195938e+00   2.938497e+01              0             21              0              1   1.608814e+01   5.934418e-01   9.197512e-01
        243500   2.201956e+00   3.037550e+01              0             21              0              3   1.578903e+01   5.977682e-01   9.115747e-01
        244000   2.203359e+00   3.136842e+01              0             20              0              3   1.555940e+01   5.973499e-01   8.954993e-01
        244500   2.191678e+00   3.236278e+01              0             19              0              2   1.589731e+01   5.683529e-01   9.091398e-01
        245000   2.160437e+00   4.937223e+01              0             24              0              2   1.585100e+01   5.726974e-01   8.967614e-01
        245500   2.173105e+00   5.036294e+01              0             20              0              2   1.614282e+01   5.856259e-01   9.212898e-01
        246000   2.184317e+00   5.132224e+01              0             21              0              4   1.599333e+01   5.735990e-01   9.126008e-01
        246500   2.125849e+00   6.692122e+01              0             26              0              3   1.614439e+01   5.858190e-01   9.286856e-01
        247000   2.123086e+00   6.791441e+01              0             24              0              3   1.607249e+01   5.824379e-01   9.228711e-01
        247500   2.180740e+00   5.412129e+01              0             23              0              2   1.572290e+01   5.815235e-01   9.101012e-01
        248000   2.208855e+00   3.830509e+01              0             16              0              2   1.581459e+01   5.760153e-01   9.231603e-01
        248500   2.208126e+00   3.930350e+01              0             20              0              2   1.587136e+01   5.877606e-01   9.208387e-01
        249000   2.262809e+00   2.466360e+01              0             18              0              2   1.600366e+01   5.968435e-01   9.238674e-01
        249500   2.327168e+00   1.377152e+01              0             18              0              2   1.606711e+01   5.692463e-01   9.299376e-01
        250000   2.395310e+00   3.333762e+00              0             24              0              3   1.594289e+01   5.746686e-01   9.068611e-01
        250500   2.377076e+00   8.309135e+00              0             21              0              3   1.582648e+01   5.731614e-01   8.983339e-01
        251000   2.359207e+00   9.301107e+00              0             24              0              3   1.583800e+01   5.870250e-01   9.262808e-01
        251500   2.320220e+00   1.734000e+01              0             25              0              4   1.614819e+01   6.030691e-01   9.173685e-01
        252000   2.363775e+00   1.119399e+01              0             21              0              3   1.597337e+01   6.056364e-01   9.212067e-01
        252500   2.376167e+00   1.219196e+01              0             18              0              2   1.591947e+01   5.878901e-01   9.169247e-01
        253000   2.418230e+00   8.432267e+00              0             20              0              3   1.593863e+01   5.794628e-01   9.067376e-01
        253500   2.400976e+00   9.425889e+00              0             16              0              2   1.599210e+01   5.996565e-01   8.950746e-01
        254000   2.369460e+00   1.504111e+01              0             21              0              2   1.632127e+01   6.330897e-01   9.003853e-01
        254500   2.408616e+00   1.131909e+01              0             17              0              2   1.575390e+01   6.059476e-01   8.779419e-01
        255000   2.397976e+00   1.698815e+01              0             17              0              1   1.568854e+01   5.917790e-01   8.795219e-01
        255500   2.367051e+00   1.796700e+01              0             17              0              2   1.568381e+01   5.929294e-01   8.726857e-01
        256000   2.362834e+00   1.895968e+01              0             16              0              1   1.606010e+01   6.002831e-01   8.645309e-01
        256500   2.359401e+00   1.993801e+01              0             17              0              2   1.617193e+01   6.027463e-01   8.567788e-01
        257000   2.362135e+00   2.092735e+01              0             17              0              2   1.587617e+01   6.088917e-01   8.592374e-01
        257500   2.416779e+00   1.670542e+01              0             14              0              2   1.580733e+01   6.151783e-01   8.644876e-01
        258000   2.471263e+00   1.205795e+01              0             11              0              2   1.542602e+01   6.093034e-01   8.342623e-01
        258500   2.480591e+00   1.302765e+01              0             11              0              2   1.543858e+01   5.856858e-01   8.320461e-01
        259000   2.506761e+00   8.748561e+00              0             15              0              2   1.526210e+01   5.978114e-01   8.362758e-01
        259500   2.442776e+00   2.006493e+01              0             12              0              2   1.527743e+01   5.926244e-01   8.410141e-01
        260000   2.469003e+00   1.593446e+01              0             14              0              2   1.549533e+01   5.921177e-01   8.531281e-01
        260500   2.496436e+00   1.691652e+01              0             10              0              2   1.569915e+01   5.980558e-01   8.446326e-01
        261000   2.495608e+00   1.789086e+01              0             12              0              2   1.593909e+01   5.842149e-01   8.784229e-01
        261500   2.543109e+00   1.323785e+01              0              9              0              1   1.628729e+01   5.647824e-01   8.829280e-01
        262000   2.546324e+00   1.422124e+01              0             12              0              2   1.584543e+01   5.583573e-01   8.648684e-01
        262500   2.581181e+00   9.929486e+00              0             12              0              2   1.598998e+01   5.891962e-01   8.708047e-01
        263000   2.590289e+00   1.090685e+01              0             15              0              2   1.583250e+01   5.906742e-01   8.804947e-01
        263500   2.579439e+00   1.189931e+01              0             14              0              2   1.555341e+01   5.689901e-01   8.552219e-01
