          step              r      E_metad_r      n_cont_CA   n_cont_heavy       n_saltbr        n_hbond           SASA           RMSD             Rg 
             0   3.820150e-01   0.000000e+00              3             22              0              6   6.159956e+00   0.000000e+00   4.412528e-01
           500   3.899532e-01   9.868653e-01              3             22              0              5   6.104643e+00   4.492413e-02   4.477236e-01
          1000   4.063840e-01   1.858805e+00              3             22              0              7   6.046735e+00   6.555532e-02   4.446448e-01
          1500   4.183843e-01   2.852728e+00              3             22              0              5   6.134376e+00   5.079923e-02   4.447168e-01
          2000   4.455400e-01   3.839756e+00              3             22              0              5   6.131483e+00   6.963540e-02   4.543259e-01
          2500   4.332626e-01   4.834598e+00              3             22              0              5   6.088876e+00   6.508470e-02   4.527417e-01
          3000   4.283386e-01   5.822831e+00              3             23              0              6   6.061637e+00   6.736068e-02   4.479584e-01
          3500   3.933173e-01   6.427934e+00              3             22              0              7   6.117195e+00   5.808595e-02   4.502989e-01
          4000   4.050500e-01   7.766773e+00              2             22              0              4   6.119737e+00   7.736944e-02   4.606306e-01
          4500   4.166912e-01   8.742073e+00              2             22              0              2   6.142004e+00   4.971682e-02   4.415186e-01
          5000   4.124588e-01   9.734106e+00              2             22              0              4   6.107659e+00   8.124834e-02   4.476426e-01
          5500   4.012486e-01   1.015399e+01              3             23              0              4   6.185180e+00   1.046297e-01   4.452943e-01
          6000   4.266834e-01   1.168863e+01              1             22              0              3   6.128553e+00   9.696669e-02   4.433227e-01
          6500   3.981844e-01   1.266478e+01              3             23              0              5   6.149836e+00   1.167250e-01   4.462757e-01
          7000   4.292474e-01   1.365334e+01              3             23              0              5   6.232183e+00   9.896788e-02   4.494447e-01
          7500   3.866655e-01   1.385157e+01              3             23              0              6   6.076271e+00   1.056990e-01   4.495830e-01
          8000   4.167002e-01   1.561210e+01              3             23              0              6   6.137779e+00   9.096754e-02   4.499396e-01
          8500   3.978957e-01   1.654828e+01              3             23              0              4   6.059935e+00   8.877593e-02   4.431339e-01
          9000   3.804992e-01   1.672956e+01              3             23              0              6   6.046941e+00   9.182207e-02   4.396074e-01
          9500   4.112421e-01   1.845599e+01              3             23              0              5   6.130897e+00   8.600736e-02   4.493850e-01
         10000   3.923103e-01   1.865254e+01              3             23              0              4   6.085318e+00   7.071938e-02   4.441481e-01
         10500   3.854490e-01   1.961806e+01              3             22              0              5   6.155772e+00   1.012622e-01   4.549866e-01
         11000   4.064976e-01   2.129389e+01              2             23              0              7   6.114260e+00   1.012207e-01   4.511573e-01
         11500   3.929883e-01   2.154334e+01              3             23              0              4   6.092507e+00   7.837834e-02   4.538354e-01
         12000   4.138574e-01   2.317822e+01              3             23              0              6   6.142043e+00   9.330025e-02   4.526416e-01
         12500   4.077539e-01   2.414192e+01              3             23              0              7   6.107375e+00   9.096508e-02   4.480897e-01
         13000   4.198854e-01   2.510357e+01              3             23              0              2   6.218231e+00   1.128164e-01   4.580551e-01
         13500   4.143452e-01   2.608878e+01              3             23              0              6   6.047616e+00   1.299485e-01   4.501378e-01
         14000   3.930893e-01   2.626243e+01              3             23              0              7   6.156766e+00   1.105055e-01   4.491098e-01
         14500   3.992910e-01   2.723423e+01              3             23              0              6   6.070204e+00   1.076223e-01   4.487635e-01
         15000   3.869494e-01   2.816003e+01              3             23              0              7   6.117211e+00   1.203050e-01   4.552663e-01
         15500   3.736235e-01   2.915218e+01              3             23              0              7   6.053289e+00   1.183443e-01   4.446230e-01
         16000   3.675491e-01   3.014667e+01              3             23              0              3   6.059944e+00   1.038470e-01   4.429795e-01
         16500   3.824560e-01   3.113744e+01              3             22              0              6   6.144497e+00   1.171563e-01   4.438462e-01
         17000   3.772228e-01   3.212002e+01              3             23              0              7   6.016446e+00   1.157740e-01   4.323751e-01
         17500   3.656935e-01   3.311229e+01              3             23              0              7   6.079635e+00   1.149675e-01   4.411644e-01
         18000   3.912089e-01   3.419736e+01              3             23              0              6   6.131072e+00   1.182887e-01   4.527884e-01
         18500   3.976080e-01   3.508225e+01              3             23              0              5   6.065093e+00   9.647894e-02   4.424116e-01
         19000   4.110034e-01   3.609503e+01              3             22              0              6   6.154426e+00   9.613805e-02   4.500879e-01
         19500   3.729841e-01   3.696711e+01              3             23              0              5   6.159655e+00   9.333069e-02   4.491015e-01
         20000   3.911434e-01   3.791387e+01              3             21              0              6   5.978540e+00   6.687697e-02   4.304328e-01
         20500   4.042828e-01   3.889567e+01              3             22              0              6   6.162275e+00   9.029521e-02   4.419637e-01
         21000   4.246741e-01   3.988474e+01              3             22              0              5   6.202456e+00   1.234522e-01   4.551919e-01
         21500   4.282386e-01   4.087874e+01              2             22              0              5   6.153615e+00   1.234670e-01   4.513322e-01
         22000   4.230242e-01   4.186209e+01              2             21              0              5   6.117009e+00   1.021960e-01   4.544609e-01
         22500   3.841641e-01   4.242354e+01              3             22              0              6   6.114111e+00   9.209105e-02   4.460555e-01
         23000   4.125021e-01   4.380249e+01              3             22              0              6   6.175714e+00   8.113838e-02   4.437939e-01
         23500   3.905185e-01   4.437488e+01              3             23              0              5   6.126996e+00   7.240364e-02   4.515220e-01
         24000   4.168599e-01   4.571623e+01              3             23              0              6   6.098206e+00   9.500580e-02   4.466659e-01
         24500   4.285434e-01   3.717598e+01              2             22              0              6   6.097167e+00   8.394958e-02   4.406890e-01
         25000   4.044502e-01   4.767627e+01              3             23              0              8   6.077555e+00   7.916656e-02   4.430684e-01
         25500   3.876315e-01   4.802252e+01              3             23              0              6   6.070933e+00   7.039066e-02   4.445261e-01
         26000   4.177583e-01   4.960308e+01              2             22              0              6   6.187656e+00   9.839069e-02   4.561021e-01
         26500   3.950832e-01   4.992162e+01              3             22              0              4   6.172932e+00   7.890393e-02   4.443033e-01
         27000   3.940614e-01   5.091569e+01              3             23              0              4   6.062258e+00   7.993686e-02   4.484142e-01
         27500   4.238091e-01   5.236844e+01              2             21              0              4   6.153578e+00   8.159997e-02   4.561617e-01
         28000   4.130359e-01   5.333929e+01              2             23              0              3   6.143968e+00   9.172788e-02   4.515594e-01
         28500   4.087211e-01   5.428247e+01              2             23              0              5   6.156402e+00   9.317686e-02   4.534639e-01
         29000   3.949911e-01   5.474196e+01              3             23              0              5   6.021764e+00   8.197854e-02   4.435849e-01
         29500   3.783911e-01   5.573445e+01              3             23              0              5   6.152573e+00   9.399425e-02   4.549709e-01
         30000   3.836717e-01   5.671127e+01              3             23              0              7   6.111474e+00   1.039833e-01   4.480767e-01
         30500   3.726470e-01   5.769493e+01              3             22              0              5   6.050042e+00   1.034786e-01   4.549455e-01
         31000   4.080788e-01   5.883304e+01              3             21              0              6   6.070978e+00   9.919090e-02   4.432689e-01
         31500   3.817375e-01   5.963193e+01              3             23              0              6   6.057070e+00   8.837641e-02   4.410343e-01
         32000   3.948275e-01   6.062060e+01              2             22              0              6   6.055944e+00   1.003576e-01   4.459582e-01
         32500   3.994225e-01   6.159116e+01              3             22              0              4   6.119187e+00   9.620325e-02   4.508272e-01
         33000   3.545010e-01   4.934817e+01              3             23              0              7   6.032457e+00   1.004425e-01   4.411467e-01
         33500   4.000184e-01   6.336073e+01              3             23              0              6   6.052548e+00   9.723146e-02   4.493143e-01
         34000   4.020260e-01   6.429071e+01              2             23              0              5   6.110194e+00   9.588931e-02   4.510855e-01
         34500   3.770201e-01   6.546100e+01              3             23              0              6   6.060841e+00   1.013675e-01   4.534995e-01
         35000   4.016327e-01   6.610036e+01              3             23              0              4   6.134833e+00   1.027236e-01   4.637788e-01
         35500   4.158768e-01   6.708642e+01              2             21              0              4   6.222911e+00   9.546005e-02   4.566041e-01
         36000   4.281402e-01   6.808230e+01              2             21              0              2   6.170103e+00   9.484419e-02   4.501406e-01
         36500   4.455614e-01   5.449447e+01              1             21              0              5   6.141485e+00   7.816266e-02   4.519720e-01
         37000   4.493321e-01   5.548807e+01              1             20              0              4   6.080544e+00   8.221113e-02   4.502202e-01
         37500   4.462254e-01   5.641222e+01              2             21              0              4   6.224901e+00   8.644647e-02   4.564559e-01
         38000   4.318856e-01   7.189650e+01              1             22              0              4   6.131048e+00   8.018498e-02   4.528042e-01
         38500   4.381675e-01   7.289160e+01              2             21              0              5   6.096620e+00   7.365065e-02   4.530929e-01
         39000   4.717190e-01   5.922281e+01              2             20              0              4   6.067427e+00   7.730359e-02   4.530764e-01
         39500   4.844917e-01   3.861865e+01              1             18              0              4   6.145691e+00   8.919276e-02   4.626572e-01
         40000   4.487406e-01   6.117094e+01              2             21              0              5   6.076837e+00   7.919347e-02   4.510607e-01
         40500   4.182372e-01   7.633267e+01              2             22              0              5   6.070992e+00   8.969819e-02   4.483474e-01
         41000   4.338462e-01   6.295040e+01              2             22              0              4   6.141335e+00   7.884862e-02   4.516600e-01
         41500   4.550765e-01   6.393582e+01              2             19              0              4   6.135096e+00   8.216348e-02   4.488588e-01
         42000   4.614458e-01   6.488784e+01              2             17              0              4   6.169015e+00   1.042207e-01   4.650171e-01
         42500   4.629886e-01   6.587771e+01              2             21              0              4   6.035942e+00   8.699819e-02   4.579980e-01
         43000   4.671200e-01   6.687034e+01              2             17              0              4   6.121349e+00   9.823548e-02   4.539296e-01
         43500   4.869365e-01   6.784338e+01              1             18              0              2   6.076535e+00   9.759743e-02   4.630821e-01
         44000   4.581392e-01   6.877640e+01              2             21              0              4   6.062168e+00   1.093141e-01   4.623239e-01
         44500   4.751692e-01   6.976656e+01              2             17              0              4   6.159792e+00   9.810051e-02   4.557157e-01
         45000   4.552078e-01   7.071072e+01              2             19              0              4   6.075358e+00   9.625090e-02   4.551983e-01
         45500   4.805432e-01   7.169584e+01              1             18              0              4   6.213946e+00   1.113943e-01   4.686502e-01
         46000   5.134833e-01   4.983157e+01              1             16              0              3   6.221552e+00   1.275619e-01   4.625407e-01
         46500   4.909086e-01   5.082388e+01              2             16              0              3   6.142526e+00   1.185857e-01   4.565295e-01
         47000   4.863319e-01   7.448901e+01              1             17              0              3   6.191890e+00   9.180019e-02   4.548233e-01
         47500   4.745405e-01   7.547158e+01              2             20              0              4   6.145870e+00   8.806153e-02   4.609414e-01
         48000   4.656324e-01   7.645559e+01              2             17              0              4   6.172255e+00   1.096662e-01   4.656478e-01
         48500   4.728120e-01   7.744714e+01              2             20              0              3   6.217302e+00   1.035341e-01   4.645195e-01
         49000   4.272910e-01   9.033812e+01              2             19              0              4   6.120848e+00   1.239924e-01   4.651792e-01
         49500   4.294028e-01   9.132544e+01              2             20              0              5   6.122224e+00   1.027996e-01   4.551667e-01
         50000   4.681014e-01   8.027178e+01              1             18              0              3   6.100046e+00   8.951771e-02   4.476679e-01
         50500   4.460203e-01   8.124511e+01              1             18              0              4   6.180256e+00   7.317220e-02   4.496698e-01
         51000   4.285224e-01   9.405309e+01              2             20              0              4   6.115446e+00   1.048618e-01   4.663739e-01
         51500   4.221247e-01   9.499955e+01              2             21              0              5   6.207136e+00   1.097088e-01   4.635795e-01
         52000   4.359279e-01   8.402074e+01              2             19              0              5   6.159513e+00   9.895988e-02   4.528715e-01
         52500   4.635041e-01   8.495574e+01              1             18              0              4   6.182822e+00   9.835666e-02   4.637297e-01
         53000   4.256727e-01   9.778067e+01              2             20              0              4   5.985429e+00   8.728157e-02   4.516578e-01
         53500   4.034183e-01   9.874567e+01              2             19              0              4   6.064992e+00   8.358235e-02   4.501979e-01
         54000   3.952784e-01   9.188355e+01              2             21              0              6   6.086066e+00   8.234528e-02   4.499676e-01
         54500   3.877013e-01   9.287780e+01              2             22              0              6   6.097489e+00   6.254349e-02   4.481627e-01
         55000   4.092020e-01   1.014930e+02              2             20              0              5   6.079171e+00   8.784444e-02   4.576842e-01
         55500   4.216129e-01   1.024704e+02              2             20              0              6   6.139015e+00   8.485185e-02   4.503152e-01
         56000   4.012351e-01   1.034620e+02              2             22              0              4   6.059286e+00   9.609287e-02   4.434775e-01
         56500   3.876231e-01   9.665651e+01              2             20              0              4   6.148688e+00   1.017980e-01   4.442675e-01
         57000   3.906434e-01   9.764700e+01              2             22              0              6   6.132046e+00   1.077787e-01   4.464634e-01
         57500   3.767711e-01   9.860209e+01              2             23              0              6   5.972463e+00   1.098367e-01   4.429998e-01
         58000   3.719547e-01   7.467855e+01              2             22              0              5   6.037414e+00   9.733074e-02   4.454063e-01
         58500   3.364707e-01   7.565812e+01              3             22              0              5   5.991290e+00   1.065763e-01   4.463326e-01
         59000   3.563891e-01   7.662981e+01              2             22              0              7   6.070094e+00   1.059582e-01   4.520032e-01
         59500   3.556777e-01   7.762018e+01              2             22              0              4   6.067707e+00   1.028752e-01   4.454575e-01
         60000   3.390253e-01   7.860890e+01              3             23              0              6   5.988534e+00   1.111443e-01   4.297564e-01
         60500   3.489714e-01   7.960338e+01              2             23              0              5   6.037181e+00   1.097404e-01   4.360395e-01
         61000   3.694670e-01   1.047896e+02              2             22              0              5   6.053811e+00   1.164643e-01   4.487156e-01
         61500   3.876005e-01   1.057658e+02              2             20              0              5   6.014167e+00   1.151213e-01   4.508609e-01
         62000   4.169585e-01   1.122649e+02              2             19              0              4   6.155685e+00   1.112214e-01   4.530026e-01
         62500   3.756950e-01   8.288031e+01              2             21              0              6   6.090995e+00   1.017621e-01   4.344103e-01
         63000   3.626289e-01   1.085509e+02              2             22              0              6   5.891628e+00   1.173571e-01   4.401771e-01
         63500   3.496366e-01   8.480981e+01              2             22              0              7   5.957860e+00   1.364509e-01   4.367376e-01
         64000   3.595191e-01   8.580433e+01              2             21              0              5   5.959753e+00   1.127343e-01   4.478571e-01
         64500   3.983119e-01   1.113290e+02              2             21              0              4   6.109156e+00   1.052592e-01   4.556672e-01
         65000   3.574229e-01   8.758734e+01              2             22              0              5   6.137315e+00   8.615280e-02   4.540046e-01
         65500   3.477496e-01   8.856730e+01              2             23              0              6   6.050974e+00   9.170111e-02   4.456260e-01
         66000   3.579188e-01   8.955770e+01              3             23              0              6   6.051495e+00   7.808005e-02   4.414027e-01
         66500   3.802770e-01   1.150626e+02              2             23              0              6   6.157943e+00   9.255721e-02   4.566410e-01
         67000   3.610838e-01   1.160150e+02              3             23              0              4   6.102491e+00   8.937230e-02   4.503351e-01
         67500   3.545343e-01   5.903773e+01              3             22              0              7   6.163643e+00   8.126283e-02   4.354830e-01
         68000   3.741513e-01   9.309283e+01              2             23              0              6   6.111012e+00   9.238605e-02   4.495211e-01
         68500   3.623633e-01   9.403104e+01              3             22              0              7   5.968405e+00   8.581818e-02   4.406627e-01
         69000   3.848635e-01   1.198393e+02              2             23              0              5   6.080719e+00   9.336916e-02   4.398429e-01
         69500   3.696059e-01   9.588999e+01              2             23              0              7   6.152865e+00   9.196251e-02   4.462837e-01
         70000   3.790852e-01   1.218223e+02              2             22              0              6   6.139563e+00   1.130146e-01   4.541275e-01
         70500   3.831058e-01   1.228162e+02              2             21              0              4   6.101846e+00   1.040316e-01   4.494434e-01
         71000   3.773362e-01   1.237506e+02              3             22              0              6   6.120772e+00   9.381750e-02   4.437287e-01
         71500   3.879224e-01   1.247390e+02              2             22              0              6   6.144992e+00   8.972465e-02   4.469137e-01
         72000   3.929820e-01   1.257297e+02              2             22              0              5   6.137043e+00   9.330764e-02   4.495954e-01
         72500   4.014844e-01   1.266978e+02              2             22              0              5   6.185614e+00   1.071063e-01   4.629662e-01
         73000   4.033478e-01   1.301309e+02              3             22              0              7   6.190166e+00   8.686070e-02   4.469602e-01
         73500   3.989847e-01   1.310616e+02              2             22              0              7   6.035771e+00   1.023387e-01   4.266649e-01
         74000   3.896846e-01   1.295051e+02              3             23              0              6   6.092739e+00   1.014590e-01   4.405651e-01
         74500   3.650199e-01   1.304968e+02              3             23              0              4   6.074520e+00   1.030492e-01   4.462497e-01
         75000   3.331541e-01   1.050571e+02              3             23              0              8   6.173807e+00   9.451716e-02   4.439583e-01
         75500   3.578141e-01   1.060480e+02              3             23              0              8   6.066196e+00   9.207320e-02   4.451254e-01
         76000   3.715622e-01   1.332476e+02              3             23              0              6   6.033793e+00   8.825809e-02   4.377316e-01
         76500   3.545801e-01   1.079667e+02              3             23              0              8   6.007955e+00   9.628019e-02   4.295546e-01
         77000   3.714417e-01   1.351114e+02              3             22              0              7   6.120674e+00   9.417132e-02   4.450137e-01
         77500   3.531165e-01   1.099327e+02              3             23              0              8   6.158477e+00   1.070948e-01   4.460647e-01
         78000   3.847803e-01   1.369915e+02              3             23              0              7   6.189109e+00   1.101253e-01   4.555226e-01
         78500   3.975329e-01   1.386792e+02              3             22              0              7   6.157704e+00   1.249740e-01   4.629251e-01
         79000   3.671200e-01   1.125649e+02              3             23              0              7   6.148840e+00   1.032176e-01   4.527355e-01
         79500   3.683537e-01   1.398688e+02              3             23              0              6   6.042181e+00   1.073839e-01   4.394344e-01
         80000   3.794418e-01   1.145087e+02              3             23              0              7   6.115716e+00   9.421656e-02   4.456384e-01
         80500   3.724317e-01   1.417416e+02              2             22              0              5   6.153906e+00   9.535627e-02   4.418546e-01
         81000   3.816462e-01   1.427321e+02              2             23              0              6   6.121690e+00   1.128527e-01   4.565425e-01
         81500   3.482604e-01   1.172676e+02              2             23              0              7   6.046826e+00   1.292149e-01   4.426398e-01
         82000   3.466652e-01   1.182336e+02              2             23              0              6   5.971420e+00   1.259704e-01   4.329436e-01
         82500   3.739913e-01   1.455837e+02              2             23              0              7   6.062899e+00   1.182740e-01   4.402844e-01
         83000   3.886445e-01   1.465775e+02              2             22              0              6   6.172591e+00   9.795603e-02   4.396619e-01
         83500   3.679602e-01   1.210075e+02              2             23              0              6   6.146815e+00   9.912767e-02   4.466534e-01
         84000   3.618264e-01   1.219878e+02              2             23              0              7   6.038566e+00   1.086834e-01   4.378801e-01
         84500   3.559801e-01   1.229595e+02              3             23              0              7   6.180295e+00   1.164955e-01   4.573604e-01
         85000   3.650029e-01   1.239229e+02              3             22              0              7   6.183096e+00   1.058082e-01   4.495933e-01
         85500   3.529268e-01   1.248900e+02              3             23              0              9   6.071318e+00   8.940136e-02   4.401211e-01
         86000   3.608112e-01   1.258869e+02              3             23              0              7   6.041839e+00   8.781672e-02   4.374332e-01
         86500   3.867426e-01   1.530840e+02              3             23              0              6   6.041386e+00   9.175266e-02   4.373254e-01
         87000   3.635996e-01   1.277891e+02              3             23              0              5   5.995655e+00   1.060899e-01   4.364055e-01
         87500   3.847202e-01   1.549355e+02              3             23              0              7   6.071258e+00   1.041601e-01   4.502430e-01
         88000   3.853919e-01   1.559304e+02              3             23              0              9   6.131164e+00   1.004104e-01   4.458748e-01
         88500   3.780319e-01   1.568858e+02              3             23              0              7   6.031425e+00   1.125214e-01   4.497757e-01
         89000   3.488880e-01   1.315309e+02              3             23              0              9   5.994571e+00   1.142638e-01   4.485991e-01
         89500   3.755457e-01   1.325030e+02              3             23              0              7   6.092560e+00   9.672658e-02   4.526139e-01
         90000   3.887655e-01   1.597465e+02              3             23              0              8   6.133947e+00   9.926595e-02   4.431722e-01
         90500   3.781536e-01   1.607431e+02              3             23              0              6   6.071301e+00   8.771106e-02   4.468230e-01
         91000   3.887231e-01   1.617385e+02              2             22              0              4   6.133378e+00   8.885634e-02   4.502798e-01
         91500   3.710157e-01   1.361848e+02              3             23              0              6   6.008391e+00   8.701754e-02   4.446041e-01
         92000   3.491225e-01   1.371082e+02              3             22              0              6   6.118523e+00   1.055149e-01   4.571332e-01
         92500   3.620999e-01   1.645447e+02              3             23              0              8   6.107566e+00   8.749750e-02   4.433814e-01
         93000   4.006386e-01   1.654807e+02              2             22              0              6   6.115659e+00   9.089211e-02   4.344657e-01
         93500   3.759106e-01   1.399270e+02              2             23              0              6   6.036435e+00   8.903246e-02   4.496276e-01
         94000   4.902432e-01   8.432414e+01              1             22              0              4   6.140583e+00   9.664641e-02   4.523877e-01
         94500   5.063637e-01   8.529677e+01              1             22              0              4   6.107030e+00   1.195830e-01   4.606513e-01
         95000   5.043105e-01   8.628515e+01              1             22              0              4   6.151669e+00   1.079171e-01   4.621054e-01
         95500   5.116007e-01   8.726752e+01              1             21              0              6   6.266449e+00   1.163517e-01   4.660580e-01
         96000   5.248531e-01   8.823178e+01              1             22              0              5   6.210533e+00   1.235812e-01   4.635975e-01
         96500   4.914850e-01   8.919267e+01              1             21              0              5   6.245761e+00   1.298666e-01   4.643882e-01
         97000   5.261524e-01   5.119625e+01              1             20              0              2   6.248489e+00   1.353201e-01   4.643181e-01
         97500   5.235078e-01   5.215986e+01              1             20              0              4   6.321663e+00   1.260164e-01   4.641045e-01
         98000   5.269539e-01   9.207956e+01              1             16              0              3   6.247830e+00   1.424924e-01   4.755636e-01
         98500   5.434041e-01   5.412692e+01              1             16              0              4   6.157128e+00   1.656907e-01   4.832857e-01
         99000   5.394157e-01   5.511597e+01              1             15              0              3   6.177575e+00   1.710177e-01   4.772554e-01
         99500   5.424722e-01   5.610697e+01              0             16              0              3   6.182369e+00   1.343343e-01   4.730379e-01
        100000   5.094251e-01   9.572737e+01              2             16              0              4   6.124595e+00   1.428512e-01   4.648057e-01
        100500   5.412020e-01   5.805524e+01              1             14              0              3   6.278540e+00   1.150783e-01   4.594450e-01
        101000   5.445272e-01   5.904667e+01              1             16              0              3   6.255520e+00   1.690642e-01   4.727957e-01
        101500   5.637869e-01   6.003092e+01              1             15              0              3   6.228142e+00   2.124483e-01   4.781812e-01
        102000   5.678154e-01   3.294354e+01              1             13              0              3   6.235227e+00   2.008246e-01   4.864518e-01
        102500   5.541039e-01   6.198010e+01              1             13              0              3   6.250091e+00   1.824441e-01   4.723911e-01
        103000   5.658600e-01   6.294808e+01              1             14              0              2   6.234102e+00   1.862995e-01   4.665395e-01
        103500   5.418994e-01   6.392900e+01              1             14              0              1   6.205366e+00   1.779627e-01   4.747301e-01
        104000   5.747496e-01   6.491526e+01              1             14              0              3   6.151107e+00   1.987072e-01   4.738935e-01
        104500   5.568594e-01   6.590339e+01              1             15              0              2   6.198897e+00   2.042198e-01   4.768013e-01
        105000   5.697541e-01   6.689593e+01              1             14              0              1   6.169244e+00   1.633969e-01   4.688015e-01
        105500   5.500020e-01   6.785718e+01              1             15              0              1   6.229438e+00   1.936442e-01   4.687953e-01
        106000   6.036592e-01   4.031444e+01              1             12              0              2   6.192303e+00   1.906589e-01   4.713498e-01
        106500   5.800380e-01   4.127234e+01              1             14              0              3   6.195618e+00   1.930638e-01   4.691256e-01
        107000   5.897936e-01   4.225992e+01              1             14              0              2   6.306414e+00   1.806532e-01   4.641205e-01
        107500   5.616947e-01   7.160315e+01              1             14              0              2   6.245294e+00   1.940639e-01   4.663625e-01
        108000   5.589153e-01   7.258758e+01              1             13              0              3   6.269789e+00   1.872302e-01   4.760838e-01
        108500   5.885038e-01   4.499913e+01              1             13              0              3   6.176677e+00   1.882202e-01   4.719447e-01
        109000   5.751841e-01   7.450199e+01              1             13              0              2   6.153063e+00   1.708028e-01   4.627121e-01
        109500   6.041653e-01   4.695517e+01              1             12              0              2   6.201913e+00   1.856913e-01   4.846164e-01
        110000   5.988440e-01   4.793663e+01              1             13              0              4   6.175732e+00   1.910185e-01   4.740151e-01
        110500   6.455532e-01   2.795846e+01              1             11              0              3   6.304070e+00   1.925197e-01   4.654441e-01
        111000   6.212410e-01   4.987188e+01              1             12              0              3   6.198584e+00   1.829643e-01   4.849423e-01
        111500   6.333205e-01   5.082715e+01              1             13              0              3   6.219502e+00   1.775888e-01   4.630473e-01
        112000   6.656669e-01   3.085718e+01              1             13              0              3   6.334233e+00   2.040128e-01   4.740660e-01
        112500   6.795956e-01   1.710028e+01              1             13              0              4   6.271876e+00   2.139828e-01   4.659207e-01
        113000   6.387640e-01   3.283539e+01              1             13              0              4   6.262675e+00   2.235927e-01   4.602297e-01
        113500   7.007492e-01   1.887470e+01              1             14              0              2   6.233917e+00   1.965929e-01   4.684293e-01
        114000   6.699521e-01   3.477840e+01              1             15              0              2   6.260910e+00   1.985184e-01   4.702201e-01
        114500   6.565556e-01   3.576532e+01              1             15              0              4   6.263064e+00   2.015826e-01   4.680356e-01
        115000   6.631504e-01   3.673915e+01              1             15              0              3   6.371191e+00   2.061057e-01   4.612110e-01
        115500   6.832992e-01   3.772676e+01              1             15              0              4   6.215893e+00   2.006171e-01   4.624373e-01
        116000   7.150396e-01   2.354345e+01              0             14              0              2   6.245108e+00   2.252464e-01   4.803895e-01
        116500   6.992554e-01   3.959731e+01              1             13              0              2   6.265725e+00   2.119966e-01   4.667128e-01
        117000   6.575245e-01   4.056729e+01              1             15              0              4   6.142297e+00   2.193910e-01   4.616776e-01
        117500   6.833932e-01   2.640740e+01              1             13              0              3   6.262882e+00   2.113078e-01   4.732647e-01
        118000   6.849003e-01   4.249765e+01              1             15              0              4   6.136527e+00   1.968945e-01   4.639542e-01
        118500   6.799538e-01   2.835597e+01              1             13              0              3   6.210725e+00   1.933298e-01   4.595616e-01
        119000   6.938868e-01   2.934127e+01              1             15              0              2   6.187929e+00   1.995388e-01   4.559823e-01
        119500   6.814955e-01   4.532095e+01              1             10              0              3   6.279374e+00   1.636211e-01   4.538931e-01
        120000   6.847193e-01   4.630840e+01              1             15              0              3   6.116303e+00   2.003501e-01   4.587377e-01
        120500   6.614887e-01   4.728254e+01              1             15              0              3   6.164151e+00   1.734892e-01   4.517787e-01
        121000   6.593416e-01   4.828089e+01              1             15              0              4   6.313762e+00   1.659725e-01   4.677454e-01
        121500   6.743180e-01   3.395835e+01              1             15              0              4   6.259137e+00   1.584675e-01   4.623773e-01
        122000   7.324785e-01   3.493532e+01              0             15              0              3   6.229463e+00   1.467133e-01   4.642925e-01
        122500   7.003307e-01   3.591424e+01              1             15              0              3   6.286918e+00   1.675353e-01   4.706060e-01
        123000   6.975850e-01   3.688531e+01              1             15              0              4   6.206276e+00   1.675765e-01   4.701149e-01
        123500   6.803035e-01   5.287603e+01              1             15              0              2   6.248268e+00   1.933498e-01   4.660214e-01
        124000   7.362639e-01   3.881322e+01              1             12              0              2   6.277760e+00   1.693228e-01   4.717294e-01
        124500   6.871529e-01   5.475763e+01              1             15              0              5   6.186267e+00   1.845997e-01   4.600230e-01
        125000   6.705754e-01   5.572148e+01              1             12              0              3   6.309840e+00   1.943453e-01   4.664727e-01
        125500   6.747246e-01   5.667511e+01              1             11              0              3   6.208148e+00   2.091540e-01   4.702151e-01
        126000   6.736925e-01   5.765822e+01              1             14              0              2   6.219154e+00   1.789023e-01   4.656841e-01
        126500   6.644507e-01   5.864577e+01              1             11              0              2   6.314893e+00   1.721572e-01   4.606121e-01
        127000   6.996058e-01   4.440807e+01              1             10              0              3   6.137198e+00   1.712279e-01   4.633986e-01
        127500   7.425052e-01   4.538702e+01              1             11              0              3   6.213115e+00   1.788200e-01   4.639234e-01
        128000   7.134373e-01   4.634764e+01              1             12              0              2   6.230727e+00   1.899643e-01   4.605239e-01
        128500   7.560658e-01   3.179743e+01              1             11              0              2   6.219317e+00   1.721150e-01   4.678232e-01
        129000   7.505418e-01   3.275306e+01              1             14              0              2   6.221126e+00   1.820257e-01   4.728698e-01
        129500   7.716384e-01   3.374318e+01              0             10              0              2   6.171968e+00   1.745688e-01   4.772556e-01
        130000   7.508759e-01   3.471991e+01              1             13              0              1   6.186360e+00   1.724862e-01   4.762787e-01
        130500   8.005210e-01   3.569788e+01              1             11              0              2   6.210074e+00   1.773494e-01   4.707233e-01
        131000   8.235201e-01   2.239686e+01              0             11              0              2   6.158144e+00   1.682817e-01   4.724142e-01
        131500   8.348731e-01   1.250798e+01              1             10              0              2   6.237789e+00   1.733980e-01   4.764706e-01
        132000   8.138754e-01   2.424254e+01              0             11              0              1   6.221104e+00   1.806853e-01   4.605932e-01
        132500   8.344577e-01   2.522436e+01              1             11              0              2   6.213554e+00   1.721092e-01   4.633700e-01
        133000   8.360574e-01   1.532634e+01              1             12              0              2   6.245194e+00   1.613172e-01   4.637339e-01
        133500   8.458519e-01   2.712549e+01              0             12              0              2   6.228470e+00   1.691335e-01   4.630463e-01
        134000   8.241820e-01   2.811188e+01              0              8              0              1   6.287824e+00   1.614035e-01   4.615067e-01
        134500   8.080511e-01   2.910837e+01              1             11              0              3   6.297823e+00   1.780903e-01   4.613080e-01
        135000   8.169389e-01   3.009774e+01              1             12              0              1   6.194840e+00   1.715414e-01   4.538085e-01
        135500   8.233381e-01   3.108217e+01              0             12              0              3   6.283319e+00   1.494488e-01   4.707376e-01
        136000   8.578136e-01   2.089085e+01              0             10              0              1   6.249920e+00   1.511690e-01   4.586602e-01
        136500   8.111092e-01   3.297261e+01              0             12              0              2   6.191025e+00   1.524622e-01   4.532198e-01
        137000   8.262457e-01   3.396847e+01              0             13              0              2   6.249832e+00   1.752546e-01   4.682071e-01
        137500   8.192080e-01   3.495518e+01              1              9              0              2   6.206969e+00   1.880433e-01   4.694033e-01
        138000   8.157589e-01   3.592764e+01              0             11              0              2   6.206593e+00   1.955543e-01   4.690855e-01
        138500   8.343707e-01   3.690905e+01              0             12              0              2   6.209735e+00   1.944244e-01   4.673301e-01
        139000   8.613603e-01   2.620388e+01              0             11              0              2   6.198947e+00   1.657745e-01   4.594658e-01
        139500   8.409177e-01   2.719279e+01              0             12              0              1   6.179669e+00   1.883944e-01   4.600904e-01
        140000   8.820230e-01   1.766787e+01              0             12              0              1   6.095574e+00   1.682126e-01   4.579998e-01
        140500   8.457571e-01   4.051146e+01              0             11              0              2   6.201890e+00   2.006904e-01   4.652894e-01
        141000   8.403786e-01   4.144800e+01              0             10              0              2   6.132543e+00   1.773363e-01   4.613233e-01
        141500   8.584329e-01   3.113539e+01              0             11              0              2   6.149365e+00   1.885710e-01   4.586405e-01
        142000   8.517496e-01   3.211945e+01              0             12              0              2   6.137577e+00   2.132821e-01   4.650065e-01
        142500   8.310740e-01   4.424068e+01              0             12              0              3   6.139008e+00   1.937332e-01   4.615008e-01
        143000   8.631260e-01   3.402159e+01              0             11              0              2   6.156371e+00   2.039235e-01   4.641731e-01
        143500   8.700848e-01   3.498920e+01              0             13              0              2   6.178070e+00   2.155304e-01   4.627765e-01
        144000   9.182772e-01   2.437812e+01              0             13              0              2   6.222128e+00   1.963319e-01   4.716049e-01
        144500   9.177191e-01   2.537144e+01              0             12              0              4   6.178929e+00   1.793612e-01   4.689924e-01
        145000   9.692204e-01   1.583166e+01              0             12              0              3   6.165844e+00   1.771579e-01   4.723302e-01
        145500   9.107399e-01   2.732237e+01              0             12              0              4   6.220276e+00   1.765590e-01   4.685413e-01
        146000   8.975781e-01   2.826295e+01              0             13              0              3   6.152769e+00   1.845123e-01   4.613286e-01
        146500   8.622145e-01   4.040139e+01              0             13              0              3   6.198294e+00   1.864940e-01   4.616061e-01
        147000   8.981243e-01   3.010106e+01              0             12              0              4   6.097634e+00   1.759048e-01   4.644850e-01
        147500   8.885187e-01   3.104021e+01              0             14              0              3   6.242242e+00   1.846409e-01   4.689172e-01
        148000   8.994225e-01   4.331796e+01              0             12              0              2   6.182294e+00   1.873723e-01   4.705614e-01
        148500   9.424110e-01   3.298853e+01              0             14              0              4   6.185590e+00   1.631521e-01   4.636770e-01
        149000   9.295430e-01   3.395876e+01              0             11              0              3   6.134046e+00   1.740073e-01   4.613974e-01
        149500   9.111314e-01   3.495283e+01              0             11              0              3   6.241545e+00   1.818010e-01   4.595143e-01
        150000   9.594987e-01   2.391443e+01              0             10              0              3   6.193320e+00   1.833613e-01   4.709037e-01
        150500   9.192404e-01   3.692009e+01              0             11              0              4   6.280715e+00   1.858925e-01   4.789093e-01
        151000   9.306457e-01   3.790754e+01              0             11              0              3   6.155326e+00   2.012990e-01   4.671494e-01
        151500   9.273850e-01   2.671440e+01              0             12              0              3   6.245484e+00   2.111799e-01   4.715300e-01
        152000   9.165115e-01   3.985650e+01              0             11              0              2   6.116620e+00   1.939186e-01   4.609910e-01
        152500   9.307696e-01   4.082461e+01              0             13              0              2   6.051577e+00   2.092705e-01   4.627675e-01
        153000   1.024808e+00   1.772088e+01              0             12              0              3   6.112289e+00   1.820600e-01   4.667481e-01
        153500   1.053396e+00   9.897852e+00              0             10              0              3   6.147715e+00   1.830966e-01   4.683595e-01
        154000   1.008494e+00   1.966282e+01              1             12              0              4   6.126180e+00   1.958282e-01   4.655818e-01
        154500   1.012254e+00   2.065794e+01              0              9              0              3   6.179481e+00   1.850449e-01   4.667959e-01
        155000   1.043191e+00   1.267595e+01              0             11              0              3   6.190617e+00   1.825709e-01   4.671478e-01
        155500   1.057037e+00   1.366070e+01              0             11              0              4   6.220147e+00   1.878171e-01   4.664217e-01
        156000   1.036185e+00   2.351212e+01              0             12              0              4   6.224838e+00   2.033657e-01   4.651886e-01
        156500   1.069414e+00   1.561421e+01              0             10              0              3   6.120605e+00   2.150193e-01   4.692661e-01
        157000   1.046819e+00   1.660172e+01              0             10              0              2   6.137584e+00   1.954987e-01   4.667940e-01
        157500   1.015099e+00   2.631241e+01              0             10              0              3   6.127882e+00   2.194989e-01   4.711789e-01
        158000   1.025890e+00   2.730730e+01              1             10              0              3   6.107896e+00   2.039457e-01   4.624482e-01
        158500   1.025569e+00   2.827856e+01              1             11              0              3   6.169800e+00   1.881350e-01   4.598750e-01
        159000   1.086673e+00   1.261990e+01              0             10              0              2   6.209434e+00   1.884172e-01   4.695693e-01
        159500   1.084654e+00   2.126490e+01              0             10              0              0   6.145024e+00   1.733228e-01   4.640044e-01
        160000   1.108354e+00   1.449342e+01              0              9              0              2   6.179681e+00   1.669944e-01   4.592614e-01
        160500   1.095265e+00   1.542979e+01              0             10              0              2   6.173393e+00   1.450361e-01   4.657280e-01
        161000   1.105825e+00   1.641246e+01              0             11              0              2   6.274300e+00   1.674394e-01   4.672886e-01
        161500   1.068751e+00   2.508826e+01              0             12              0              2   6.184208e+00   1.587832e-01   4.708456e-01
        162000   1.155515e+00   1.120110e+01              0             10              0              0   6.134432e+00   1.752424e-01   4.649211e-01
        162500   1.085055e+00   1.923884e+01              0             12              0              2   6.175478e+00   1.534117e-01   4.597880e-01
        163000   1.130292e+00   2.021805e+01              0             11              0              2   6.186044e+00   1.624327e-01   4.642139e-01
        163500   1.105134e+00   2.854899e+01              0             11              0              2   6.171467e+00   1.389633e-01   4.568254e-01
        164000   1.094967e+00   2.952184e+01              0             12              0              2   6.173995e+00   1.508526e-01   4.591023e-01
        164500   1.151097e+00   1.547636e+01              0              9              0              2   6.243428e+00   1.468347e-01   4.571109e-01
        165000   1.077520e+00   3.127460e+01              0             11              0              2   6.132827e+00   1.697932e-01   4.543135e-01
        165500   1.032098e+00   3.842917e+01              0             11              0              2   6.085775e+00   1.509432e-01   4.390191e-01
        166000   1.049470e+00   3.936753e+01              0             13              0              1   6.102683e+00   1.560278e-01   4.436086e-01
        166500   9.867164e-01   4.033596e+01              0             16              0              2   6.139207e+00   1.464938e-01   4.535823e-01
        167000   1.025574e+00   4.131322e+01              0             14              0              2   6.146796e+00   1.520400e-01   4.479635e-01
        167500   1.063195e+00   3.580959e+01              0             13              0              3   6.204895e+00   1.415690e-01   4.497362e-01
        168000   1.085934e+00   3.679807e+01              0             13              0              2   6.165863e+00   1.419263e-01   4.582231e-01
        168500   1.076326e+00   3.779245e+01              0             13              0              2   6.215220e+00   1.423582e-01   4.570772e-01
        169000   1.103149e+00   3.021582e+01              0             11              0              0   6.186387e+00   1.340335e-01   4.511669e-01
        169500   1.035449e+00   4.564771e+01              0             14              0              3   6.141548e+00   1.346536e-01   4.379859e-01
        170000   1.028065e+00   4.663774e+01              0             13              0              3   6.195500e+00   1.331549e-01   4.563566e-01
        170500   1.008313e+00   4.763220e+01              0             14              0              2   6.167550e+00   1.491231e-01   4.474233e-01
        171000   9.901394e-01   5.242711e+01              0             14              0              2   6.176920e+00   1.448842e-01   4.488257e-01
        171500   1.023585e+00   4.960329e+01              0             11              0              2   6.156500e+00   1.440459e-01   4.428328e-01
        172000   1.027095e+00   5.057695e+01              0             14              0              2   6.030101e+00   1.463361e-01   4.361294e-01
        172500   1.089118e+00   3.498862e+01              0             12              0              2   6.173895e+00   1.463353e-01   4.450029e-01
        173000   1.131418e+00   3.597593e+01              0             10              0              1   6.169039e+00   1.365279e-01   4.491905e-01
        173500   1.245999e+00   1.423178e+01              0              6              0              1   6.114388e+00   1.246998e-01   4.292675e-01
        174000   1.270069e+00   7.807715e+00              0              6              0              1   6.123859e+00   1.206998e-01   4.388827e-01
        174500   1.294949e+00   8.793997e+00              0              7              0              1   6.092066e+00   1.252658e-01   4.360201e-01
        175000   1.310843e+00   5.460670e+00              0              7              0              1   6.094464e+00   1.200487e-01   4.456709e-01
        175500   1.334593e+00   6.456429e+00              0              7              0              1   6.090122e+00   1.277611e-01   4.312588e-01
        176000   1.355680e+00   4.762557e+00              0              7              0              0   6.094023e+00   1.113458e-01   4.421936e-01
        176500   1.346646e+00   8.338712e+00              0              7              0              1   6.125585e+00   1.080928e-01   4.418907e-01
        177000   1.310318e+00   9.333796e+00              0              8              0              0   6.079880e+00   1.337011e-01   4.295277e-01
        177500   1.328666e+00   1.032229e+01              0              6              0              0   6.049438e+00   1.368812e-01   4.269069e-01
        178000   1.297886e+00   1.130831e+01              0              6              0              1   6.163325e+00   1.196895e-01   4.379558e-01
        178500   1.375463e+00   9.196644e+00              0              6              0              0   5.998324e+00   1.229266e-01   4.275584e-01
        179000   1.386152e+00   1.013982e+01              0              7              0              1   6.079373e+00   1.296217e-01   4.238992e-01
        179500   1.323031e+00   1.396478e+01              0              7              0              1   6.153412e+00   1.379435e-01   4.223090e-01
        180000   1.360632e+00   1.494954e+01              0              8              0              1   5.988287e+00   1.289020e-01   4.154872e-01
        180500   1.304128e+00   1.584657e+01              0              6              0              2   6.124728e+00   1.235703e-01   4.297817e-01
        181000   1.295417e+00   1.925723e+01              0              8              0              1   6.060746e+00   1.324507e-01   4.219071e-01
        181500   1.315545e+00   1.772075e+01              0              8              0              1   6.097512e+00   1.262257e-01   4.236779e-01
        182000   1.325060e+00   1.870437e+01              0              8              0              1   5.997155e+00   1.159611e-01   4.238108e-01
        182500   1.383953e+00   1.615430e+01              0              7              0              1   6.085722e+00   1.103220e-01   4.331845e-01
        183000   1.415830e+00   1.233314e+01              0              6              0              1   5.879709e+00   1.314748e-01   4.104174e-01
        183500   1.405954e+00   1.331625e+01              0              8              0              1   5.991122e+00   1.300894e-01   4.148509e-01
        184000   1.394428e+00   1.896385e+01              0              6              0              1   5.935878e+00   1.464302e-01   4.112659e-01
        184500   1.394719e+00   1.990873e+01              0              7              0              1   5.953333e+00   1.453409e-01   4.046311e-01
        185000   1.414911e+00   1.622335e+01              0              5              0              1   6.088265e+00   1.450194e-01   4.204676e-01
        185500   1.384922e+00   1.716447e+01              0              6              0              1   5.985350e+00   1.307843e-01   4.191226e-01
        186000   1.419932e+00   1.814110e+01              0              6              0              0   5.945205e+00   1.272545e-01   4.204430e-01
        186500   1.408080e+00   1.913109e+01              0              7              0              1   5.889134e+00   1.383326e-01   4.193166e-01
        187000   1.510938e+00   8.001936e+00              0              5              0              1   6.091323e+00   1.218148e-01   4.390331e-01
        187500   1.536341e+00   4.662235e+00              0              3              0              0   6.004616e+00   1.294963e-01   4.273747e-01
        188000   1.563740e+00   5.625983e+00              0              5              0              0   5.938154e+00   1.363411e-01   4.272064e-01
        188500   1.548614e+00   1.077116e+01              0              4              0              0   6.068863e+00   1.206665e-01   4.440147e-01
        189000   1.545187e+00   1.172739e+01              0              5              0              0   6.186686e+00   1.215418e-01   4.533224e-01
        189500   1.612433e+00   5.357873e+00              0              3              0              0   6.169655e+00   1.272826e-01   4.583793e-01
        190000   1.545313e+00   9.446408e+00              0              3              0              0   6.226905e+00   1.309232e-01   4.563359e-01
        190500   1.616962e+00   7.175038e+00              0              2              0              0   6.225052e+00   1.460310e-01   4.691334e-01
        191000   1.568120e+00   1.137528e+01              0              3              0              0   6.267997e+00   1.395462e-01   4.683968e-01
        191500   1.527363e+00   1.577286e+01              0              3              0              0   6.105812e+00   1.133597e-01   4.478231e-01
        192000   1.534862e+00   1.675719e+01              0              3              0              0   6.118535e+00   1.203021e-01   4.498297e-01
        192500   1.529254e+00   1.771698e+01              0              3              0              1   6.034358e+00   1.163771e-01   4.374204e-01
        193000   1.557479e+00   1.505966e+01              0              3              0              0   6.033433e+00   1.226364e-01   4.373413e-01
        193500   1.573704e+00   1.604641e+01              0              3              0              0   5.822217e+00   1.307455e-01   4.111727e-01
        194000   1.668972e+00   8.319098e+00              0              2              0              0   6.018622e+00   1.178123e-01   4.394015e-01
        194500   1.679444e+00   9.282982e+00              0              3              0              0   6.288451e+00   1.174658e-01   4.574272e-01
        195000   1.614928e+00   1.448385e+01              0              2              0              0   6.170330e+00   1.162883e-01   4.475783e-01
        195500   1.615538e+00   1.547620e+01              0              3              0              0   6.180756e+00   1.132053e-01   4.547559e-01
        196000   1.654036e+00   1.199085e+01              0              3              0              0   6.082354e+00   1.226409e-01   4.656162e-01
        196500   1.684577e+00   1.297788e+01              0              2              0              0   6.237811e+00   1.364910e-01   4.692790e-01
        197000   1.724671e+00   9.279605e+00              0              4              0              0   6.131050e+00   1.188132e-01   4.659832e-01
        197500   1.775476e+00   6.341482e+00              0              3              0              0   6.143221e+00   1.212331e-01   4.623010e-01
        198000   1.741991e+00   1.113586e+01              0              2              0              0   6.141012e+00   1.205957e-01   4.678812e-01
        198500   1.710933e+00   1.212597e+01              0              3              0              0   6.188126e+00   1.334145e-01   4.732875e-01
        199000   1.731823e+00   1.306373e+01              0              2              0              0   6.160783e+00   1.520189e-01   4.708453e-01
        199500   1.716769e+00   1.404980e+01              0              2              0              0   6.208626e+00   1.355550e-01   4.531025e-01
        200000   1.710187e+00   1.503813e+01              0              3              0              0   6.167366e+00   1.270773e-01   4.567970e-01
        200500   1.703757e+00   1.603104e+01              0              5              0              0   6.059580e+00   1.089743e-01   4.515548e-01
        201000   1.665659e+00   2.043501e+01              0              5              0              0   6.099762e+00   1.222403e-01   4.569750e-01
        201500   1.650885e+00   2.139396e+01              0              5              0              0   6.133080e+00   1.248548e-01   4.578226e-01
        202000   1.698252e+00   2.236985e+01              0              3              0              0   6.081200e+00   1.241265e-01   4.445391e-01
        202500   1.652370e+00   2.334848e+01              0              5              0              0   6.107596e+00   1.444099e-01   4.587705e-01
        203000   1.689264e+00   2.429836e+01              0              5              0              0   6.164885e+00   1.228359e-01   4.638668e-01
        203500   1.725739e+00   2.122027e+01              0              4              0              0   6.147843e+00   1.287040e-01   4.560618e-01
        204000   1.717343e+00   2.221358e+01              1              6              0              0   6.073838e+00   1.155778e-01   4.545204e-01
        204500   1.672565e+00   2.707137e+01              0              6              0              0   6.112611e+00   1.160174e-01   4.530400e-01
        205000   1.715820e+00   2.407438e+01              0              3              0              0   6.203711e+00   1.181255e-01   4.639371e-01
        205500   1.729830e+00   2.504387e+01              0              4              0              0   6.078682e+00   1.204373e-01   4.535053e-01
        206000   1.714047e+00   2.603478e+01              0              5              0              0   6.083352e+00   1.480755e-01   4.542272e-01
        206500   1.722053e+00   2.702875e+01              0              6              0              0   6.077362e+00   1.305820e-01   4.546351e-01
        207000   1.693695e+00   3.151882e+01              0              3              0              0   5.993033e+00   1.295752e-01   4.475703e-01
        207500   1.711262e+00   2.895142e+01              1              7              0              0   6.134445e+00   1.205582e-01   4.488633e-01
        208000   1.711967e+00   2.992206e+01              0              3              0              0   6.160684e+00   1.315761e-01   4.575416e-01
        208500   1.734479e+00   3.090277e+01              0              2              0              0   6.114496e+00   1.302599e-01   4.581975e-01
        209000   1.740840e+00   3.189239e+01              0              2              0              0   5.993821e+00   1.206889e-01   4.421342e-01
        209500   1.674743e+00   3.610334e+01              0              4              0              0   6.113468e+00   1.387779e-01   4.493490e-01
        210000   1.701006e+00   3.373812e+01              0              6              0              0   6.116932e+00   1.299004e-01   4.518851e-01
        210500   1.699616e+00   3.468722e+01              0              4              0              0   6.163640e+00   1.252643e-01   4.497921e-01
        211000   1.709619e+00   3.563767e+01              0              5              0              0   6.045002e+00   1.281450e-01   4.407408e-01
        211500   1.781812e+00   1.791561e+01              0              4              0              0   6.165283e+00   1.212060e-01   4.547470e-01
        212000   1.784911e+00   2.918588e+01              0              6              0              0   6.164853e+00   1.293649e-01   4.604031e-01
        212500   1.760386e+00   3.017829e+01              0              6              0              0   6.033680e+00   1.271216e-01   4.479893e-01
        213000   1.790704e+00   3.115603e+01              0              6              0              0   6.129315e+00   1.195716e-01   4.536554e-01
        213500   1.799826e+00   3.212093e+01              0              6              0              0   6.150220e+00   1.253844e-01   4.621014e-01
        214000   1.818606e+00   2.260599e+01              0              5              0              1   6.070415e+00   1.263146e-01   4.562812e-01
        214500   1.854412e+00   1.376207e+01              0              4              0              0   6.095029e+00   1.244100e-01   4.458523e-01
        215000   1.807632e+00   2.453923e+01              0              5              0              1   6.132457e+00   1.343863e-01   4.609513e-01
        215500   1.776691e+00   3.562421e+01              1              5              0              0   6.089335e+00   1.213039e-01   4.507044e-01
        216000   1.749083e+00   4.320649e+01              0              5              0              0   6.060277e+00   1.124175e-01   4.470129e-01
        216500   1.779822e+00   3.755657e+01              0              5              0              0   6.112045e+00   1.207360e-01   4.554155e-01
        217000   1.879490e+00   1.755461e+01              0              2              0              0   6.043800e+00   1.094355e-01   4.509731e-01
        217500   1.862544e+00   1.854543e+01              0              5              0              0   6.082923e+00   1.298234e-01   4.634120e-01
        218000   1.928193e+00   1.110422e+01              0              0              0              0   6.095978e+00   1.146352e-01   4.472003e-01
        218500   1.927308e+00   1.209507e+01              0              2              0              0   6.004609e+00   1.185266e-01   4.373816e-01
        219000   2.041973e+00   1.912197e+00              0              2              0              0   5.968385e+00   1.279034e-01   4.449055e-01
        219500   2.028629e+00   4.861427e+00              0              1              0              0   6.025797e+00   1.244231e-01   4.479136e-01
        220000   2.028870e+00   5.852617e+00              0              1              0              0   6.075842e+00   1.129205e-01   4.459266e-01
        220500   2.035873e+00   6.837481e+00              0              0              0              0   5.991701e+00   1.239748e-01   4.460822e-01
        221000   1.992587e+00   1.069759e+01              0              0              0              0   6.117616e+00   1.322680e-01   4.528171e-01
        221500   2.039602e+00   8.775884e+00              0              0              0              0   6.071889e+00   1.334569e-01   4.548359e-01
        222000   2.071446e+00   7.269358e+00              0              1              0              0   6.265592e+00   1.230007e-01   4.563987e-01
        222500   2.131875e+00   5.656445e+00              0              0              0              0   6.038367e+00   1.340597e-01   4.478878e-01
        223000   2.188600e+00   4.216352e+00              0              0              0              0   6.101651e+00   1.375485e-01   4.373155e-01
        223500   2.157246e+00   5.207628e+00              0              0              0              0   6.196497e+00   1.578369e-01   4.482711e-01
        224000   2.144128e+00   6.136937e+00              0              1              0              0   6.154068e+00   1.567760e-01   4.617832e-01
        224500   2.137969e+00   9.412576e+00              0              1              0              0   6.169218e+00   1.613180e-01   4.540188e-01
        225000   2.152512e+00   8.016123e+00              0              0              0              0   6.161198e+00   1.585050e-01   4.570593e-01
        225500   2.166035e+00   9.003399e+00              0              0              0              0   5.992298e+00   1.622184e-01   4.306657e-01
        226000   2.206369e+00   7.093352e+00              0              0              0              0   5.976277e+00   1.462837e-01   4.307706e-01
        226500   2.254029e+00   5.168511e+00              0              0              0              0   5.974526e+00   1.675419e-01   4.292824e-01
        227000   2.276937e+00   6.160811e+00              0              0              0              0   5.920844e+00   1.691359e-01   4.388120e-01
        227500   2.209922e+00   9.924029e+00              0              0              0              0   5.873281e+00   1.694180e-01   4.208023e-01
        228000   2.219035e+00   1.087162e+01              0              0              0              0   5.906873e+00   1.728284e-01   4.303599e-01
        228500   2.238600e+00   1.185451e+01              0              0              0              0   5.998748e+00   1.613953e-01   4.406297e-01
        229000   2.213227e+00   1.284737e+01              0              0              0              0   5.838517e+00   1.911929e-01   4.250095e-01
        229500   2.322474e+00   6.866024e+00              0              0              0              0   5.948461e+00   2.048233e-01   4.208616e-01
        230000   2.361712e+00   7.821133e+00              0              0              0              0   5.932577e+00   1.891556e-01   4.206655e-01
        230500   2.372793e+00   5.663624e+00              0              0              0              0   5.903249e+00   1.897413e-01   4.147726e-01
