          step              r      E_metad_r      n_cont_CA   n_cont_heavy       n_saltbr        n_hbond           SASA           RMSD             Rg 
             0   6.043059e-01   0.000000e+00              4             84              1              3   2.141189e+01   0.000000e+00   1.019783e+00
           500   5.796607e-01   9.751234e-01              3             80              1              5   2.131708e+01   8.507704e-02   9.938455e-01
          1000   5.872507e-01   1.964666e+00              3             80              0              5   2.147802e+01   9.644011e-02   9.979898e-01
          1500   5.734557e-01   2.955210e+00              4             80              0              8   2.170801e+01   1.054550e-01   1.001496e+00
          2000   5.801487e-01   3.952447e+00              4             82              1              6   2.146340e+01   1.054977e-01   9.983852e-01
          2500   5.823146e-01   4.941244e+00              4             80              0              8   2.143437e+01   1.202318e-01   9.924840e-01
          3000   5.901714e-01   5.915128e+00              4             82              1              7   2.124679e+01   1.411538e-01   9.722220e-01
          3500   5.947214e-01   6.896283e+00              4             81              1              4   2.101940e+01   1.363303e-01   9.637774e-01
          4000   5.976795e-01   7.858599e+00              4             79              1              8   2.068071e+01   1.468837e-01   9.585047e-01
          4500   6.029758e-01   8.274779e+00              4             77              0              6   2.099063e+01   1.327953e-01   9.818967e-01
          5000   5.881078e-01   9.793118e+00              4             76              0              8   2.100738e+01   1.414716e-01   9.876011e-01
          5500   5.842245e-01   1.077255e+01              4             75              1              6   2.120317e+01   1.460456e-01   1.001074e+00
          6000   6.109378e-01   1.112175e+01              3             74              1              7   2.099011e+01   1.387191e-01   9.924302e-01
          6500   5.878080e-01   1.266413e+01              3             78              1              8   2.138490e+01   1.426570e-01   9.796341e-01
          7000   5.965660e-01   1.365025e+01              3             78              1              8   2.101593e+01   1.389203e-01   9.852655e-01
          7500   6.029817e-01   1.400720e+01              4             75              1              6   2.082145e+01   1.460596e-01   9.867527e-01
          8000   6.132223e-01   1.497753e+01              3             77              1              4   2.128733e+01   1.436947e-01   9.891728e-01
          8500   6.193501e-01   1.597539e+01              3             77              1              6   2.115408e+01   1.403959e-01   9.944882e-01
          9000   6.441373e-01   1.306518e+01              3             75              1              8   2.122466e+01   1.674374e-01   9.979899e-01
          9500   6.402264e-01   1.796051e+01              3             74              2              7   2.156016e+01   1.737137e-01   9.937702e-01
         10000   6.212941e-01   1.895894e+01              4             79              2              6   2.156134e+01   1.676546e-01   1.003145e+00
         10500   6.055288e-01   1.998053e+01              4             78              1              7   2.140517e+01   1.663859e-01   1.011035e+00
         11000   5.939157e-01   2.093138e+01              4             74              1              8   2.167349e+01   1.718412e-01   9.947347e-01
         11500   5.819994e-01   2.192571e+01              4             72              1              9   2.133160e+01   1.638104e-01   9.939660e-01
         12000   5.758958e-01   2.291229e+01              4             76              1              8   2.115415e+01   1.745573e-01   9.825947e-01
         12500   5.801164e-01   2.390908e+01              4             81              1              9   2.148879e+01   1.820531e-01   9.839213e-01
         13000   5.572484e-01   2.489779e+01              4             78              2             10   2.126232e+01   1.876903e-01   9.770427e-01
         13500   5.615046e-01   2.587487e+01              4             76              2              9   2.104435e+01   1.933527e-01   9.704454e-01
         14000   5.409204e-01   2.188510e+01              4             80              2              9   2.130838e+01   1.793558e-01   9.930641e-01
         14500   5.532550e-01   2.284593e+01              4             81              2              9   2.133235e+01   1.930848e-01   9.730081e-01
         15000   5.717156e-01   2.878632e+01              4             80              2              9   2.137772e+01   1.769618e-01   9.890690e-01
         15500   5.822327e-01   2.978166e+01              4             79              2             10   2.113907e+01   1.838528e-01   9.867595e-01
         16000   5.976510e-01   2.939926e+01              4             78              2              9   2.099120e+01   1.946700e-01   9.751235e-01
         16500   5.784915e-01   3.175194e+01              4             78              2              9   2.102819e+01   1.752425e-01   9.718172e-01
         17000   5.800995e-01   3.274604e+01              4             75              1              8   2.103257e+01   1.919176e-01   9.669777e-01
         17500   5.950148e-01   3.373177e+01              4             73              1             10   2.074488e+01   1.880665e-01   9.730676e-01
         18000   5.934168e-01   3.314368e+01              4             75              1              9   2.105193e+01   1.842180e-01   9.719111e-01
         18500   5.857873e-01   3.567762e+01              4             79              2              9   2.142804e+01   1.875405e-01   9.667762e-01
         19000   6.045833e-01   3.661445e+01              4             78              2              9   2.121710e+01   1.978673e-01   9.672574e-01
         19500   5.797577e-01   3.759289e+01              4             79              2              9   2.114772e+01   2.076711e-01   9.489285e-01
         20000   6.025602e-01   3.686968e+01              4             80              2              9   2.100447e+01   2.047870e-01   9.658376e-01
         20500   5.899017e-01   3.955023e+01              4             79              2              9   2.126237e+01   1.992099e-01   9.611883e-01
         21000   5.996728e-01   3.874179e+01              4             76              2              8   2.117042e+01   2.057500e-01   9.587434e-01
         21500   6.092705e-01   3.972962e+01              4             72              2              9   2.099062e+01   2.210377e-01   9.363605e-01
         22000   6.174884e-01   4.072610e+01              4             77              1              9   2.091478e+01   2.160776e-01   9.584707e-01
         22500   5.979370e-01   4.326209e+01              4             76              1              7   2.121370e+01   2.209795e-01   9.711899e-01
         23000   6.115150e-01   4.268671e+01              4             76              1              7   2.125250e+01   2.112787e-01   9.631001e-01
         23500   6.161195e-01   4.368453e+01              4             75              2              7   2.162094e+01   2.001510e-01   9.928664e-01
         24000   6.312745e-01   4.467636e+01              3             76              2              7   2.121836e+01   2.094312e-01   9.709867e-01
         24500   6.107462e-01   4.566383e+01              4             75              1              7   2.114803e+01   1.918793e-01   9.632662e-01
         25000   6.260196e-01   4.666041e+01              4             76              1              8   2.106651e+01   1.900096e-01   9.609709e-01
         25500   6.210336e-01   4.764849e+01              4             74              1              7   2.133536e+01   1.922280e-01   9.627951e-01
         26000   6.038917e-01   4.862888e+01              4             74              2              8   2.126500e+01   1.962821e-01   9.701787e-01
         26500   6.136174e-01   4.961573e+01              4             75              1              8   2.117476e+01   2.040211e-01   9.621327e-01
         27000   6.203841e-01   5.061123e+01              4             76              2             10   2.105184e+01   2.032488e-01   9.514954e-01
         27500   6.171514e-01   5.158804e+01              4             79              2             10   2.098647e+01   2.030316e-01   9.523781e-01
         28000   6.129621e-01   5.258320e+01              4             75              2              9   2.125860e+01   1.919897e-01   9.543324e-01
         28500   5.991078e-01   5.357545e+01              4             80              2             10   2.118239e+01   1.936723e-01   9.431815e-01
         29000   5.912972e-01   5.505534e+01              4             79              2              8   2.139756e+01   1.996751e-01   9.498119e-01
         29500   6.232422e-01   5.550458e+01              4             76              1              8   2.099704e+01   1.992015e-01   9.346069e-01
         30000   6.068010e-01   5.649869e+01              4             75              2              7   2.118291e+01   1.941775e-01   9.566347e-01
         30500   6.073550e-01   5.779773e+01              4             77              2              7   2.121042e+01   2.077671e-01   9.539043e-01
         31000   6.095732e-01   5.841859e+01              3             77              1              9   2.091892e+01   2.005473e-01   9.507108e-01
         31500   6.153193e-01   5.939999e+01              3             74              2              8   2.133951e+01   1.854917e-01   9.565971e-01
         32000   6.376455e-01   6.038735e+01              3             73              1              9   2.064807e+01   2.018788e-01   9.473161e-01
         32500   6.136238e-01   6.137763e+01              4             77              2              9   2.119585e+01   2.084848e-01   9.481700e-01
         33000   6.296897e-01   6.237073e+01              3             77              2              7   2.164942e+01   1.802926e-01   9.815693e-01
         33500   6.425248e-01   6.335189e+01              3             75              2              7   2.128052e+01   1.843119e-01   9.797145e-01
         34000   6.420649e-01   5.119616e+01              3             78              2              5   2.094638e+01   1.828005e-01   9.583174e-01
         34500   6.696171e-01   5.219191e+01              3             72              2              6   2.108663e+01   2.062014e-01   9.544347e-01
         35000   6.697055e-01   5.318403e+01              4             75              2              7   2.092920e+01   1.964343e-01   9.539084e-01
         35500   6.697847e-01   5.418026e+01              2             75              3              6   2.085255e+01   1.929660e-01   9.639458e-01
         36000   6.709073e-01   5.516911e+01              3             77              3              5   2.053491e+01   2.090122e-01   9.518038e-01
         36500   6.713505e-01   5.616525e+01              3             74              1              5   2.080531e+01   2.149640e-01   9.608036e-01
         37000   6.619795e-01   5.715664e+01              3             77              2              5   2.070257e+01   2.122044e-01   9.446987e-01
         37500   6.449499e-01   7.035799e+01              4             74              2              5   2.118050e+01   2.159052e-01   9.420493e-01
         38000   6.405179e-01   5.911119e+01              4             72              1              5   2.076867e+01   2.151686e-01   9.324443e-01
         38500   6.558611e-01   6.010554e+01              3             70              2              5   2.083677e+01   2.259320e-01   9.371797e-01
         39000   6.653975e-01   6.110426e+01              4             77              2              5   2.078612e+01   2.239875e-01   9.400852e-01
         39500   6.582935e-01   6.209740e+01              3             76              2              5   2.065293e+01   2.354327e-01   9.409057e-01
         40000   6.682590e-01   6.309466e+01              2             74              2              8   2.087259e+01   2.429701e-01   9.265847e-01
         40500   6.741280e-01   6.408748e+01              3             75              2              7   2.040300e+01   2.532193e-01   9.282306e-01
         41000   6.562760e-01   6.508503e+01              5             77              2              6   2.055850e+01   2.414924e-01   9.288139e-01
         41500   6.455638e-01   6.604974e+01              3             77              2              5   2.046527e+01   2.421612e-01   9.329968e-01
         42000   6.458099e-01   6.703614e+01              5             79              2              5   2.041071e+01   2.509813e-01   9.171070e-01
         42500   6.598027e-01   6.802987e+01              3             77              2              6   2.052851e+01   2.574526e-01   9.174928e-01
         43000   6.734146e-01   6.900746e+01              4             80              2              6   2.088753e+01   2.690094e-01   9.345207e-01
         43500   6.959383e-01   4.888216e+01              2             72              1              8   2.068659e+01   2.775563e-01   9.259447e-01
         44000   7.198231e-01   4.987989e+01              2             74              2              7   2.074284e+01   2.784957e-01   9.323789e-01
         44500   7.059865e-01   5.086758e+01              1             75              3              6   2.103891e+01   2.622702e-01   9.405689e-01
         45000   7.345549e-01   3.034610e+01              1             72              4              5   2.091285e+01   2.683802e-01   9.638664e-01
         45500   7.597625e-01   3.132378e+01              2             75              3              6   2.077783e+01   2.992696e-01   9.614771e-01
         46000   7.585657e-01   3.231157e+01              2             77              4              6   2.130122e+01   3.177567e-01   9.571776e-01
         46500   7.285031e-01   5.458207e+01              1             72              4              4   2.100220e+01   3.155917e-01   9.506342e-01
         47000   7.246110e-01   5.554725e+01              2             70              4              3   2.092861e+01   3.154972e-01   9.458550e-01
         47500   7.340879e-01   3.522200e+01              2             69              3              2   2.091334e+01   3.151980e-01   9.402455e-01
         48000   7.438540e-01   3.620715e+01              2             69              4              5   2.118291e+01   3.265968e-01   9.318687e-01
         48500   7.267053e-01   3.717079e+01              3             71              4              5   2.119488e+01   3.203914e-01   9.438508e-01
         49000   7.642789e-01   3.815216e+01              2             72              4              4   2.090389e+01   3.234816e-01   9.384440e-01
         49500   7.862426e-01   3.914521e+01              2             71              4              4   2.089027e+01   3.408257e-01   9.281881e-01
         50000   7.742425e-01   4.012722e+01              2             72              4              5   2.100201e+01   3.599518e-01   9.260286e-01
         50500   7.633670e-01   4.110788e+01              2             72              4              6   2.095079e+01   3.654187e-01   9.243059e-01
         51000   7.602233e-01   4.209413e+01              3             72              4              4   2.072738e+01   3.546227e-01   9.343996e-01
         51500   7.954074e-01   2.557903e+01              2             65              4              5   2.069324e+01   3.584126e-01   9.150528e-01
         52000   7.585740e-01   4.405642e+01              2             72              3              6   2.105775e+01   3.724038e-01   9.303329e-01
         52500   7.693996e-01   4.504860e+01              2             73              4              5   2.089515e+01   3.785844e-01   9.252087e-01
         53000   7.737876e-01   4.604119e+01              0             63              3              4   2.080564e+01   3.813813e-01   9.163934e-01
         53500   7.766706e-01   4.702191e+01              1             74              3              5   2.075371e+01   3.779643e-01   9.179415e-01
         54000   7.624149e-01   4.800294e+01              2             70              3              4   2.096744e+01   3.912236e-01   9.257199e-01
         54500   7.752450e-01   4.899092e+01              2             66              3              3   2.130099e+01   3.895421e-01   9.364110e-01
         55000   7.620535e-01   4.997916e+01              2             74              3              6   2.116790e+01   3.970160e-01   9.329120e-01
         55500   7.811085e-01   3.291546e+01              1             70              4              4   2.139332e+01   3.791088e-01   9.368970e-01
         56000   7.766437e-01   5.194824e+01              2             70              4              3   2.132626e+01   3.595206e-01   9.394274e-01
         56500   7.772281e-01   5.292966e+01              2             68              4              4   2.103599e+01   3.659470e-01   9.322674e-01
         57000   7.594562e-01   5.390589e+01              3             74              3              5   2.142423e+01   3.860334e-01   9.269104e-01
         57500   7.902072e-01   3.667014e+01              2             71              4              5   2.164798e+01   3.807565e-01   9.389993e-01
         58000   7.661180e-01   5.585940e+01              3             72              4              5   2.130786e+01   3.639483e-01   9.234487e-01
         58500   7.520587e-01   5.685259e+01              3             74              4              5   2.137546e+01   3.656933e-01   9.526970e-01
         59000   7.689646e-01   5.784963e+01              1             66              4              5   2.173799e+01   3.633913e-01   9.553806e-01
         59500   7.578213e-01   5.884792e+01              3             72              4              5   2.133736e+01   3.683628e-01   9.465749e-01
         60000   7.763311e-01   4.111484e+01              1             66              4              5   2.117631e+01   3.555205e-01   9.318562e-01
         60500   7.817837e-01   4.204289e+01              2             72              3              6   2.177936e+01   3.537265e-01   9.526172e-01
         61000   7.609631e-01   6.182208e+01              3             75              4              6   2.194089e+01   3.341220e-01   9.625416e-01
         61500   7.773660e-01   4.386209e+01              2             72              4              6   2.168958e+01   3.218987e-01   9.751937e-01
         62000   7.760589e-01   6.377785e+01              2             69              4              5   2.158457e+01   3.254510e-01   9.621341e-01
         62500   7.830063e-01   6.476190e+01              2             68              4              4   2.151846e+01   3.453971e-01   9.412263e-01
         63000   7.553106e-01   6.575302e+01              2             67              3              5   2.102375e+01   3.477505e-01   9.289493e-01
         63500   7.563946e-01   6.673628e+01              1             68              3              4   2.107934e+01   3.400239e-01   9.531067e-01
         64000   7.861219e-01   4.846506e+01              1             71              4              4   2.083614e+01   3.382744e-01   9.326996e-01
         64500   7.732004e-01   6.870590e+01              2             70              4              3   2.073813e+01   3.269485e-01   9.379704e-01
         65000   8.020766e-01   5.038620e+01              2             73              4              4   2.114680e+01   3.279638e-01   9.552068e-01
         65500   7.838284e-01   7.062420e+01              2             69              3              4   2.128838e+01   2.870722e-01   9.608558e-01
         66000   8.031453e-01   5.232643e+01              2             72              4              5   2.139794e+01   2.989588e-01   9.749359e-01
         66500   8.324964e-01   5.332134e+01              2             66              4              5   2.128507e+01   3.121630e-01   9.684601e-01
         67000   8.169578e-01   5.429752e+01              3             70              3              5   2.105511e+01   3.013380e-01   9.665743e-01
         67500   8.340288e-01   3.573304e+01              1             68              4              5   2.152007e+01   2.918506e-01   9.925510e-01
         68000   8.073748e-01   5.626791e+01              1             72              3              6   2.117049e+01   3.184882e-01   9.567195e-01
         68500   8.250789e-01   5.724371e+01              2             67              3              4   2.218972e+01   3.361572e-01   9.732975e-01
         69000   8.066788e-01   5.822471e+01              0             63              3              4   2.162661e+01   3.436199e-01   9.535991e-01
         69500   8.236235e-01   5.921001e+01              3             67              4              4   2.097611e+01   3.414741e-01   9.384821e-01
         70000   8.282540e-01   6.020356e+01              2             71              4              4   2.096963e+01   3.327144e-01   9.463638e-01
         70500   7.821841e-01   7.895707e+01              2             68              4              4   2.102926e+01   3.314865e-01   9.317669e-01
         71000   7.933232e-01   7.991105e+01              2             71              4              3   2.165745e+01   3.165799e-01   9.597239e-01
         71500   8.115189e-01   6.315253e+01              1             70              4              3   2.149525e+01   3.166277e-01   9.596350e-01
         72000   7.999019e-01   6.414238e+01              2             72              4              6   2.143355e+01   3.183305e-01   9.546460e-01
         72500   8.036083e-01   8.261011e+01              3             75              3              4   2.119116e+01   2.982042e-01   9.624413e-01
         73000   7.950303e-01   6.610977e+01              2             71              3              3   2.158009e+01   3.093089e-01   9.846983e-01
         73500   8.139087e-01   6.710592e+01              2             75              3              3   2.150888e+01   3.176064e-01   9.659896e-01
         74000   8.016071e-01   6.810174e+01              3             74              4              4   2.158178e+01   3.196708e-01   9.771077e-01
         74500   8.077199e-01   6.908543e+01              1             71              3              6   2.176260e+01   2.986369e-01   9.691075e-01
         75000   8.054459e-01   7.006089e+01              1             68              4              4   2.194227e+01   3.075077e-01   9.671859e-01
         75500   8.195905e-01   7.104826e+01              1             66              4              4   2.108332e+01   3.414340e-01   9.395655e-01
         76000   8.182169e-01   7.203013e+01              2             72              4              3   2.154903e+01   3.318514e-01   9.517024e-01
         76500   8.268284e-01   7.299421e+01              2             68              3              4   2.140275e+01   3.455863e-01   9.482379e-01
         77000   8.276988e-01   7.398069e+01              1             70              3              1   2.141126e+01   3.360454e-01   9.543506e-01
         77500   8.034169e-01   7.497390e+01              2             71              4              4   2.111782e+01   3.447938e-01   9.470851e-01
         78000   8.319991e-01   5.442616e+01              1             66              3              3   2.146952e+01   3.306859e-01   9.556920e-01
         78500   8.167414e-01   7.693332e+01              0             71              3              2   2.095822e+01   3.351606e-01   9.497327e-01
         79000   8.143749e-01   7.791820e+01              1             71              3              3   2.116236e+01   3.335266e-01   9.611113e-01
         79500   8.109414e-01   7.891439e+01              1             67              3              3   2.109637e+01   3.399131e-01   9.489950e-01
         80000   8.238978e-01   7.991080e+01              1             65              2              3   2.094582e+01   3.620218e-01   9.347738e-01
         80500   8.145626e-01   8.089313e+01              1             69              4              4   2.126178e+01   3.566545e-01   9.356503e-01
         81000   8.113219e-01   8.188597e+01              2             69              3              4   2.116574e+01   3.424138e-01   9.481625e-01
         81500   8.046245e-01   8.287869e+01              2             67              4              5   2.133992e+01   3.537064e-01   9.470190e-01
         82000   8.277820e-01   8.387088e+01              0             70              4              6   2.101924e+01   3.636214e-01   9.386747e-01
         82500   8.415166e-01   6.255047e+01              1             67              4              2   2.097626e+01   3.303696e-01   9.576802e-01
         83000   8.294609e-01   8.579301e+01              0             67              4              3   2.123337e+01   3.406494e-01   9.475697e-01
         83500   8.329577e-01   8.676352e+01              0             67              4              4   2.140822e+01   3.225586e-01   9.595729e-01
         84000   8.278068e-01   8.773066e+01              2             66              3              4   2.132301e+01   3.225558e-01   9.542363e-01
         84500   8.062998e-01   8.872444e+01              1             65              3              3   2.155385e+01   3.419102e-01   9.417965e-01
         85000   7.807284e-01   1.035504e+02              1             69              4              4   2.128494e+01   3.387233e-01   9.456295e-01
         85500   7.971021e-01   9.065666e+01              3             72              3              5   2.156761e+01   3.417564e-01   9.503403e-01
         86000   7.796675e-01   1.054791e+02              3             74              1              3   2.115120e+01   3.365069e-01   9.426479e-01
         86500   7.548443e-01   1.064734e+02              4             70              4              2   2.138879e+01   3.225770e-01   9.614818e-01
         87000   8.033910e-01   9.334601e+01              0             67              3              1   2.133660e+01   3.278214e-01   9.715313e-01
         87500   7.856399e-01   9.429599e+01              4             73              2              5   2.103810e+01   3.411873e-01   9.685504e-01
         88000   8.020426e-01   9.529095e+01              2             74              3              5   2.102978e+01   3.279224e-01   9.583914e-01
         88500   8.015372e-01   9.628795e+01              1             71              3              5   2.129567e+01   3.494991e-01   9.534602e-01
         89000   7.924999e-01   9.727436e+01              1             68              4              7   2.130423e+01   3.687892e-01   9.463085e-01
         89500   8.095596e-01   9.825954e+01              1             72              4              4   2.161380e+01   3.827000e-01   9.610087e-01
         90000   7.761301e-01   1.129890e+02              2             78              4              7   2.136039e+01   3.823946e-01   9.379449e-01
         90500   7.834375e-01   1.139838e+02              2             73              4              6   2.152381e+01   3.845281e-01   9.367256e-01
         91000   7.755617e-01   1.149754e+02              1             72              4              4   2.174036e+01   3.748333e-01   9.526045e-01
         91500   7.518942e-01   1.159649e+02              1             73              4              3   2.176089e+01   3.717350e-01   9.515735e-01
         92000   7.518335e-01   1.169531e+02              2             74              3              4   2.099217e+01   3.841430e-01   9.391029e-01
         92500   7.951870e-01   1.035533e+02              1             70              3              5   2.127510e+01   3.637098e-01   9.535618e-01
         93000   8.093676e-01   1.045480e+02              2             71              2              4   2.150990e+01   3.426123e-01   9.604178e-01
         93500   7.803696e-01   1.197440e+02              4             73              3              5   2.131199e+01   3.491299e-01   9.529718e-01
         94000   8.047998e-01   1.065034e+02              4             70              4              5   2.149745e+01   3.480203e-01   9.584405e-01
         94500   7.999654e-01   1.074920e+02              1             75              3              3   2.160569e+01   3.518560e-01   9.499522e-01
         95000   8.157883e-01   1.084890e+02              1             71              4              5   2.117329e+01   3.569260e-01   9.434390e-01
         95500   8.203586e-01   1.094826e+02              1             73              4              4   2.161536e+01   3.516192e-01   9.599145e-01
         96000   8.336017e-01   8.377062e+01              1             68              3              4   2.130150e+01   3.438722e-01   9.596162e-01
         96500   8.447057e-01   8.476583e+01              1             67              3              4   2.140307e+01   3.632594e-01   9.622918e-01
         97000   8.209689e-01   1.123264e+02              2             67              4              3   2.144723e+01   3.843544e-01   9.436541e-01
         97500   8.008598e-01   1.133206e+02              2             70              4              4   2.099275e+01   3.807434e-01   9.416046e-01
         98000   8.370224e-01   8.754105e+01              1             66              3              5   2.086093e+01   3.920238e-01   9.255658e-01
         98500   8.412691e-01   8.853318e+01              0             64              3              3   2.079512e+01   3.752967e-01   9.538971e-01
         99000   8.333174e-01   1.161617e+02              1             63              3              3   2.053938e+01   3.747225e-01   9.333582e-01
         99500   8.401260e-01   9.049535e+01              1             61              3              5   2.041004e+01   3.703428e-01   9.408264e-01
        100000   8.382279e-01   9.146857e+01              1             70              3              5   2.068752e+01   3.466081e-01   9.647755e-01
        100500   8.689364e-01   5.930303e+01              1             63              3              3   2.043368e+01   3.515788e-01   9.550158e-01
        101000   8.813081e-01   6.027937e+01              0             59              3              2   2.041212e+01   3.334268e-01   9.650952e-01
        101500   8.758657e-01   6.123017e+01              1             65              4              4   2.039878e+01   3.372717e-01   9.678634e-01
        102000   9.011251e-01   6.222034e+01              2             66              4              4   2.043774e+01   3.573367e-01   9.558914e-01
        102500   8.569315e-01   9.623266e+01              0             67              4              4   2.099364e+01   3.859879e-01   9.581945e-01
        103000   8.630977e-01   9.722207e+01              1             65              3              4   2.121373e+01   3.938803e-01   9.562776e-01
        103500   8.868713e-01   6.506882e+01              0             69              4              4   2.078777e+01   3.764016e-01   9.530676e-01
        104000   8.971968e-01   6.606088e+01              0             64              4              4   2.055366e+01   3.676379e-01   9.664512e-01
        104500   8.752577e-01   1.000061e+02              3             62              4              4   2.078418e+01   3.581278e-01   9.823323e-01
        105000   8.894669e-01   6.803745e+01              1             68              4              2   2.056003e+01   3.684522e-01   9.525067e-01
        105500   8.842893e-01   6.903000e+01              0             69              4              3   2.077958e+01   3.899558e-01   9.513900e-01
        106000   9.136693e-01   7.001455e+01              0             66              4              2   2.075344e+01   3.928177e-01   9.456547e-01
        106500   9.183795e-01   7.100288e+01              0             66              4              2   2.073070e+01   3.990891e-01   9.401240e-01
        107000   9.174071e-01   7.199144e+01              0             69              4              3   2.095630e+01   4.019951e-01   9.431711e-01
        107500   9.154742e-01   7.295692e+01              0             63              4              2   2.035468e+01   4.049108e-01   9.338462e-01
        108000   9.056141e-01   7.393607e+01              0             63              4              2   2.096255e+01   3.958633e-01   9.588927e-01
        108500   8.973259e-01   7.493070e+01              0             62              4              2   2.083509e+01   4.002599e-01   9.432212e-01
        109000   8.695373e-01   1.076531e+02              1             66              4              2   2.090059e+01   4.096226e-01   9.382151e-01
        109500   8.789077e-01   1.086121e+02              1             66              4              4   2.114837e+01   4.082299e-01   9.533609e-01
        110000   8.943752e-01   7.785648e+01              1             61              4              2   2.100482e+01   4.030449e-01   9.341380e-01
        110500   8.826905e-01   7.884263e+01              0             65              4              3   2.073565e+01   4.018241e-01   9.475570e-01
        111000   8.563050e-01   1.114560e+02              1             63              4              2   2.086285e+01   4.081082e-01   9.362699e-01
        111500   8.898476e-01   8.071846e+01              0             57              2              2   2.116156e+01   3.867680e-01   9.545368e-01
        112000   9.425991e-01   4.983533e+01              0             62              4              3   2.154696e+01   3.819893e-01   9.469409e-01
        112500   9.314731e-01   8.260047e+01              0             59              4              4   2.084392e+01   3.999590e-01   9.299037e-01
        113000   9.219194e-01   8.355095e+01              0             57              3              2   2.103798e+01   4.266307e-01   9.198925e-01
        113500   9.467568e-01   5.279377e+01              0             53              4              2   2.099024e+01   4.136412e-01   9.261633e-01
        114000   9.415400e-01   5.378254e+01              0             58              4              3   2.055029e+01   4.305191e-01   9.236370e-01
        114500   9.229010e-01   8.635931e+01              0             56              4              2   2.099389e+01   4.130564e-01   9.294078e-01
        115000   9.352199e-01   5.574187e+01              1             53              4              3   2.057559e+01   4.245975e-01   9.373047e-01
        115500   9.280309e-01   5.673509e+01              0             61              4              3   2.078171e+01   4.336717e-01   9.232869e-01
        116000   9.192860e-01   8.920863e+01              0             60              4              3   2.094639e+01   4.358227e-01   9.316135e-01
        116500   9.609734e-01   5.864682e+01              0             58              3              2   2.081085e+01   4.468042e-01   9.284958e-01
        117000   9.280068e-01   5.963092e+01              0             58              4              3   2.109554e+01   4.376720e-01   9.275516e-01
        117500   9.622527e-01   6.062638e+01              0             60              4              2   2.131102e+01   4.418938e-01   9.347270e-01
        118000   9.408954e-01   6.162200e+01              0             60              4              4   2.133275e+01   4.457861e-01   9.351425e-01
        118500   9.470109e-01   6.261617e+01              0             59              4              3   2.129537e+01   4.499001e-01   9.324497e-01
        119000   9.409891e-01   6.360924e+01              0             59              4              2   2.141065e+01   4.605990e-01   9.166742e-01
        119500   9.187456e-01   9.549356e+01              0             59              4              3   2.105392e+01   4.460721e-01   9.169707e-01
        120000   9.316604e-01   6.553327e+01              0             57              4              2   2.124353e+01   4.567688e-01   9.247025e-01
        120500   9.532389e-01   6.653003e+01              0             63              4              2   2.148012e+01   4.258327e-01   9.375132e-01
        121000   9.561127e-01   6.752637e+01              0             60              4              4   2.126860e+01   4.353572e-01   9.149179e-01
        121500   9.545050e-01   6.852429e+01              1             54              4              3   2.140550e+01   4.119059e-01   9.378562e-01
        122000   9.210871e-01   1.000781e+02              0             58              4              2   2.144202e+01   4.309124e-01   9.317153e-01
        122500   9.210597e-01   1.010593e+02              0             63              4              4   2.146644e+01   4.380801e-01   9.410896e-01
        123000   9.381835e-01   1.019979e+02              0             57              4              2   2.141969e+01   4.303356e-01   9.256862e-01
        123500   9.745510e-01   7.241648e+01              0             56              3              2   2.136472e+01   4.290087e-01   9.437259e-01
        124000   9.448381e-01   7.340182e+01              0             63              4              4   2.159535e+01   4.294219e-01   9.484287e-01
        124500   9.492869e-01   7.439555e+01              0             55              4              3   2.153566e+01   4.269300e-01   9.466831e-01
        125000   9.589425e-01   7.538528e+01              1             61              4              2   2.140617e+01   4.215419e-01   9.534589e-01
        125500   9.690029e-01   4.808483e+01              0             58              4              3   2.140825e+01   4.185877e-01   9.590390e-01
        126000   9.853210e-01   7.733107e+01              0             56              4              2   2.155633e+01   4.197284e-01   9.608630e-01
        126500   9.878449e-01   5.001916e+01              0             51              4              3   2.117840e+01   4.113925e-01   9.542159e-01
        127000   9.828543e-01   7.924711e+01              0             56              4              3   2.128115e+01   4.246686e-01   9.550768e-01
        127500   9.737699e-01   8.020164e+01              0             57              4              2   2.140948e+01   4.524991e-01   9.440623e-01
        128000   1.021116e+00   5.294939e+01              0             53              3              2   2.164799e+01   4.322176e-01   9.692568e-01
        128500   9.920669e-01   5.393359e+01              0             54              4              4   2.157421e+01   4.265166e-01   9.724742e-01
        129000   1.002926e+00   5.492882e+01              0             55              3              4   2.173057e+01   4.282912e-01   9.638251e-01
        129500   1.000024e+00   5.592659e+01              0             55              3              3   2.139790e+01   4.283659e-01   9.535534e-01
        130000   9.707831e-01   8.465766e+01              0             56              3              5   2.132773e+01   4.255033e-01   9.727604e-01
        130500   9.854864e-01   5.786238e+01              0             58              4              5   2.154154e+01   4.256092e-01   9.595990e-01
        131000   9.853937e-01   5.884899e+01              0             56              4              3   2.123200e+01   4.324276e-01   9.459856e-01
        131500   9.894037e-01   8.744731e+01              0             53              3              3   2.159589e+01   4.426460e-01   9.549223e-01
        132000   9.621552e-01   8.841993e+01              0             58              4              4   2.132070e+01   4.068838e-01   9.406989e-01
        132500   9.608798e-01   8.941203e+01              0             58              4              3   2.165932e+01   4.368911e-01   9.380967e-01
        133000   9.817825e-01   6.261685e+01              0             58              4              4   2.162775e+01   4.337971e-01   9.376089e-01
        133500   9.574047e-01   9.134628e+01              0             57              4              4   2.142304e+01   4.262262e-01   9.373967e-01
        134000   9.595050e-01   9.234112e+01              0             55              4              4   2.143221e+01   4.128980e-01   9.387144e-01
        134500   9.817696e-01   9.330757e+01              0             57              3              3   2.123677e+01   4.197665e-01   9.338468e-01
        135000   9.714452e-01   9.428438e+01              0             55              4              3   2.090033e+01   4.402131e-01   9.357656e-01
        135500   9.817260e-01   6.729237e+01              0             57              3              2   2.085849e+01   4.220409e-01   9.478327e-01
        136000   9.884239e-01   6.826249e+01              0             59              3              2   2.103172e+01   4.254685e-01   9.467378e-01
        136500   9.978422e-01   6.926050e+01              0             56              4              2   2.126956e+01   4.391013e-01   9.418933e-01
        137000   9.992445e-01   7.025468e+01              0             54              4              2   2.093773e+01   4.500470e-01   9.242615e-01
        137500   9.882553e-01   7.124896e+01              0             54              4              4   2.130848e+01   4.481264e-01   9.616905e-01
        138000   1.022139e+00   7.223563e+01              0             50              3              3   2.157036e+01   4.460487e-01   9.673285e-01
        138500   1.024819e+00   7.322487e+01              0             53              4              3   2.126206e+01   4.455397e-01   9.728536e-01
        139000   1.044040e+00   4.744642e+01              0             51              4              3   2.159903e+01   4.545797e-01   9.599574e-01
        139500   1.064145e+00   4.843860e+01              0             48              3              3   2.132328e+01   4.595785e-01   9.593303e-01
        140000   1.044328e+00   4.942821e+01              0             54              4              2   2.100908e+01   4.678341e-01   9.438761e-01
        140500   1.069248e+00   5.041868e+01              0             47              4              3   2.093326e+01   4.756824e-01   9.423660e-01
        141000   1.065956e+00   5.140724e+01              0             55              4              2   2.135324e+01   4.606619e-01   9.519047e-01
        141500   1.078997e+00   5.237808e+01              0             51              4              3   2.099577e+01   4.549145e-01   9.436633e-01
        142000   1.077253e+00   5.335490e+01              0             54              4              3   2.086695e+01   4.441227e-01   9.461517e-01
        142500   1.100838e+00   3.218566e+01              0             48              4              3   2.128894e+01   4.662100e-01   9.655020e-01
        143000   1.079907e+00   5.526641e+01              0             49              3              3   2.116248e+01   4.586574e-01   9.776110e-01
        143500   1.095163e+00   3.412671e+01              0             44              4              2   2.112327e+01   4.681081e-01   9.730060e-01
        144000   1.092349e+00   3.511201e+01              0             48              4              3   2.083127e+01   4.520606e-01   9.689402e-01
        144500   1.083816e+00   5.808007e+01              0             51              4              2   2.114035e+01   4.649609e-01   9.607663e-01
        145000   1.101037e+00   3.707104e+01              0             37              3              2   2.099739e+01   4.712316e-01   9.708282e-01
        145500   1.099729e+00   3.806657e+01              0             39              4              4   2.111316e+01   4.743788e-01   9.641014e-01
        146000   1.072127e+00   6.089167e+01              0             49              4              3   2.149670e+01   4.667327e-01   9.741274e-01
        146500   1.054159e+00   6.184223e+01              0             48              4              3   2.148572e+01   4.772120e-01   9.549832e-01
        147000   1.069396e+00   6.283791e+01              0             41              4              3   2.137911e+01   4.654509e-01   9.699856e-01
        147500   1.081058e+00   4.181592e+01              0             46              4              3   2.124600e+01   4.706636e-01   9.537055e-01
        148000   1.077967e+00   4.276537e+01              0             45              3              3   2.096587e+01   4.665777e-01   9.382388e-01
        148500   1.100938e+00   4.372084e+01              0             38              4              2   2.091992e+01   4.580899e-01   9.430271e-01
        149000   1.087155e+00   4.470909e+01              0             44              3              2   2.095242e+01   4.656373e-01   9.400205e-01
        149500   1.074717e+00   6.767543e+01              0             43              4              4   2.108981e+01   4.745573e-01   9.296459e-01
        150000   1.114781e+00   4.665342e+01              0             39              4              1   2.095056e+01   4.785954e-01   9.274460e-01
        150500   1.128016e+00   4.764833e+01              0             40              3              1   2.107739e+01   4.502499e-01   9.265214e-01
        151000   1.140909e+00   2.968815e+01              0             42              4              3   2.139152e+01   4.491913e-01   9.473018e-01
        151500   1.143859e+00   3.067794e+01              0             40              3              2   2.175479e+01   4.520319e-01   9.533647e-01
        152000   1.158905e+00   3.166893e+01              0             37              4              2   2.145443e+01   4.694213e-01   9.466486e-01
        152500   1.143489e+00   3.266071e+01              0             42              4              3   2.146659e+01   4.651868e-01   9.499683e-01
        153000   1.141711e+00   3.360433e+01              0             38              4              2   2.143524e+01   4.576629e-01   9.510869e-01
        153500   1.145701e+00   3.459516e+01              0             39              4              3   2.093045e+01   4.559568e-01   9.411394e-01
        154000   1.167398e+00   3.558740e+01              0             39              4              2   2.110230e+01   4.654173e-01   9.215461e-01
        154500   1.147655e+00   3.658062e+01              0             39              2              3   2.132378e+01   4.737553e-01   9.317016e-01
        155000   1.165914e+00   3.757556e+01              0             36              2              3   2.181286e+01   4.717790e-01   9.544934e-01
        155500   1.164881e+00   3.856604e+01              0             36              2              3   2.165086e+01   4.717261e-01   9.379575e-01
        156000   1.154684e+00   3.956243e+01              0             37              2              3   2.142256e+01   4.829635e-01   9.409746e-01
        156500   1.165419e+00   4.056044e+01              0             41              2              3   2.153883e+01   4.894632e-01   9.487541e-01
        157000   1.208489e+00   2.583595e+01              0             33              2              2   2.138614e+01   4.981549e-01   9.320860e-01
        157500   1.206853e+00   2.683039e+01              0             34              2              2   2.161487e+01   4.887910e-01   9.575014e-01
        158000   1.232676e+00   2.780739e+01              0             30              2              3   2.118010e+01   4.975666e-01   9.437387e-01
        158500   1.224573e+00   2.879380e+01              0             30              3              1   2.109043e+01   5.006175e-01   9.499415e-01
        159000   1.219625e+00   2.978413e+01              0             33              2              2   2.103933e+01   5.207066e-01   9.403018e-01
        159500   1.228494e+00   3.077978e+01              0             34              2              2   2.110677e+01   5.258434e-01   9.382369e-01
        160000   1.245062e+00   1.935280e+01              0             30              2              2   2.093679e+01   5.146198e-01   9.468751e-01
        160500   1.264879e+00   2.034775e+01              0             34              3              2   2.094782e+01   5.317455e-01   9.332511e-01
        161000   1.260005e+00   2.134445e+01              0             32              2              3   2.109858e+01   5.238925e-01   9.382664e-01
        161500   1.228474e+00   3.451188e+01              0             32              3              3   2.067655e+01   5.253474e-01   9.526462e-01
        162000   1.230228e+00   2.328147e+01              0             35              2              3   2.099438e+01   5.318074e-01   9.398509e-01
        162500   1.227078e+00   3.645741e+01              0             32              2              2   2.070511e+01   5.176973e-01   9.346941e-01
        163000   1.215015e+00   3.745493e+01              0             32              2              3   2.074628e+01   5.004821e-01   9.353888e-01
        163500   1.238105e+00   2.605205e+01              0             32              1              3   2.039337e+01   4.967387e-01   9.302356e-01
        164000   1.282676e+00   2.702946e+01              0             30              2              2   2.051113e+01   4.977556e-01   9.209360e-01
        164500   1.267875e+00   2.801707e+01              0             36              2              2   2.078074e+01   5.038619e-01   9.046378e-01
        165000   1.259406e+00   2.901569e+01              0             29              5              2   2.059059e+01   4.914135e-01   9.124519e-01
        165500   1.289140e+00   3.000249e+01              0             32              5              2   2.028954e+01   4.817422e-01   8.997824e-01
        166000   1.257461e+00   3.099296e+01              0             38              4              2   2.019413e+01   4.907591e-01   8.834744e-01
        166500   1.271028e+00   3.198653e+01              0             30              3              2   2.024237e+01   4.907048e-01   8.842750e-01
        167000   1.261634e+00   3.298013e+01              0             31              2              2   2.035337e+01   4.784847e-01   8.778104e-01
        167500   1.288710e+00   3.397009e+01              0             33              2              3   2.004485e+01   5.066160e-01   8.653652e-01
        168000   1.250889e+00   3.495870e+01              0             33              2              2   2.020008e+01   4.926054e-01   8.809382e-01
        168500   1.233792e+00   4.710179e+01              0             38              2              2   2.003585e+01   4.947002e-01   8.764040e-01
        169000   1.225967e+00   4.807347e+01              0             33              2              2   1.988113e+01   5.129422e-01   8.560583e-01
        169500   1.214308e+00   4.906727e+01              0             32              2              2   1.969096e+01   5.130391e-01   8.529684e-01
        170000   1.225116e+00   5.006155e+01              0             35              2              3   1.952738e+01   5.083398e-01   8.653098e-01
        170500   1.221274e+00   5.105191e+01              0             33              2              3   1.978654e+01   4.996350e-01   8.626816e-01
        171000   1.219657e+00   5.204992e+01              0             37              2              2   1.981543e+01   4.863041e-01   8.813557e-01
        171500   1.202447e+00   5.302877e+01              0             37              2              2   1.978239e+01   4.872864e-01   8.708759e-01
        172000   1.208031e+00   5.402646e+01              0             36              5              2   2.000856e+01   4.937014e-01   8.834861e-01
        172500   1.201919e+00   5.498627e+01              0             37              3              2   2.011669e+01   4.833958e-01   8.845875e-01
        173000   1.206154e+00   5.597295e+01              0             36              1              2   1.993333e+01   4.846501e-01   8.804939e-01
        173500   1.177262e+00   6.660549e+01              0             40              3              2   1.992748e+01   4.762122e-01   8.896297e-01
        174000   1.149628e+00   6.759456e+01              0             43              1              3   1.941459e+01   4.789545e-01   8.818983e-01
        174500   1.163929e+00   6.857954e+01              0             47              2              0   1.960366e+01   4.721059e-01   8.756357e-01
        175000   1.149567e+00   6.957002e+01              0             48              1              2   2.021488e+01   4.752086e-01   8.800188e-01
        175500   1.164740e+00   7.055641e+01              0             44              1              3   2.000070e+01   4.740309e-01   8.685194e-01
        176000   1.145176e+00   7.995825e+01              0             50              1              3   2.020256e+01   4.645512e-01   8.773901e-01
        176500   1.150661e+00   7.251877e+01              0             48              1              3   2.017702e+01   4.696702e-01   8.790152e-01
        177000   1.143348e+00   8.185874e+01              0             48              1              3   2.009510e+01   4.653195e-01   8.771854e-01
        177500   1.139408e+00   8.283626e+01              0             52              1              2   1.997176e+01   4.699706e-01   8.884780e-01
        178000   1.132944e+00   8.382465e+01              0             48              1              3   2.026022e+01   4.794323e-01   8.839234e-01
        178500   1.104194e+00   9.313288e+01              0             43              1              3   2.014388e+01   4.669370e-01   8.731009e-01
        179000   1.101600e+00   8.578129e+01              0             49              1              3   1.992986e+01   4.567980e-01   8.789939e-01
        179500   1.112116e+00   8.677814e+01              0             46              1              2   2.003094e+01   4.642197e-01   8.895901e-01
        180000   1.137477e+00   7.879385e+01              0             50              2              3   1.997931e+01   4.717382e-01   8.853982e-01
        180500   1.116760e+00   8.876350e+01              0             46              2              3   1.939705e+01   4.767577e-01   8.715475e-01
        181000   1.120136e+00   8.976248e+01              0             40              1              2   1.990732e+01   4.912447e-01   8.683707e-01
        181500   1.124158e+00   9.076119e+01              0             38              2              3   2.003158e+01   4.951864e-01   8.661002e-01
        182000   1.140555e+00   9.174955e+01              0             43              2              1   2.000900e+01   4.809038e-01   8.841451e-01
        182500   1.170055e+00   8.336902e+01              0             43              2              1   1.980240e+01   4.785575e-01   8.753308e-01
        183000   1.134925e+00   9.361748e+01              0             41              1              2   1.988167e+01   4.873108e-01   8.832725e-01
        183500   1.156774e+00   8.532074e+01              0             42              1              3   1.989962e+01   4.915368e-01   8.814106e-01
        184000   1.200162e+00   7.222972e+01              0             37              2              3   2.006016e+01   4.852061e-01   8.862182e-01
        184500   1.213948e+00   7.322610e+01              0             35              1              3   1.993177e+01   4.689503e-01   8.885850e-01
        185000   1.228358e+00   7.422045e+01              0             40              1              3   1.997532e+01   4.767182e-01   8.928944e-01
        185500   1.235171e+00   7.519898e+01              0             43              1              2   1.999102e+01   4.620005e-01   8.874682e-01
        186000   1.240972e+00   7.614364e+01              0             42              1              3   2.001166e+01   4.550313e-01   8.994028e-01
        186500   1.241126e+00   5.848031e+01              0             42              1              3   2.017577e+01   4.572290e-01   8.996458e-01
        187000   1.247190e+00   5.947536e+01              0             39              1              3   1.997184e+01   4.638933e-01   8.936580e-01
        187500   1.217922e+00   7.895116e+01              0             41              1              2   2.015443e+01   4.683324e-01   8.881225e-01
        188000   1.214898e+00   7.994936e+01              0             41              2              3   1.984120e+01   4.930092e-01   8.703612e-01
        188500   1.208745e+00   8.094041e+01              0             40              2              2   1.990183e+01   4.879811e-01   8.740789e-01
        189000   1.189256e+00   9.437762e+01              0             41              2              3   1.958424e+01   5.001140e-01   8.627025e-01
        189500   1.180557e+00   9.536483e+01              0             38              2              2   1.977311e+01   4.976514e-01   8.800131e-01
        190000   1.213746e+00   8.382065e+01              0             36              2              2   1.956636e+01   5.137539e-01   8.675838e-01
        190500   1.230435e+00   8.480237e+01              0             37              2              3   1.953576e+01   5.098957e-01   8.646105e-01
        191000   1.234955e+00   8.574471e+01              0             38              2              3   1.972583e+01   5.001685e-01   8.806980e-01
        191500   1.282928e+00   6.729570e+01              0             34              2              3   1.953993e+01   5.000225e-01   8.682946e-01
        192000   1.310978e+00   4.561681e+01              0             36              2              4   1.986513e+01   5.144795e-01   8.661476e-01
        192500   1.346370e+00   2.646023e+01              0             36              2              3   1.972265e+01   5.170032e-01   8.647773e-01
        193000   1.345435e+00   2.745233e+01              0             37              2              2   1.982806e+01   5.281826e-01   8.594971e-01
        193500   1.337424e+00   4.847212e+01              0             38              2              3   1.992439e+01   5.320612e-01   8.473457e-01
        194000   1.348652e+00   2.940132e+01              0             39              2              2   1.982831e+01   5.300521e-01   8.572381e-01
        194500   1.356182e+00   3.039635e+01              0             36              2              3   1.939074e+01   5.195436e-01   8.518680e-01
        195000   1.372335e+00   3.139347e+01              0             36              2              3   1.925373e+01   5.245370e-01   8.452287e-01
        195500   1.417606e+00   1.757907e+01              0             34              2              1   1.980059e+01   5.246008e-01   8.613286e-01
        196000   1.412924e+00   1.857793e+01              0             38              2              2   1.991129e+01   5.346503e-01   8.607157e-01
        196500   1.376764e+00   1.954833e+01              0             34              2              3   1.963175e+01   5.262847e-01   8.619130e-01
        197000   1.433076e+00   2.052421e+01              0             36              3              2   1.973796e+01   5.382468e-01   8.535812e-01
        197500   1.425352e+00   2.149618e+01              0             38              2              3   1.956019e+01   5.422525e-01   8.353796e-01
        198000   1.440620e+00   2.248172e+01              0             38              2              3   1.984483e+01   5.399766e-01   8.527715e-01
        198500   1.421073e+00   2.346416e+01              0             35              2              3   1.968285e+01   5.333853e-01   8.534231e-01
        199000   1.441218e+00   1.457882e+01              0             38              3              3   1.977269e+01   5.131724e-01   8.670081e-01
        199500   1.430317e+00   2.542383e+01              0             36              2              3   1.985923e+01   5.299739e-01   8.523450e-01
        200000   1.437214e+00   2.641002e+01              0             39              2              3   1.992970e+01   5.370088e-01   8.528393e-01
        200500   1.435560e+00   1.744811e+01              0             41              3              3   1.945132e+01   5.430335e-01   8.386464e-01
        201000   1.412331e+00   2.834138e+01              0             34              2              3   1.941664e+01   5.418987e-01   8.342402e-01
        201500   1.386986e+00   2.931182e+01              0             34              2              3   1.973039e+01   5.420788e-01   8.547404e-01
        202000   1.398943e+00   3.027477e+01              0             39              2              3   2.007310e+01   5.312608e-01   8.500640e-01
        202500   1.399363e+00   3.126890e+01              0             38              3              2   1.955704e+01   5.304704e-01   8.486961e-01
        203000   1.412219e+00   3.224043e+01              0             39              2              3   1.980551e+01   5.371219e-01   8.427951e-01
        203500   1.402439e+00   4.605258e+01              0             38              2              3   2.015357e+01   5.393848e-01   8.585505e-01
        204000   1.451251e+00   2.331472e+01              0             38              2              3   1.962023e+01   5.355904e-01   8.431146e-01
        204500   1.463118e+00   2.431106e+01              0             34              2              3   2.008801e+01   5.200705e-01   8.620184e-01
        205000   1.502541e+00   1.589034e+01              0             34              2              3   1.995990e+01   5.297276e-01   8.639230e-01
        205500   1.506320e+00   1.687363e+01              0             32              2              3   2.019597e+01   5.270132e-01   8.760357e-01
        206000   1.493609e+00   1.785546e+01              0             35              2              3   2.011222e+01   5.358717e-01   8.678534e-01
        206500   1.501887e+00   1.883178e+01              0             33              2              3   1.968951e+01   5.264136e-01   8.680913e-01
        207000   1.467261e+00   2.910828e+01              0             36              2              2   2.059449e+01   5.266435e-01   8.655709e-01
        207500   1.520801e+00   2.072851e+01              0             36              2              3   1.997572e+01   5.247776e-01   8.637141e-01
        208000   1.515365e+00   2.171611e+01              0             35              2              1   1.978017e+01   5.345545e-01   8.513114e-01
        208500   1.476017e+00   3.185805e+01              0             35              3              3   2.015103e+01   5.407543e-01   8.484171e-01
        209000   1.474573e+00   3.285334e+01              0             35              2              2   2.007061e+01   5.270464e-01   8.500244e-01
        209500   1.520060e+00   2.449029e+01              0             32              2              1   1.998139e+01   5.258911e-01   8.374499e-01
        210000   1.524294e+00   2.547890e+01              0             34              2              1   2.003643e+01   5.232462e-01   8.513794e-01
        210500   1.527081e+00   2.646525e+01              0             35              2              3   1.966413e+01   5.318987e-01   8.418439e-01
        211000   1.567604e+00   1.808317e+01              0             35              2              2   2.022359e+01   5.323802e-01   8.542315e-01
        211500   1.564537e+00   1.908125e+01              0             34              2              3   2.009845e+01   5.312922e-01   8.546261e-01
        212000   1.568414e+00   2.007778e+01              0             36              2              4   1.994797e+01   5.310823e-01   8.501236e-01
        212500   1.576607e+00   2.106844e+01              0             32              2              2   2.030808e+01   5.239179e-01   8.603582e-01
        213000   1.580131e+00   2.205990e+01              0             34              2              3   2.021330e+01   5.191488e-01   8.520777e-01
        213500   1.578474e+00   2.304502e+01              0             36              2              3   2.034823e+01   5.146755e-01   8.728971e-01
        214000   1.588111e+00   2.402536e+01              0             34              2              3   1.978197e+01   5.151070e-01   8.657534e-01
        214500   1.607385e+00   1.646620e+01              0             36              2              3   1.977573e+01   5.273769e-01   8.620130e-01
        215000   1.623537e+00   1.746071e+01              0             37              2              3   1.996395e+01   5.296946e-01   8.687638e-01
        215500   1.627571e+00   1.844875e+01              0             31              2              3   1.970881e+01   5.397406e-01   8.646949e-01
        216000   1.605985e+00   1.943710e+01              0             37              2              3   1.936592e+01   5.472503e-01   8.569975e-01
        216500   1.618506e+00   2.043331e+01              0             35              2              3   1.967232e+01   5.371570e-01   8.614524e-01
        217000   1.632659e+00   2.141595e+01              0             36              3              3   1.964005e+01   5.322129e-01   8.647369e-01
        217500   1.603732e+00   2.240086e+01              0             36              2              3   1.988128e+01   5.445647e-01   8.557486e-01
        218000   1.589000e+00   3.109750e+01              0             33              2              3   2.040824e+01   5.343804e-01   8.680247e-01
        218500   1.603200e+00   2.435103e+01              0             35              2              3   2.011173e+01   5.410615e-01   8.709160e-01
        219000   1.620058e+00   2.534404e+01              0             36              2              3   1.974928e+01   5.545204e-01   8.451442e-01
        219500   1.637927e+00   2.632781e+01              0             34              2              3   2.009030e+01   5.557505e-01   8.463875e-01
        220000   1.682958e+00   1.896076e+01              0             33              2              3   1.989849e+01   5.373811e-01   8.458557e-01
        220500   1.668202e+00   1.995533e+01              0             30              2              3   1.952965e+01   5.365327e-01   8.307512e-01
        221000   1.648314e+00   2.094889e+01              0             37              2              3   1.958352e+01   5.323133e-01   8.378402e-01
        221500   1.647715e+00   2.991381e+01              0             38              2              3   1.968100e+01   5.300753e-01   8.410942e-01
        222000   1.664004e+00   2.291976e+01              0             35              2              3   2.003919e+01   5.321017e-01   8.434958e-01
        222500   1.673185e+00   2.391772e+01              0             36              2              3   2.038583e+01   5.266715e-01   8.548797e-01
        223000   1.703509e+00   1.649547e+01              0             33              2              3   2.041400e+01   5.268630e-01   8.590459e-01
        223500   1.671492e+00   2.586703e+01              0             37              2              3   1.990332e+01   5.396319e-01   8.439445e-01
        224000   1.702254e+00   1.835194e+01              0             34              2              3   1.956496e+01   5.253664e-01   8.428297e-01
        224500   1.685933e+00   2.780999e+01              0             35              2              3   2.003448e+01   5.180838e-01   8.566983e-01
        225000   1.649434e+00   3.569961e+01              0             35              2              2   1.939087e+01   5.346761e-01   8.310320e-01
        225500   1.651411e+00   2.979216e+01              0             38              2              3   1.974278e+01   5.327148e-01   8.470522e-01
        226000   1.680218e+00   3.078490e+01              0             34              2              2   1.982090e+01   5.614949e-01   8.419176e-01
        226500   1.717657e+00   2.290544e+01              0             29              2              3   1.998232e+01   5.715988e-01   8.349036e-01
        227000   1.727668e+00   2.389917e+01              0             33              2              3   1.991029e+01   5.622283e-01   8.446395e-01
        227500   1.691415e+00   3.347943e+01              0             35              2              3   2.013180e+01   5.608398e-01   8.479596e-01
        228000   1.705451e+00   2.584624e+01              0             39              2              3   1.954667e+01   5.617213e-01   8.423501e-01
        228500   1.724267e+00   2.684527e+01              0             36              2              3   1.989534e+01   5.750810e-01   8.422557e-01
        229000   1.717577e+00   2.784318e+01              0             39              3              3   1.992467e+01   5.663723e-01   8.390528e-01
        229500   1.744176e+00   1.908864e+01              0             38              2              3   1.933053e+01   5.621410e-01   8.326145e-01
        230000   1.789813e+00   2.007110e+01              0             36              2              3   1.976384e+01   5.472744e-01   8.527823e-01
        230500   1.778320e+00   2.106370e+01              0             37              2              4   1.952075e+01   5.385473e-01   8.446480e-01
        231000   1.752712e+00   2.205327e+01              0             34              2              3   2.004697e+01   5.481193e-01   8.649603e-01
        231500   1.771501e+00   2.304648e+01              0             36              3              3   1.934309e+01   5.597952e-01   8.363493e-01
        232000   1.799842e+00   1.505109e+01              0             39              3              3   1.959314e+01   5.609980e-01   8.404883e-01
        232500   1.818075e+00   1.604182e+01              0             37              2              4   1.954757e+01   5.587394e-01   8.422690e-01
        233000   1.802940e+00   1.702997e+01              0             37              3              3   1.947540e+01   5.487781e-01   8.499934e-01
        233500   1.846661e+00   1.801134e+01              0             38              2              3   1.966598e+01   5.421358e-01   8.499887e-01
        234000   1.840208e+00   1.899079e+01              0             33              2              4   1.983329e+01   5.253831e-01   8.553045e-01
        234500   1.851991e+00   1.251523e+01              0             36              2              3   2.018177e+01   5.208941e-01   8.755564e-01
        235000   1.872764e+00   1.350805e+01              0             37              3              3   1.988785e+01   4.981139e-01   8.792700e-01
        235500   1.844556e+00   1.448815e+01              0             39              2              3   1.975135e+01   5.125000e-01   8.576588e-01
        236000   1.865873e+00   1.547064e+01              0             39              2              3   1.959919e+01   5.146441e-01   8.559148e-01
        236500   1.844497e+00   1.643754e+01              0             37              2              3   1.957612e+01   5.326411e-01   8.415290e-01
        237000   1.823844e+00   2.466156e+01              0             38              2              3   1.974460e+01   5.250793e-01   8.545070e-01
        237500   1.833571e+00   2.565516e+01              0             38              2              3   1.968753e+01   5.491475e-01   8.399442e-01
        238000   1.875955e+00   1.921971e+01              0             32              2              2   1.984447e+01   5.403882e-01   8.460350e-01
        238500   1.865469e+00   2.021708e+01              0             37              2              3   1.998884e+01   5.468702e-01   8.478763e-01
        239000   1.870412e+00   2.121076e+01              0             37              2              4   1.991820e+01   5.468231e-01   8.503472e-01
        239500   1.888341e+00   2.220133e+01              0             37              2              2   1.958417e+01   5.289772e-01   8.433759e-01
        240000   1.901729e+00   2.316649e+01              0             32              2              3   1.929359e+01   5.345300e-01   8.406294e-01
        240500   1.923427e+00   1.681530e+01              0             31              2              2   1.984297e+01   5.405465e-01   8.386727e-01
        241000   1.944448e+00   1.779508e+01              0             32              2              2   1.990255e+01   5.356907e-01   8.502791e-01
        241500   1.925333e+00   1.878516e+01              0             37              2              3   2.004229e+01   5.349339e-01   8.491181e-01
        242000   1.957946e+00   1.288766e+01              0             41              2              3   2.012340e+01   5.377414e-01   8.394107e-01
        242500   1.954578e+00   1.386992e+01              0             39              1              3   2.003936e+01   5.236374e-01   8.540554e-01
        243000   1.973117e+00   1.485840e+01              0             39              3              2   1.959958e+01   5.208108e-01   8.482320e-01
        243500   1.973140e+00   1.583688e+01              0             36              2              3   1.981390e+01   5.210254e-01   8.505307e-01
        244000   1.961885e+00   1.683361e+01              0             38              3              3   1.974051e+01   5.327978e-01   8.528309e-01
        244500   1.983724e+00   1.781953e+01              0             37              2              3   2.034576e+01   5.229892e-01   8.594694e-01
        245000   2.002844e+00   1.249934e+01              0             39              2              3   1.963649e+01   5.365598e-01   8.383438e-01
        245500   2.013441e+00   1.349240e+01              0             39              3              2   1.996497e+01   5.269889e-01   8.586712e-01
        246000   2.021288e+00   1.448344e+01              0             41              2              3   1.997483e+01   5.363370e-01   8.494399e-01
        246500   2.058059e+00   9.780751e+00              0             37              2              3   1.970739e+01   5.269867e-01   8.387754e-01
        247000   2.074859e+00   1.076645e+01              0             38              3              2   1.982712e+01   5.119326e-01   8.516068e-01
        247500   2.105715e+00   7.019919e+00              0             37              3              3   1.997827e+01   5.065696e-01   8.569040e-01
        248000   2.088641e+00   1.270927e+01              0             39              3              2   1.977466e+01   5.044963e-01   8.583916e-01
        248500   2.066972e+00   1.368481e+01              0             36              3              3   1.952298e+01   5.111707e-01   8.668028e-01
        249000   2.076778e+00   1.468114e+01              0             43              3              3   1.977532e+01   5.054571e-01   8.729458e-01
        249500   2.087128e+00   1.567030e+01              0             36              3              2   1.967567e+01   5.024866e-01   8.784399e-01
        250000   2.100631e+00   1.664199e+01              0             35              2              3   1.971265e+01   4.936155e-01   8.797015e-01
        250500   2.105746e+00   1.760101e+01              0             30              1              3   1.968631e+01   4.940811e-01   8.738810e-01
        251000   2.130031e+00   1.366478e+01              0             33              1              4   1.966541e+01   5.012810e-01   8.806359e-01
        251500   2.140039e+00   1.464877e+01              0             38              3              3   1.994580e+01   5.117792e-01   8.868942e-01
        252000   2.130059e+00   1.563947e+01              0             34              2              3   1.987356e+01   5.059603e-01   8.895890e-01
        252500   2.137829e+00   1.663250e+01              0             35              2              3   1.992417e+01   4.981188e-01   8.881325e-01
        253000   2.152107e+00   1.248736e+01              0             33              2              3   1.990534e+01   5.098534e-01   8.841608e-01
        253500   2.166375e+00   1.347129e+01              0             37              2              3   2.006822e+01   5.182347e-01   8.735831e-01
        254000   2.189907e+00   9.198812e+00              0             33              2              3   1.957327e+01   5.220075e-01   8.624879e-01
        254500   2.197496e+00   1.013519e+01              0             35              2              4   1.977884e+01   5.144344e-01   8.670311e-01
        255000   2.171635e+00   1.638458e+01              0             34              2              2   1.964325e+01   5.208014e-01   8.614781e-01
        255500   2.172341e+00   1.737889e+01              0             35              2              3   1.979950e+01   5.151927e-01   8.643001e-01
        256000   2.178635e+00   1.837253e+01              0             34              2              3   2.003767e+01   5.011132e-01   8.727873e-01
        256500   2.162105e+00   1.936746e+01              0             35              2              2   1.958352e+01   5.147768e-01   8.568638e-01
        257000   2.172488e+00   2.036522e+01              0             35              2              3   2.002958e+01   5.132579e-01   8.683207e-01
        257500   2.156588e+00   2.136167e+01              0             35              2              1   2.051079e+01   5.200396e-01   8.688657e-01
        258000   2.156285e+00   2.233317e+01              0             35              2              2   2.039249e+01   5.115517e-01   8.695941e-01
        258500   2.119956e+00   2.721482e+01              0             33              1              3   2.066475e+01   5.182708e-01   8.744831e-01
        259000   2.112637e+00   2.821036e+01              0             35              1              3   2.043569e+01   5.116785e-01   8.678073e-01
        259500   2.126091e+00   2.920114e+01              0             35              2              2   2.063499e+01   5.056691e-01   8.737994e-01
        260000   2.155675e+00   3.016878e+01              0             33              1              3   2.044202e+01   4.967361e-01   8.729814e-01
        260500   2.152414e+00   2.691937e+01              0             34              1              2   2.033677e+01   5.316244e-01   8.730984e-01
        261000   2.143125e+00   3.205271e+01              0             32              1              2   2.052835e+01   5.194964e-01   8.788122e-01
        261500   2.146381e+00   2.886702e+01              0             32              1              2   2.051658e+01   5.015971e-01   8.854198e-01
        262000   2.133398e+00   3.401298e+01              0             33              2              2   2.016275e+01   5.057641e-01   8.761624e-01
        262500   2.140173e+00   3.500561e+01              0             35              1              3   2.019625e+01   5.079081e-01   8.797444e-01
        263000   2.117954e+00   3.600301e+01              0             32              1              3   1.988952e+01   5.000442e-01   8.719569e-01
        263500   2.106317e+00   3.698332e+01              0             34              2              2   2.022277e+01   5.141533e-01   8.679810e-01
        264000   2.119852e+00   3.797736e+01              0             32              1              3   2.002366e+01   5.163632e-01   8.642305e-01
        264500   2.109006e+00   3.896605e+01              0             35              2              2   2.041348e+01   5.110966e-01   8.636528e-01
        265000   2.092688e+00   3.941879e+01              0             34              1              3   2.032725e+01   5.165530e-01   8.657820e-01
        265500   2.086694e+00   4.041198e+01              0             36              1              3   1.997051e+01   5.276172e-01   8.623034e-01
        266000   2.044552e+00   3.752738e+01              0             36              1              4   2.058109e+01   5.097625e-01   8.725965e-01
        266500   2.049938e+00   3.848675e+01              0             32              1              2   2.019719e+01   5.312552e-01   8.631954e-01
        267000   2.013152e+00   3.543452e+01              0             35              2              3   2.018359e+01   5.240852e-01   8.475262e-01
        267500   1.972694e+00   3.638721e+01              0             35              1              1   2.012695e+01   5.109245e-01   8.603104e-01
        268000   1.966096e+00   3.735309e+01              0             37              1              1   1.983456e+01   4.964641e-01   8.589751e-01
        268500   1.980203e+00   3.834587e+01              0             35              2              2   2.060312e+01   5.001023e-01   8.710815e-01
        269000   1.989462e+00   3.934279e+01              0             36              2              3   2.023092e+01   5.298451e-01   8.573600e-01
        269500   1.987110e+00   4.032900e+01              0             34              2              2   2.036008e+01   5.266924e-01   8.595346e-01
        270000   2.023775e+00   4.483350e+01              0             31              2              3   2.023617e+01   5.414159e-01   8.508475e-01
        270500   2.025458e+00   4.582961e+01              0             34              3              3   2.007730e+01   5.282689e-01   8.526446e-01
        271000   2.054479e+00   4.884163e+01              0             35              3              2   2.060766e+01   5.319070e-01   8.541440e-01
        271500   2.018038e+00   4.780468e+01              0             37              1              2   2.039137e+01   5.441125e-01   8.411072e-01
        272000   1.996959e+00   4.477714e+01              0             35              1              2   2.039992e+01   5.353401e-01   8.593615e-01
        272500   1.974183e+00   4.576811e+01              0             32              1              2   2.020189e+01   5.396200e-01   8.457502e-01
        273000   1.979121e+00   4.676429e+01              0             34              1              3   2.070560e+01   5.375024e-01   8.573504e-01
        273500   1.972882e+00   4.776395e+01              0             34              2              2   2.053756e+01   5.136817e-01   8.657407e-01
        274000   1.972774e+00   4.875986e+01              0             34              1              3   2.069527e+01   5.086541e-01   8.840984e-01
        274500   1.955455e+00   4.974014e+01              0             30              1              3   2.052404e+01   5.005770e-01   8.814824e-01
        275000   1.979593e+00   5.072392e+01              0             32              2              3   2.047557e+01   5.085471e-01   8.830906e-01
        275500   1.959132e+00   5.170047e+01              0             34              2              3   2.064730e+01   4.995995e-01   8.836807e-01
        276000   1.943331e+00   4.809203e+01              0             36              1              2   2.028191e+01   5.077311e-01   8.730641e-01
        276500   1.936823e+00   4.908217e+01              0             34              1              3   2.088019e+01   4.955975e-01   8.952283e-01
        277000   1.931896e+00   5.007597e+01              0             31              1              2   2.052860e+01   5.104931e-01   8.806333e-01
        277500   1.904733e+00   5.105190e+01              0             37              1              3   2.075633e+01   5.269198e-01   8.743335e-01
        278000   1.915721e+00   5.204341e+01              0             35              1              3   2.043042e+01   5.158305e-01   8.584572e-01
        278500   1.910609e+00   4.800126e+01              0             33              2              2   2.012549e+01   5.147851e-01   8.568082e-01
        279000   1.887891e+00   4.893467e+01              0             32              1              3   2.031487e+01   5.106769e-01   8.614771e-01
        279500   1.884136e+00   4.993069e+01              0             35              2              3   2.011432e+01   4.663049e-01   8.756563e-01
        280000   1.916905e+00   5.581375e+01              0             33              2              2   1.990534e+01   4.943136e-01   8.602192e-01
        280500   1.925904e+00   5.681042e+01              0             32              1              2   1.990709e+01   5.063940e-01   8.634874e-01
        281000   1.957051e+00   6.076635e+01              0             35              2              3   2.046935e+01   4.911680e-01   8.872956e-01
        281500   1.917407e+00   5.877813e+01              0             33              2              3   2.007905e+01   4.950280e-01   8.677460e-01
        282000   1.949375e+00   6.252652e+01              0             32              2              1   2.030720e+01   5.026661e-01   8.682821e-01
        282500   1.912248e+00   6.073870e+01              0             33              2              2   2.030127e+01   5.029683e-01   8.717811e-01
        283000   1.908906e+00   6.169541e+01              0             34              2              2   1.999718e+01   5.123862e-01   8.549694e-01
        283500   1.905968e+00   6.263571e+01              0             34              2              1   2.027704e+01   5.198046e-01   8.578665e-01
        284000   1.901984e+00   6.359530e+01              0             34              2              2   1.999164e+01   5.148816e-01   8.629150e-01
        284500   1.887601e+00   5.912118e+01              0             33              2              3   1.994079e+01   5.121961e-01   8.614811e-01
        285000   1.887997e+00   6.011683e+01              0             33              2              3   2.003044e+01   5.064505e-01   8.641023e-01
        285500   1.905145e+00   6.634842e+01              0             35              2              2   1.989923e+01   4.906742e-01   8.713130e-01
        286000   1.909789e+00   6.734008e+01              0             37              1              3   2.027068e+01   4.834000e-01   8.821821e-01
        286500   1.938395e+00   6.833626e+01              0             34              2              2   2.066193e+01   4.936999e-01   8.762021e-01
        287000   1.923529e+00   6.933332e+01              0             36              1              3   2.014966e+01   5.150670e-01   8.538284e-01
        287500   1.901734e+00   6.475294e+01              0             40              2              2   2.003854e+01   5.136580e-01   8.549842e-01
        288000   1.908903e+00   7.123449e+01              0             35              2              3   2.012332e+01   4.983571e-01   8.681162e-01
        288500   1.912553e+00   7.221660e+01              0             36              2              2   1.994491e+01   5.078109e-01   8.618571e-01
        289000   1.909755e+00   7.319188e+01              1             36              3              3   2.000730e+01   5.092312e-01   8.455155e-01
        289500   1.903466e+00   7.416516e+01              0             42              3              3   2.006908e+01   5.173002e-01   8.581297e-01
        290000   1.926162e+00   7.515012e+01              0             34              2              3   1.986094e+01   5.145071e-01   8.542758e-01
        290500   1.909565e+00   7.612709e+01              0             37              1              3   2.048883e+01   5.061293e-01   8.646123e-01
        291000   1.920935e+00   7.711992e+01              0             36              1              3   2.029442e+01   5.257435e-01   8.535430e-01
        291500   1.940741e+00   7.811611e+01              0             34              2              2   1.992271e+01   5.327407e-01   8.426016e-01
        292000   1.949280e+00   7.818755e+01              0             31              3              2   1.942155e+01   5.128075e-01   8.419205e-01
        292500   1.978615e+00   7.918208e+01              0             32              3              2   1.984115e+01   5.359076e-01   8.426173e-01
        293000   1.967853e+00   8.017837e+01              0             34              2              2   1.962897e+01   5.149760e-01   8.522711e-01
        293500   1.943012e+00   8.183065e+01              1             34              2              2   1.982497e+01   5.283272e-01   8.471192e-01
        294000   1.967164e+00   8.212469e+01              1             38              2              2   1.944855e+01   5.431697e-01   8.343715e-01
        294500   1.962902e+00   8.310845e+01              0             37              3              3   1.970519e+01   5.224125e-01   8.471638e-01
        295000   1.933734e+00   8.464574e+01              0             36              2              3   1.964519e+01   5.184902e-01   8.559910e-01
        295500   1.979579e+00   8.502740e+01              0             34              2              2   1.950001e+01   5.115919e-01   8.525249e-01
        296000   1.989974e+00   8.601701e+01              0             27              2              2   1.999207e+01   5.111386e-01   8.672765e-01
        296500   1.955147e+00   8.700324e+01              0             33              3              2   1.975526e+01   5.037771e-01   8.669373e-01
        297000   1.968224e+00   8.798985e+01              0             37              2              2   2.004730e+01   5.055530e-01   8.665879e-01
        297500   1.995049e+00   8.125207e+01              0             36              2              2   1.950108e+01   5.115222e-01   8.563394e-01
        298000   2.032198e+00   8.224556e+01              0             34              3              2   1.959788e+01   5.102354e-01   8.552739e-01
        298500   2.051795e+00   7.146731e+01              0             34              2              2   1.950999e+01   5.088766e-01   8.539312e-01
        299000   2.071584e+00   7.246227e+01              0             37              2              2   1.951479e+01   5.240378e-01   8.478940e-01
        299500   2.077414e+00   7.344090e+01              0             35              1              2   1.969042e+01   5.298691e-01   8.560395e-01
        300000   2.117131e+00   6.074224e+01              0             31              2              2   1.934774e+01   5.235167e-01   8.488579e-01
        300500   2.117222e+00   6.173864e+01              0             38              2              2   1.911138e+01   5.238220e-01   8.421863e-01
        301000   2.150261e+00   4.725680e+01              0             36              3              2   1.893932e+01   5.285926e-01   8.361706e-01
        301500   2.194271e+00   4.823440e+01              0             30              3              2   1.960601e+01   5.000029e-01   8.716475e-01
        302000   2.188951e+00   4.919057e+01              0             27              1              3   1.968844e+01   5.140002e-01   8.614760e-01
        302500   2.156053e+00   5.018208e+01              0             35              3              3   1.979250e+01   5.099983e-01   8.638426e-01
        303000   2.156074e+00   5.117898e+01              0             33              3              3   1.951277e+01   5.213550e-01   8.514894e-01
        303500   2.186378e+00   3.574148e+01              0             30              1              3   1.912735e+01   5.172778e-01   8.495045e-01
        304000   2.206234e+00   3.672357e+01              0             27              1              3   1.959583e+01   5.223172e-01   8.660287e-01
        304500   2.213790e+00   3.771354e+01              0             30              1              3   1.985986e+01   5.190009e-01   8.620730e-01
        305000   2.203657e+00   3.870830e+01              0             29              3              2   1.948073e+01   5.318427e-01   8.508544e-01
        305500   2.221765e+00   3.970113e+01              0             34              2              2   1.967605e+01   5.305889e-01   8.530040e-01
        306000   2.250494e+00   2.507309e+01              0             29              2              2   1.973612e+01   5.327427e-01   8.444733e-01
        306500   2.261853e+00   2.606654e+01              0             31              2              0   1.947549e+01   5.490106e-01   8.442501e-01
        307000   2.245531e+00   2.704517e+01              0             32              1              2   1.989376e+01   5.406942e-01   8.477173e-01
        307500   2.303388e+00   1.547949e+01              0             32              2              3   1.974764e+01   5.522794e-01   8.481090e-01
        308000   2.291498e+00   1.644543e+01              0             35              2              3   1.899929e+01   5.565459e-01   8.331040e-01
        308500   2.260233e+00   2.993627e+01              0             32              2              1   1.946058e+01   5.601872e-01   8.287844e-01
        309000   2.249477e+00   3.090485e+01              0             34              2              2   1.962761e+01   5.531630e-01   8.439383e-01
        309500   2.311020e+00   1.910848e+01              0             32              2              2   1.960664e+01   5.390373e-01   8.469743e-01
        310000   2.274339e+00   3.277431e+01              0             34              2              2   1.966113e+01   5.414776e-01   8.472208e-01
        310500   2.286551e+00   3.376083e+01              0             34              2              2   1.955721e+01   5.475163e-01   8.384715e-01
        311000   2.354564e+00   1.238408e+01              0             27              2              2   1.944790e+01   5.719498e-01   8.355867e-01
        311500   2.357162e+00   2.289216e+01              0             32              2              2   1.945054e+01   5.612314e-01   8.367087e-01
        312000   2.377577e+00   1.436307e+01              0             27              2              2   1.960154e+01   5.657355e-01   8.435935e-01
        312500   2.357522e+00   1.535522e+01              0             33              1              2   1.897706e+01   5.441774e-01   8.434394e-01
        313000   2.402652e+00   9.624630e+00              0             30              2              2   1.891787e+01   5.571809e-01   8.279761e-01
        313500   2.390220e+00   1.727398e+01              0             30              2              2   1.937486e+01   5.529409e-01   8.401952e-01
        314000   2.408710e+00   1.158068e+01              0             33              2              2   1.912820e+01   5.500951e-01   8.358854e-01
        314500   2.392063e+00   1.255202e+01              0             33              2              3   1.938423e+01   5.628895e-01   8.374903e-01
        315000   2.437075e+00   1.353443e+01              0             30              2              2   1.937517e+01   5.760828e-01   8.271648e-01
        315500   2.464923e+00   9.246144e+00              0             33              2              3   1.937081e+01   5.705486e-01   8.368364e-01
        316000   2.421855e+00   1.545631e+01              0             33              2              2   1.939660e+01   5.643342e-01   8.305080e-01
        316500   2.378333e+00   2.252162e+01              0             34              2              2   1.953028e+01   5.638905e-01   8.319335e-01
        317000   2.394635e+00   2.349910e+01              0             33              2              2   1.996399e+01   5.754533e-01   8.389340e-01
        317500   2.423507e+00   1.833708e+01              0             34              2              3   1.994593e+01   5.522848e-01   8.371242e-01
        318000   2.418996e+00   1.933522e+01              0             34              2              2   1.953775e+01   5.435538e-01   8.410532e-01
        318500   2.403974e+00   2.032371e+01              0             32              2              2   1.928350e+01   5.561221e-01   8.300592e-01
        319000   2.395705e+00   2.129234e+01              0             31              2              3   1.972571e+01   5.764763e-01   8.315825e-01
        319500   2.420737e+00   2.228697e+01              0             34              2              2   1.932871e+01   5.692896e-01   8.215241e-01
        320000   2.453385e+00   1.672490e+01              0             31              2              2   1.946219e+01   5.642308e-01   8.269525e-01
        320500   2.515059e+00   1.110631e+01              0             27              1              2   1.933673e+01   5.720733e-01   8.286267e-01
        321000   2.490894e+00   1.207792e+01              0             31              2              3   1.969224e+01   5.671465e-01   8.387852e-01
        321500   2.490355e+00   1.304061e+01              0             28              2              2   1.926833e+01   5.441779e-01   8.412350e-01
        322000   2.483192e+00   2.058508e+01              0             32              2              2   1.916667e+01   5.362408e-01   8.442643e-01
        322500   2.541891e+00   1.495034e+01              0             29              1              2   1.985796e+01   5.467196e-01   8.465823e-01
        323000   2.543665e+00   1.592112e+01              0             30              2              3   1.983692e+01   5.636487e-01   8.337320e-01
        323500   2.581548e+00   1.079006e+01              0             30              2              3   1.953711e+01   5.616825e-01   8.362413e-01
