          step              r      E_metad_r      n_cont_CA   n_cont_heavy       n_saltbr        n_hbond           SASA           RMSD             Rg 
             0   6.043059e-01   0.000000e+00              4             84              1              3   2.141189e+01   0.000000e+00   1.019783e+00
           500   5.923614e-01   9.733145e-01              3             79              1              4   2.153509e+01   8.651139e-02   9.945340e-01
          1000   5.868363e-01   1.935140e+00              4             81              2              5   2.175745e+01   1.067603e-01   9.912324e-01
          1500   6.166799e-01   2.885905e+00              3             72              1              3   2.185166e+01   1.150628e-01   9.931675e-01
          2000   6.033530e-01   3.839224e+00              4             76              0              5   2.182723e+01   1.310599e-01   9.824738e-01
          2500   6.220298e-01   4.845796e+00              4             72              0              5   2.155617e+01   1.578145e-01   9.616250e-01
          3000   6.087690e-01   5.666243e+00              2             76              0              2   2.215839e+01   1.261702e-01   9.847949e-01
          3500   5.991541e-01   6.786660e+00              3             78              2              4   2.174243e+01   1.553304e-01   9.676433e-01
          4000   5.934402e-01   7.597842e+00              4             80              2              5   2.202074e+01   1.514166e-01   9.714410e-01
          4500   6.163396e-01   8.702660e+00              2             77              2              7   2.139453e+01   1.569081e-01   9.620636e-01
          5000   5.979007e-01   9.495575e+00              4             77              2              8   2.170503e+01   1.545777e-01   9.757847e-01
          5500   5.954860e-01   1.065146e+01              3             74              2              6   2.158875e+01   1.510698e-01   9.734171e-01
          6000   6.034595e-01   1.162386e+01              4             83              2              9   2.172701e+01   1.651901e-01   9.800687e-01
          6500   6.255421e-01   1.260977e+01              4             79              2              7   2.170750e+01   1.824422e-01   9.646788e-01
          7000   6.104687e-01   1.360270e+01              4             83              1              7   2.148377e+01   1.859826e-01   9.726340e-01
          7500   6.425843e-01   1.459253e+01              2             74              2              5   2.178716e+01   1.844828e-01   9.646158e-01
          8000   6.390321e-01   1.558461e+01              3             74              2              5   2.153615e+01   1.998375e-01   9.556496e-01
          8500   6.086763e-01   1.657638e+01              4             76              2              8   2.176291e+01   1.936027e-01   9.598389e-01
          9000   6.064634e-01   1.756960e+01              3             73              1              7   2.134845e+01   2.000578e-01   9.463215e-01
          9500   6.094592e-01   1.855962e+01              4             73              2              6   2.182318e+01   2.151556e-01   9.582251e-01
         10000   6.106830e-01   1.955304e+01              4             78              2              7   2.165138e+01   2.213563e-01   9.489556e-01
         10500   6.218847e-01   2.054439e+01              3             80              2              6   2.132429e+01   2.258951e-01   9.334483e-01
         11000   6.311888e-01   2.152816e+01              4             79              1              4   2.131584e+01   2.330597e-01   9.408306e-01
         11500   6.308126e-01   2.252351e+01              3             74              2              6   2.164398e+01   2.346002e-01   9.535027e-01
         12000   6.077444e-01   2.203758e+01              4             76              2              8   2.207203e+01   2.202994e-01   9.729147e-01
         12500   6.310689e-01   2.450728e+01              3             78              2              5   2.164780e+01   2.225862e-01   9.568362e-01
         13000   6.264165e-01   2.549339e+01              4             79              3              7   2.157567e+01   2.327982e-01   9.548860e-01
         13500   6.231208e-01   2.648410e+01              3             79              2              5   2.169738e+01   2.382215e-01   9.487297e-01
         14000   6.506095e-01   2.323113e+01              4             77              2              7   2.137449e+01   2.603595e-01   9.428920e-01
         14500   6.249170e-01   2.842953e+01              4             77              2              7   2.169785e+01   2.313691e-01   9.638291e-01
         15000   6.409462e-01   2.942110e+01              3             76              2              6   2.152486e+01   2.161251e-01   9.604888e-01
         15500   6.380910e-01   3.040255e+01              4             77              2              6   2.157447e+01   2.199020e-01   9.525458e-01
         16000   6.470002e-01   3.136729e+01              3             77              2              4   2.153954e+01   2.144816e-01   9.595078e-01
         16500   6.284843e-01   3.235865e+01              4             76              2              5   2.147105e+01   2.231361e-01   9.477379e-01
         17000   6.396571e-01   3.333832e+01              4             79              2              5   2.148933e+01   2.228342e-01   9.502872e-01
         17500   6.177139e-01   3.431829e+01              4             78              2              5   2.153622e+01   2.182295e-01   9.625581e-01
         18000   6.167621e-01   3.530514e+01              4             75              2              5   2.167788e+01   2.115688e-01   9.504116e-01
         18500   6.134071e-01   3.629922e+01              4             72              2              5   2.182354e+01   2.334586e-01   9.374023e-01
         19000   6.220373e-01   3.729304e+01              3             70              1              4   2.157712e+01   2.198821e-01   9.457791e-01
         19500   6.276223e-01   3.828620e+01              3             73              2              5   2.203867e+01   2.277727e-01   9.621902e-01
         20000   6.177754e-01   3.927700e+01              4             74              2              7   2.189734e+01   2.295651e-01   9.492375e-01
         20500   6.121432e-01   4.025537e+01              3             75              2              6   2.216250e+01   2.302678e-01   9.468233e-01
         21000   6.296792e-01   4.125158e+01              4             77              2              6   2.170649e+01   2.250773e-01   9.407215e-01
         21500   6.243797e-01   4.224774e+01              4             76              2              5   2.154944e+01   2.198121e-01   9.404849e-01
         22000   6.185760e-01   4.323610e+01              4             73              2              8   2.167723e+01   2.077029e-01   9.517352e-01
         22500   6.205703e-01   4.421015e+01              3             76              1              7   2.178417e+01   2.126866e-01   9.554377e-01
         23000   5.871647e-01   4.102112e+01              4             78              2              7   2.188850e+01   2.251857e-01   9.537993e-01
         23500   5.935496e-01   4.200097e+01              3             78              1              6   2.220197e+01   2.416551e-01   9.703693e-01
         24000   5.974116e-01   4.297984e+01              4             75              2              7   2.182431e+01   2.348708e-01   9.725860e-01
         24500   5.833717e-01   4.396822e+01              5             78              1              6   2.179338e+01   2.198166e-01   9.650209e-01
         25000   5.855880e-01   4.496736e+01              4             79              2              7   2.195466e+01   2.295388e-01   9.811930e-01
         25500   5.804509e-01   4.596434e+01              4             80              1              5   2.194859e+01   2.288857e-01   9.880856e-01
         26000   5.945107e-01   4.695488e+01              3             77              2              6   2.194749e+01   2.327890e-01   9.849346e-01
         26500   5.935888e-01   4.794784e+01              4             80              3              5   2.202513e+01   2.268198e-01   1.002651e+00
         27000   5.845880e-01   4.894467e+01              4             78              1              6   2.175183e+01   2.162634e-01   9.936677e-01
         27500   5.957977e-01   4.993499e+01              4             76              2              8   2.193150e+01   2.247106e-01   9.908823e-01
         28000   5.865560e-01   5.093383e+01              4             76              2              7   2.210260e+01   2.106573e-01   9.862051e-01
         28500   5.615829e-01   5.192184e+01              4             78              2              7   2.186550e+01   2.193791e-01   9.796960e-01
         29000   5.758946e-01   5.288382e+01              5             74              2              6   2.209481e+01   2.105608e-01   9.965420e-01
         29500   5.840981e-01   5.387820e+01              4             73              2              7   2.194931e+01   2.190435e-01   9.755523e-01
         30000   6.097521e-01   5.771320e+01              4             73              2              5   2.193173e+01   2.189228e-01   9.931077e-01
         30500   5.825798e-01   5.579400e+01              4             73              2              7   2.177773e+01   1.979606e-01   9.959416e-01
         31000   5.791606e-01   5.678843e+01              4             76              2              5   2.192893e+01   2.121829e-01   1.002775e+00
         31500   5.963418e-01   5.777538e+01              4             73              2              7   2.165669e+01   2.338026e-01   1.006515e+00
         32000   5.781852e-01   5.876289e+01              4             74              1              6   2.184194e+01   2.160914e-01   9.936298e-01
         32500   5.832178e-01   5.975835e+01              4             78              2              6   2.179112e+01   2.088821e-01   1.006765e+00
         33000   5.971340e-01   6.075473e+01              4             76              2              7   2.199325e+01   2.200688e-01   9.955799e-01
         33500   6.035482e-01   6.170652e+01              4             79              3              6   2.181131e+01   2.316130e-01   9.944789e-01
         34000   5.793377e-01   6.270170e+01              4             80              2              7   2.210909e+01   2.170819e-01   9.941598e-01
         34500   6.105719e-01   6.600326e+01              4             78              2              6   2.194647e+01   2.084665e-01   9.864621e-01
         35000   5.864692e-01   6.464816e+01              4             78              2              7   2.208283e+01   2.081572e-01   1.008392e+00
         35500   5.787071e-01   6.564134e+01              4             76              1              4   2.213786e+01   2.017147e-01   1.002418e+00
         36000   5.794218e-01   6.663361e+01              4             74              1              5   2.188520e+01   2.085032e-01   1.011087e+00
         36500   6.003529e-01   6.953046e+01              4             75              1              6   2.169109e+01   2.223368e-01   9.936030e-01
         37000   5.904739e-01   6.861461e+01              4             77              1              6   2.157286e+01   2.041970e-01   1.000208e+00
         37500   5.847083e-01   6.960451e+01              4             77              1              6   2.206766e+01   2.102937e-01   9.905424e-01
         38000   5.709251e-01   7.060110e+01              4             73              1              6   2.185939e+01   2.044887e-01   9.931572e-01
         38500   5.734684e-01   5.553789e+01              4             78              1              6   2.173628e+01   2.032399e-01   1.001754e+00
         39000   5.841228e-01   7.258236e+01              4             76              2              4   2.191552e+01   2.120466e-01   9.884031e-01
         39500   5.958428e-01   7.357472e+01              4             77              1              7   2.192064e+01   2.056473e-01   9.977527e-01
         40000   5.988749e-01   7.450373e+01              4             74              2              6   2.163588e+01   2.189956e-01   9.896994e-01
         40500   5.782202e-01   7.545496e+01              4             76              2              7   2.164261e+01   2.057722e-01   9.780959e-01
         41000   6.051260e-01   7.762625e+01              5             72              1              6   2.205082e+01   2.054480e-01   9.963723e-01
         41500   5.885910e-01   7.742141e+01              3             77              2              5   2.159540e+01   2.184097e-01   9.923380e-01
         42000   6.131592e-01   7.948621e+01              4             78              1              5   2.191465e+01   2.309605e-01   1.009154e+00
         42500   6.107188e-01   8.045465e+01              4             77              1              6   2.214247e+01   2.226689e-01   9.948038e-01
         43000   5.721083e-01   8.030052e+01              4             75              2              7   2.204226e+01   2.319686e-01   1.004824e+00
         43500   5.775069e-01   8.129875e+01              4             79              2              8   2.188291e+01   2.259635e-01   9.887654e-01
         44000   5.817614e-01   8.229696e+01              4             78              2              7   2.175070e+01   2.307579e-01   9.904647e-01
         44500   5.618002e-01   6.541791e+01              4             80              2              7   2.186958e+01   2.123386e-01   9.964162e-01
         45000   5.830279e-01   8.424513e+01              4             85              1              7   2.155730e+01   2.195649e-01   9.728438e-01
         45500   5.619398e-01   8.520120e+01              4             77              2              7   2.170722e+01   2.190012e-01   9.799117e-01
         46000   5.509214e-01   8.616912e+01              4             80              2              7   2.155383e+01   2.224163e-01   9.721758e-01
         46500   5.895764e-01   8.712505e+01              4             77              1              6   2.176937e+01   2.247145e-01   9.800396e-01
         47000   5.762185e-01   8.810472e+01              4             79              1              6   2.184770e+01   2.119743e-01   9.624388e-01
         47500   5.968882e-01   8.908010e+01              4             76              3              4   2.105514e+01   2.046092e-01   9.644990e-01
         48000   6.182278e-01   8.981927e+01              4             80              2              7   2.106717e+01   2.118522e-01   9.654829e-01
         48500   6.051487e-01   9.081546e+01              3             73              2              6   2.102595e+01   2.002263e-01   9.527940e-01
         49000   5.997327e-01   9.177284e+01              4             75              2              7   2.132821e+01   2.000047e-01   9.607620e-01
         49500   5.948652e-01   9.276659e+01              4             74              3              7   2.151170e+01   1.961911e-01   9.715086e-01
         50000   5.800217e-01   9.373535e+01              4             78              2              5   2.165340e+01   1.880166e-01   9.721636e-01
         50500   5.943778e-01   9.472723e+01              3             78              2              7   2.145178e+01   2.093046e-01   9.652546e-01
         51000   5.797296e-01   9.572404e+01              3             79              2              7   2.133987e+01   2.156870e-01   9.554001e-01
         51500   5.787219e-01   9.669604e+01              3             82              2              6   2.156660e+01   2.154939e-01   9.557007e-01
         52000   6.041881e-01   9.714136e+01              3             78              2              7   2.140144e+01   2.168425e-01   9.608408e-01
         52500   5.964248e-01   9.860773e+01              3             77              2              7   2.161172e+01   1.954450e-01   9.805341e-01
         53000   5.897260e-01   9.956119e+01              3             72              2              8   2.167339e+01   2.100021e-01   9.790634e-01
         53500   5.946599e-01   1.000003e+02              4             74              2              7   2.209453e+01   2.071546e-01   9.895159e-01
         54000   5.709845e-01   1.014968e+02              4             76              2              7   2.204797e+01   2.029105e-01   9.993288e-01
         54500   5.822508e-01   1.024936e+02              4             77              2              6   2.211699e+01   1.986960e-01   1.007141e+00
         55000   5.598932e-01   8.281460e+01              4             80              2              7   2.228620e+01   2.128799e-01   1.000253e+00
         55500   5.619005e-01   8.377083e+01              3             79              2              4   2.195608e+01   2.104170e-01   9.990245e-01
         56000   5.771168e-01   1.054185e+02              4             79              3              5   2.212379e+01   2.151806e-01   1.015368e+00
         56500   5.777370e-01   1.064016e+02              4             83              2              7   2.223353e+01   2.265759e-01   9.992509e-01
         57000   5.820095e-01   1.073922e+02              3             77              2              4   2.219974e+01   2.122434e-01   1.007623e+00
         57500   5.993565e-01   1.065758e+02              3             79              2              7   2.215461e+01   2.203950e-01   9.946167e-01
         58000   5.866576e-01   1.093421e+02              3             83              2              7   2.231494e+01   2.302310e-01   1.005684e+00
         58500   5.827674e-01   1.103382e+02              3             82              2              5   2.220694e+01   2.198866e-01   9.991659e-01
         59000   5.890601e-01   1.113304e+02              3             82              2              7   2.171744e+01   2.257156e-01   1.007019e+00
         59500   5.729827e-01   9.095229e+01              4             83              2              7   2.215443e+01   2.296924e-01   9.968413e-01
         60000   6.244756e-01   8.638322e+01              4             79              2              7   2.239592e+01   2.440688e-01   1.000118e+00
         60500   6.485622e-01   8.735646e+01              3             79              2              4   2.230587e+01   2.537528e-01   9.979708e-01
         61000   6.636484e-01   8.835250e+01              4             75              2              6   2.267147e+01   2.340910e-01   9.929299e-01
         61500   6.701858e-01   8.934161e+01              3             71              1              7   2.246339e+01   2.472949e-01   1.010308e+00
         62000   6.429994e-01   9.033354e+01              3             84              2              5   2.278698e+01   2.398739e-01   1.019631e+00
         62500   6.388811e-01   9.132993e+01              3             83              2              5   2.266214e+01   2.589534e-01   9.960931e-01
         63000   6.538854e-01   9.230370e+01              3             79              1              6   2.258020e+01   2.534210e-01   9.951954e-01
         63500   6.525774e-01   9.329395e+01              2             83              2              6   2.233358e+01   2.539103e-01   9.974234e-01
         64000   6.412624e-01   9.429204e+01              5             83              1              5   2.193470e+01   2.643986e-01   9.818746e-01
         64500   6.607991e-01   9.527563e+01              3             82              2              6   2.197968e+01   2.546178e-01   9.771128e-01
         65000   6.831578e-01   6.205800e+01              3             78              2              6   2.231996e+01   2.647923e-01   9.971529e-01
         65500   6.870534e-01   6.305192e+01              4             77              1              5   2.218497e+01   2.769449e-01   9.967640e-01
         66000   6.860374e-01   6.404647e+01              4             72              2              7   2.220419e+01   2.792785e-01   9.892011e-01
         66500   6.855247e-01   6.502776e+01              4             76              2              6   2.251604e+01   2.648277e-01   9.868067e-01
         67000   6.861130e-01   9.998343e+01              4             79              2              5   2.256263e+01   2.541527e-01   1.002713e+00
         67500   7.016885e-01   6.698899e+01              3             71              1              6   2.261687e+01   2.767820e-01   1.011268e+00
         68000   6.838823e-01   6.798304e+01              4             81              1              7   2.277402e+01   2.922007e-01   1.021089e+00
         68500   6.863159e-01   6.898053e+01              3             80              1              5   2.241265e+01   2.842333e-01   1.007930e+00
         69000   6.738956e-01   6.996137e+01              5             81              1              6   2.213861e+01   3.150363e-01   9.900724e-01
         69500   6.757370e-01   7.094917e+01              4             79              1              6   2.238545e+01   3.200987e-01   1.003660e+00
         70000   6.940514e-01   7.192658e+01              3             74              1              7   2.243626e+01   3.061610e-01   1.001319e+00
         70500   7.357413e-01   4.132241e+01              4             76              1              5   2.256101e+01   2.944613e-01   1.015789e+00
         71000   7.183731e-01   7.385132e+01              4             74              1              5   2.292557e+01   3.007023e-01   9.972494e-01
         71500   7.362130e-01   4.326983e+01              4             72              1              6   2.306131e+01   2.942521e-01   1.002776e+00
         72000   7.152048e-01   7.577871e+01              5             74              1              6   2.279337e+01   2.792195e-01   1.003286e+00
         72500   7.266378e-01   4.519029e+01              3             70              1              5   2.275132e+01   2.755250e-01   9.987710e-01
         73000   7.003257e-01   7.772455e+01              4             74              1              5   2.291939e+01   2.926731e-01   1.026818e+00
         73500   7.037780e-01   7.871291e+01              4             77              1              7   2.281175e+01   2.894482e-01   1.027481e+00
         74000   7.148294e-01   7.970194e+01              4             73              1              5   2.240389e+01   2.858980e-01   9.970401e-01
         74500   7.328937e-01   8.066833e+01              4             76              1              5   2.241614e+01   2.941066e-01   1.001291e+00
         75000   7.089904e-01   8.164036e+01              2             81              1              5   2.248796e+01   2.859773e-01   1.006179e+00
         75500   7.129799e-01   8.263165e+01              5             79              1              4   2.272262e+01   2.855476e-01   1.014938e+00
         76000   7.109522e-01   8.362366e+01              4             80              1              5   2.230814e+01   2.875564e-01   1.004199e+00
         76500   7.008960e-01   8.461803e+01              4             75              1              4   2.226346e+01   2.570390e-01   1.007873e+00
         77000   7.166917e-01   5.362534e+01              3             75              1              7   2.259491e+01   2.680759e-01   1.008390e+00
         77500   7.305094e-01   5.457708e+01              3             76              1              7   2.271555e+01   2.632144e-01   1.017224e+00
         78000   7.669696e-01   5.556955e+01              2             68              1              4   2.240920e+01   2.832564e-01   1.012094e+00
         78500   7.493479e-01   5.656052e+01              2             73              1              6   2.229631e+01   2.782070e-01   1.001840e+00
         79000   7.562563e-01   5.755565e+01              3             66              1              5   2.206661e+01   2.876795e-01   9.917010e-01
         79500   7.425014e-01   5.855304e+01              4             68              1              6   2.198950e+01   3.008111e-01   9.796050e-01
         80000   7.107417e-01   9.098994e+01              2             70              1              5   2.194298e+01   2.931748e-01   9.853673e-01
         80500   7.129011e-01   9.194816e+01              2             70              1              5   2.207961e+01   2.936365e-01   9.825651e-01
         81000   6.975643e-01   9.293944e+01              2             69              1              3   2.174140e+01   2.965867e-01   9.785556e-01
         81500   6.750275e-01   1.229405e+02              2             75              1              6   2.230736e+01   2.938164e-01   9.855414e-01
         82000   6.820180e-01   9.490790e+01              3             74              1              5   2.204781e+01   2.771348e-01   9.734634e-01
         82500   7.057959e-01   9.589659e+01              3             70              1              5   2.224357e+01   2.930207e-01   9.729070e-01
         83000   7.034473e-01   9.689359e+01              3             71              1              5   2.205424e+01   2.861743e-01   9.597499e-01
         83500   6.945958e-01   9.789180e+01              3             73              1              6   2.201228e+01   2.916670e-01   9.760424e-01
         84000   6.760562e-01   9.886322e+01              3             75              2              8   2.201176e+01   2.767367e-01   9.700236e-01
         84500   6.741641e-01   1.284636e+02              3             76              2              6   2.182908e+01   2.838024e-01   9.682247e-01
         85000   6.802643e-01   1.294515e+02              3             78              2              7   2.185858e+01   2.767878e-01   9.697465e-01
         85500   6.800083e-01   1.017133e+02              2             73              2              5   2.161687e+01   2.663155e-01   9.624506e-01
         86000   7.204746e-01   6.949895e+01              2             69              2              5   2.130445e+01   2.794031e-01   9.513124e-01
         86500   7.306966e-01   7.045303e+01              3             72              2              4   2.148094e+01   2.669501e-01   9.661655e-01
         87000   7.211658e-01   1.046167e+02              3             74              2              5   2.162610e+01   2.695623e-01   9.645601e-01
         87500   7.258731e-01   1.056005e+02              4             73              3              4   2.135485e+01   2.724271e-01   9.478610e-01
         88000   7.404553e-01   7.336481e+01              3             68              3              5   2.124064e+01   2.666964e-01   9.527871e-01
         88500   7.494589e-01   7.435524e+01              3             70              2              5   2.174229e+01   2.645014e-01   9.600454e-01
         89000   7.167477e-01   1.083374e+02              2             67              1              7   2.155183e+01   2.604079e-01   9.564289e-01
         89500   7.402377e-01   7.627384e+01              3             72              1              5   2.158192e+01   2.809628e-01   9.504939e-01
         90000   7.023313e-01   1.102659e+02              3             76              1              7   2.151330e+01   2.737381e-01   9.466903e-01
         90500   7.047961e-01   1.112580e+02              3             73              2              7   2.176458e+01   2.663093e-01   9.663970e-01
         91000   7.188432e-01   1.122489e+02              3             73              2              7   2.148447e+01   2.783422e-01   9.358230e-01
         91500   7.047483e-01   1.132159e+02              4             79              2              6   2.173025e+01   2.633491e-01   9.409847e-01
         92000   7.247085e-01   8.090491e+01              3             73              1              5   2.161009e+01   2.835160e-01   9.336425e-01
         92500   7.010012e-01   1.151881e+02              3             73              2              4   2.146590e+01   2.829642e-01   9.476822e-01
         93000   7.113034e-01   1.161785e+02              3             77              2              7   2.200463e+01   2.736401e-01   9.542645e-01
         93500   7.199274e-01   1.171533e+02              3             71              2              6   2.171326e+01   2.899142e-01   9.549592e-01
         94000   7.651623e-01   8.464398e+01              3             74              3              8   2.187455e+01   3.010829e-01   9.768111e-01
         94500   7.923257e-01   5.332209e+01              2             71              2              6   2.173927e+01   2.970021e-01   9.629209e-01
         95000   7.816112e-01   5.430051e+01              1             68              2              7   2.193611e+01   3.023679e-01   9.716295e-01
         95500   8.152378e-01   5.528756e+01              2             65              2              4   2.175847e+01   2.914113e-01   9.656999e-01
         96000   8.428576e-01   3.075909e+01              1             60              2              5   2.167668e+01   3.006817e-01   9.579241e-01
         96500   8.059774e-01   5.723452e+01              1             65              2              4   2.129325e+01   3.104022e-01   9.500810e-01
         97000   7.727655e-01   8.989363e+01              1             72              2              5   2.162093e+01   3.016319e-01   9.483322e-01
         97500   7.540673e-01   9.088215e+01              2             70              2              5   2.152143e+01   2.847221e-01   9.497052e-01
         98000   7.793235e-01   6.009845e+01              2             70              2              4   2.166247e+01   2.801776e-01   9.613886e-01
         98500   7.748930e-01   9.282426e+01              2             71              2              3   2.177021e+01   2.743258e-01   9.593696e-01
         99000   7.468083e-01   9.380601e+01              4             72              2              5   2.200352e+01   2.719752e-01   9.635904e-01
         99500   7.134668e-01   1.258040e+02              5             75              2              5   2.164480e+01   2.913010e-01   9.404307e-01
        100000   7.052577e-01   1.267900e+02              5             74              2              7   2.174398e+01   2.915579e-01   9.311317e-01
        100500   7.088572e-01   1.277837e+02              4             76              2              5   2.176883e+01   2.969399e-01   9.523208e-01
        101000   7.296334e-01   1.287409e+02              3             74              2              7   2.143610e+01   2.826660e-01   9.609993e-01
        101500   7.233553e-01   9.849593e+01              4             74              2              5   2.170188e+01   2.722697e-01   9.592166e-01
        102000   7.038105e-01   1.306938e+02              3             74              2              6   2.124818e+01   2.824618e-01   9.486011e-01
        102500   7.116321e-01   1.316812e+02              4             74              2              5   2.144785e+01   2.877035e-01   9.465286e-01
        103000   7.199170e-01   1.326728e+02              3             75              1              4   2.202779e+01   2.918936e-01   9.449715e-01
        103500   7.241004e-01   1.336636e+02              2             75              2              5   2.154267e+01   2.926912e-01   9.479456e-01
        104000   7.297417e-01   1.031244e+02              3             70              2              6   2.148415e+01   3.006094e-01   9.351813e-01
        104500   7.123329e-01   1.355974e+02              3             74              2              4   2.169978e+01   2.976039e-01   9.432985e-01
        105000   7.495825e-01   1.050562e+02              3             70              2              5   2.144247e+01   2.900192e-01   9.560507e-01
        105500   7.494203e-01   1.060490e+02              1             69              2              4   2.171853e+01   2.809709e-01   9.558477e-01
        106000   7.377755e-01   1.070466e+02              3             65              2              5   2.182683e+01   2.954031e-01   9.572036e-01
        106500   7.831243e-01   7.319273e+01              2             71              2              5   2.201704e+01   2.899821e-01   9.566406e-01
        107000   7.769717e-01   1.089673e+02              0             63              2              5   2.216134e+01   2.790336e-01   9.682047e-01
        107500   7.670853e-01   1.099448e+02              1             67              2              4   2.203307e+01   2.954464e-01   9.514920e-01
        108000   7.787049e-01   7.611393e+01              1             70              2              2   2.207309e+01   2.851724e-01   9.531549e-01
        108500   7.592451e-01   1.118610e+02              1             70              2              4   2.187760e+01   2.805374e-01   9.514896e-01
        109000   7.664030e-01   7.798192e+01              1             67              2              5   2.198424e+01   2.706405e-01   9.614118e-01
        109500   7.796699e-01   7.895603e+01              2             70              2              5   2.175927e+01   2.626343e-01   9.656427e-01
        110000   7.704515e-01   7.990312e+01              1             72              2              6   2.181541e+01   2.632595e-01   9.733262e-01
        110500   7.881760e-01   8.089200e+01              1             64              2              4   2.177942e+01   2.799025e-01   9.662762e-01
        111000   7.934348e-01   8.188544e+01              1             58              2              3   2.171214e+01   2.831628e-01   9.652516e-01
        111500   7.701979e-01   8.286033e+01              1             70              2              4   2.172003e+01   2.843895e-01   9.580456e-01
        112000   8.033967e-01   5.088838e+01              1             64              2              4   2.149873e+01   2.879501e-01   9.577901e-01
        112500   7.944905e-01   8.482887e+01              1             65              2              4   2.116576e+01   2.862352e-01   9.512568e-01
        113000   7.823745e-01   8.581999e+01              1             65              2              5   2.127032e+01   3.018344e-01   9.349191e-01
        113500   7.538999e-01   1.211443e+02              2             69              2              5   2.195698e+01   2.880342e-01   9.482193e-01
        114000   7.482272e-01   1.221425e+02              2             69              2              5   2.165920e+01   2.755369e-01   9.513445e-01
        114500   7.925754e-01   8.861363e+01              2             65              2              4   2.158266e+01   2.814074e-01   9.483530e-01
        115000   7.787839e-01   8.958967e+01              1             66              2              4   2.188732e+01   2.932765e-01   9.514182e-01
        115500   7.807320e-01   9.055450e+01              1             67              2              4   2.181115e+01   2.905580e-01   9.551930e-01
        116000   7.783062e-01   9.153269e+01              2             63              2              6   2.204124e+01   3.020560e-01   9.677222e-01
        116500   7.894178e-01   9.250834e+01              3             63              2              4   2.183172e+01   3.002209e-01   9.655590e-01
        117000   8.386349e-01   5.871508e+01              2             58              2              3   2.174923e+01   2.947595e-01   9.576222e-01
        117500   8.457962e-01   5.969561e+01              2             55              2              4   2.217155e+01   2.890544e-01   9.751626e-01
        118000   8.507433e-01   6.069420e+01              1             61              2              3   2.187395e+01   2.744023e-01   9.787348e-01
        118500   8.311879e-01   9.625339e+01              2             63              2              4   2.168214e+01   2.694917e-01   9.633263e-01
        119000   8.372499e-01   6.265106e+01              2             58              2              3   2.185237e+01   2.657110e-01   9.713573e-01
        119500   8.625569e-01   6.364640e+01              1             56              2              3   2.172264e+01   2.875153e-01   9.732035e-01
        120000   8.883922e-01   3.601377e+01              1             51              2              4   2.190791e+01   2.990507e-01   9.596532e-01
        120500   8.502640e-01   6.560920e+01              1             51              2              3   2.198836e+01   2.914263e-01   9.810872e-01
        121000   8.892405e-01   3.789359e+01              1             54              2              3   2.180680e+01   2.881391e-01   9.968048e-01
        121500   8.830964e-01   6.754102e+01              1             52              2              4   2.200926e+01   2.901389e-01   9.971757e-01
        122000   8.918400e-01   3.982581e+01              1             50              2              3   2.168653e+01   2.813657e-01   9.786959e-01
        122500   8.877896e-01   4.081531e+01              1             52              2              3   2.171862e+01   2.843871e-01   9.792716e-01
        123000   8.879605e-01   4.180644e+01              1             49              2              4   2.172945e+01   2.806823e-01   9.854623e-01
        123500   8.891759e-01   4.279649e+01              2             56              2              3   2.202816e+01   2.741503e-01   9.705025e-01
        124000   8.635328e-01   7.227904e+01              1             59              2              4   2.173359e+01   2.852060e-01   9.763079e-01
        124500   8.720113e-01   7.326014e+01              3             53              2              3   2.181450e+01   2.872912e-01   9.855559e-01
        125000   9.171926e-01   4.567727e+01              2             50              2              3   2.222075e+01   2.782791e-01   9.946984e-01
        125500   9.044692e-01   4.666902e+01              2             54              2              3   2.188069e+01   2.996053e-01   9.964205e-01
        126000   9.259471e-01   4.765426e+01              1             50              2              3   2.211515e+01   2.914062e-01   1.015254e+00
        126500   8.930193e-01   4.864339e+01              2             56              2              3   2.238081e+01   2.907585e-01   1.016395e+00
        127000   8.993052e-01   4.962557e+01              1             50              2              4   2.224019e+01   3.023822e-01   1.004584e+00
        127500   8.884762e-01   5.060978e+01              1             54              2              3   2.227948e+01   2.981018e-01   9.993074e-01
        128000   9.054536e-01   5.160111e+01              1             55              2              3   2.243470e+01   3.065357e-01   1.004838e+00
        128500   8.949076e-01   5.259672e+01              2             51              2              3   2.231732e+01   2.887571e-01   1.001572e+00
        129000   9.113437e-01   5.359277e+01              1             47              2              3   2.245344e+01   2.989584e-01   9.925195e-01
        129500   8.931516e-01   5.458795e+01              2             55              2              2   2.254045e+01   2.948433e-01   1.011403e+00
        130000   8.914742e-01   5.557961e+01              2             55              2              2   2.231718e+01   2.871662e-01   9.990160e-01
        130500   8.970367e-01   5.656143e+01              1             55              2              3   2.226812e+01   2.943990e-01   9.955985e-01
        131000   9.218332e-01   5.754919e+01              1             50              1              2   2.193758e+01   2.959261e-01   9.875059e-01
        131500   8.963643e-01   5.854253e+01              1             53              2              2   2.193034e+01   3.074989e-01   9.939245e-01
        132000   9.172740e-01   5.954102e+01              2             58              2              3   2.214394e+01   3.072235e-01   9.898599e-01
        132500   9.190905e-01   6.052536e+01              1             52              2              3   2.222652e+01   2.986224e-01   9.761254e-01
        133000   9.056565e-01   6.151592e+01              2             54              2              2   2.221700e+01   3.177808e-01   9.790530e-01
        133500   9.362693e-01   6.249647e+01              1             55              2              4   2.242731e+01   3.187009e-01   9.884899e-01
        134000   9.072289e-01   6.348403e+01              1             54              2              2   2.228331e+01   3.327571e-01   9.926499e-01
        134500   9.092477e-01   6.447781e+01              1             56              2              2   2.226057e+01   3.249723e-01   9.903293e-01
        135000   9.240845e-01   6.546710e+01              1             51              2              2   2.239038e+01   3.038065e-01   1.007803e+00
        135500   9.226909e-01   6.645072e+01              1             52              1              2   2.236278e+01   2.969366e-01   1.005355e+00
        136000   9.245355e-01   4.407927e+01              1             50              1              1   2.213280e+01   3.102408e-01   9.995071e-01
        136500   9.231237e-01   6.843419e+01              1             57              2              2   2.212005e+01   3.041337e-01   1.006930e+00
        137000   9.157167e-01   6.942122e+01              1             56              2              2   2.215062e+01   3.102052e-01   9.890348e-01
        137500   9.081686e-01   7.040754e+01              1             58              2              1   2.207748e+01   3.096933e-01   9.843153e-01
        138000   9.229260e-01   4.776242e+01              1             57              2              2   2.209816e+01   3.242819e-01   9.844725e-01
        138500   9.303899e-01   7.235843e+01              1             53              2              3   2.215488e+01   3.023260e-01   9.985999e-01
        139000   9.294505e-01   7.331325e+01              1             52              2              3   2.221895e+01   3.040859e-01   1.013582e+00
        139500   9.082130e-01   7.430979e+01              1             53              2              1   2.205771e+01   3.097960e-01   9.971514e-01
        140000   9.275367e-01   5.155376e+01              1             53              2              2   2.244760e+01   3.280862e-01   1.005164e+00
        140500   9.114592e-01   7.627180e+01              2             54              2              3   2.237477e+01   3.065300e-01   9.909288e-01
        141000   8.951102e-01   7.726243e+01              1             53              1              3   2.191443e+01   2.976888e-01   9.849006e-01
        141500   9.165600e-01   7.824750e+01              2             55              2              2   2.211087e+01   3.031490e-01   1.000984e+00
        142000   9.024277e-01   7.924438e+01              2             55              2              3   2.238857e+01   3.223379e-01   9.924335e-01
        142500   8.992943e-01   8.024214e+01              1             52              2              3   2.191313e+01   3.125710e-01   9.901970e-01
        143000   9.035372e-01   8.122940e+01              2             59              2              2   2.187247e+01   3.361123e-01   9.850934e-01
        143500   8.992628e-01   8.222506e+01              2             54              2              3   2.176198e+01   3.371167e-01   9.844337e-01
        144000   9.427188e-01   5.860783e+01              2             55              2              2   2.216845e+01   3.459979e-01   9.832324e-01
        144500   9.515892e-01   5.959399e+01              2             55              2              3   2.193619e+01   3.673017e-01   9.740645e-01
        145000   9.695853e-01   3.731705e+01              2             54              1              2   2.188069e+01   3.851408e-01   9.797631e-01
        145500   9.988577e-01   3.828564e+01              2             49              1              2   2.212456e+01   3.873246e-01   9.979543e-01
        146000   9.856202e-01   3.927778e+01              2             50              1              0   2.220974e+01   3.711146e-01   9.991489e-01
        146500   1.003561e+00   4.025869e+01              2             48              0              0   2.197389e+01   3.782907e-01   9.793943e-01
        147000   1.001972e+00   4.125650e+01              2             47              0              2   2.217247e+01   3.807353e-01   9.966637e-01
        147500   1.022417e+00   4.224958e+01              2             46              0              0   2.208913e+01   3.963823e-01   9.797098e-01
        148000   1.013306e+00   4.324174e+01              2             51              0              1   2.179965e+01   3.777090e-01   9.891720e-01
        148500   1.014235e+00   4.423268e+01              2             48              0              2   2.191074e+01   3.960429e-01   9.931575e-01
        149000   1.006846e+00   4.522858e+01              2             51              0              1   2.218258e+01   3.905968e-01   9.999386e-01
        149500   1.027943e+00   4.621949e+01              2             50              0              2   2.226276e+01   3.906158e-01   9.948641e-01
        150000   1.027259e+00   4.718853e+01              1             43              0              2   2.213719e+01   3.699887e-01   9.935574e-01
        150500   1.013226e+00   4.818102e+01              2             46              0              2   2.207908e+01   3.647751e-01   9.912641e-01
        151000   1.031270e+00   4.916863e+01              3             44              0              2   2.217823e+01   3.616016e-01   1.005426e+00
        151500   1.016329e+00   5.015277e+01              3             46              0              1   2.196177e+01   3.684840e-01   1.003479e+00
        152000   1.039496e+00   3.166580e+01              3             45              0              1   2.191605e+01   3.528695e-01   1.009528e+00
        152500   1.049760e+00   3.265493e+01              2             47              0              3   2.212059e+01   3.645492e-01   1.017263e+00
        153000   1.042835e+00   5.297530e+01              2             46              0              2   2.175576e+01   3.759927e-01   1.000089e+00
        153500   1.034440e+00   5.393011e+01              2             48              0              1   2.184302e+01   3.691693e-01   1.011289e+00
        154000   1.066904e+00   3.560106e+01              1             44              0              2   2.192346e+01   3.850114e-01   1.001986e+00
        154500   1.044231e+00   3.657640e+01              3             44              0              2   2.209846e+01   3.629126e-01   9.862727e-01
        155000   1.033250e+00   5.672031e+01              3             47              0              2   2.215244e+01   3.732865e-01   9.981368e-01
        155500   1.044129e+00   5.764449e+01              2             47              0              2   2.205120e+01   3.697525e-01   1.010934e+00
        156000   1.040570e+00   3.948363e+01              2             44              0              3   2.219277e+01   3.802908e-01   9.962761e-01
        156500   1.063678e+00   4.047186e+01              1             46              0              2   2.204138e+01   3.804288e-01   9.865272e-01
        157000   1.042671e+00   4.146101e+01              3             47              0              1   2.198229e+01   3.854570e-01   1.012436e+00
        157500   1.079672e+00   2.588397e+01              2             45              0              3   2.207727e+01   3.810739e-01   1.017267e+00
        158000   1.112934e+00   2.686092e+01              1             43              0              1   2.194761e+01   3.848525e-01   1.021760e+00
        158500   1.104689e+00   2.785586e+01              2             41              0              2   2.227361e+01   3.756643e-01   1.023991e+00
        159000   1.099047e+00   2.884590e+01              2             45              0              3   2.200675e+01   3.943216e-01   1.050802e+00
        159500   1.069990e+00   4.618197e+01              2             46              0              4   2.178103e+01   4.011561e-01   1.027151e+00
        160000   1.053238e+00   4.717430e+01              2             43              0              3   2.183246e+01   3.877774e-01   1.030773e+00
        160500   1.036465e+00   4.814644e+01              2             45              0              2   2.142351e+01   3.769666e-01   1.024536e+00
        161000   1.022978e+00   6.690536e+01              3             44              0              3   2.191027e+01   3.828372e-01   1.037675e+00
        161500   1.063446e+00   5.005758e+01              2             43              0              1   2.188819e+01   3.843955e-01   1.031476e+00
        162000   1.059534e+00   5.105227e+01              2             45              0              3   2.193278e+01   3.805414e-01   1.040707e+00
        162500   1.073246e+00   5.203878e+01              2             45              0              3   2.233803e+01   3.742733e-01   1.050906e+00
        163000   1.084491e+00   5.301957e+01              2             46              0              3   2.222960e+01   3.842554e-01   1.058813e+00
        163500   1.093130e+00   3.665621e+01              2             43              0              1   2.204852e+01   3.710481e-01   1.041145e+00
        164000   1.088016e+00   5.491935e+01              2             41              0              1   2.228906e+01   3.536614e-01   1.042575e+00
        164500   1.069485e+00   5.589371e+01              2             46              0              2   2.192269e+01   3.585916e-01   1.030527e+00
        165000   1.087636e+00   3.952810e+01              1             43              0              1   2.171115e+01   3.746794e-01   1.029619e+00
        165500   1.123830e+00   4.051343e+01              2             42              0              1   2.200675e+01   3.916892e-01   1.042977e+00
        166000   1.129887e+00   2.550103e+01              2             43              0              2   2.200300e+01   3.754444e-01   1.043309e+00
        166500   1.123120e+00   4.249173e+01              2             45              0              2   2.227397e+01   3.700835e-01   1.050871e+00
        167000   1.107588e+00   4.348784e+01              2             41              0              1   2.199913e+01   3.561534e-01   1.037841e+00
        167500   1.106853e+00   4.448448e+01              2             41              0              2   2.207114e+01   3.611901e-01   1.045679e+00
        168000   1.114151e+00   4.548181e+01              2             41              0              2   2.183430e+01   3.738234e-01   1.048146e+00
        168500   1.104146e+00   4.647888e+01              2             41              0              3   2.177340e+01   3.770472e-01   1.050265e+00
        169000   1.119373e+00   4.746768e+01              2             40              0              2   2.178499e+01   3.749407e-01   1.059584e+00
        169500   1.123491e+00   4.845531e+01              2             42              0              2   2.173045e+01   3.737428e-01   1.048984e+00
        170000   1.143379e+00   4.944185e+01              2             46              0              2   2.197642e+01   3.698669e-01   1.056616e+00
        170500   1.141399e+00   3.361473e+01              2             44              0              2   2.195801e+01   3.932098e-01   1.059460e+00
        171000   1.123367e+00   5.135769e+01              3             45              0              0   2.198596e+01   4.035031e-01   1.056694e+00
        171500   1.181392e+00   2.054932e+01              2             42              0              3   2.206339e+01   3.870554e-01   1.052271e+00
        172000   1.170494e+00   3.652022e+01              2             45              0              1   2.189813e+01   3.941129e-01   1.043323e+00
        172500   1.169930e+00   3.751240e+01              2             46              0              2   2.219488e+01   3.933235e-01   1.060456e+00
        173000   1.151136e+00   3.850349e+01              2             46              0              3   2.230052e+01   3.968540e-01   1.059818e+00
        173500   1.179462e+00   3.949830e+01              2             44              0              4   2.199904e+01   4.054250e-01   1.054343e+00
        174000   1.146438e+00   5.658013e+01              3             45              0              3   2.239862e+01   4.173994e-01   1.074943e+00
        174500   1.151187e+00   4.146265e+01              2             44              0              4   2.229349e+01   4.124022e-01   1.052148e+00
        175000   1.160225e+00   4.245216e+01              2             46              0              3   2.204894e+01   4.071344e-01   1.041484e+00
        175500   1.149537e+00   4.344294e+01              2             45              0              3   2.217755e+01   3.903206e-01   1.055158e+00
        176000   1.147578e+00   4.442235e+01              2             45              0              3   2.212502e+01   4.092530e-01   1.063558e+00
        176500   1.133042e+00   6.123733e+01              2             45              0              3   2.205976e+01   4.175582e-01   1.054612e+00
        177000   1.186067e+00   4.638382e+01              2             45              0              2   2.229475e+01   4.350466e-01   1.070179e+00
        177500   1.136677e+00   6.302697e+01              3             46              0              3   2.234515e+01   4.059004e-01   1.062349e+00
        178000   1.155137e+00   6.391589e+01              2             46              0              1   2.180314e+01   4.139751e-01   1.057214e+00
        178500   1.163334e+00   4.932115e+01              1             44              0              2   2.199229e+01   3.935127e-01   1.051384e+00
        179000   1.133253e+00   6.572642e+01              2             46              0              2   2.214093e+01   3.907477e-01   1.051942e+00
        179500   1.123834e+00   6.668915e+01              2             47              0              3   2.218387e+01   3.749181e-01   1.048641e+00
        180000   1.104108e+00   6.767155e+01              2             46              0              3   2.217770e+01   3.997035e-01   1.039166e+00
        180500   1.103494e+00   6.866618e+01              2             45              0              2   2.212524e+01   3.990617e-01   1.045461e+00
        181000   1.137003e+00   6.963548e+01              2             43              0              1   2.205892e+01   3.937527e-01   1.025347e+00
        181500   1.119793e+00   7.062653e+01              2             43              0              3   2.217715e+01   3.979243e-01   1.033813e+00
        182000   1.112987e+00   7.162022e+01              2             45              0              5   2.177804e+01   4.071174e-01   1.014388e+00
        182500   1.092856e+00   7.260784e+01              2             48              0              2   2.198793e+01   4.157370e-01   1.023775e+00
        183000   1.128632e+00   7.358724e+01              2             42              0              4   2.181785e+01   4.165345e-01   1.037016e+00
        183500   1.123663e+00   7.458301e+01              2             47              0              3   2.192306e+01   4.238149e-01   1.029626e+00
        184000   1.116161e+00   7.556390e+01              2             48              0              3   2.199508e+01   4.164197e-01   1.041791e+00
        184500   1.154948e+00   6.014297e+01              2             45              0              4   2.196643e+01   4.227511e-01   1.054357e+00
        185000   1.173290e+00   6.113416e+01              2             47              0              3   2.220256e+01   4.432281e-01   1.069412e+00
        185500   1.206036e+00   4.218240e+01              2             45              0              1   2.189326e+01   4.491741e-01   1.070040e+00
        186000   1.219361e+00   4.317851e+01              2             45              0              3   2.171716e+01   4.599715e-01   1.067757e+00
        186500   1.238018e+00   4.414276e+01              1             41              0              3   2.174026e+01   4.508311e-01   1.077349e+00
        187000   1.231895e+00   4.512055e+01              2             43              0              2   2.195074e+01   4.600346e-01   1.079338e+00
        187500   1.254872e+00   2.765978e+01              1             39              0              2   2.176728e+01   4.432843e-01   1.074671e+00
        188000   1.235767e+00   2.864638e+01              2             42              0              4   2.168880e+01   4.597372e-01   1.065572e+00
        188500   1.225199e+00   4.794788e+01              2             42              0              3   2.150481e+01   4.599428e-01   1.067701e+00
        189000   1.211713e+00   4.894241e+01              2             43              0              2   2.152358e+01   4.560339e-01   1.058998e+00
        189500   1.158897e+00   6.840985e+01              2             46              0              3   2.161788e+01   4.608405e-01   1.066723e+00
        190000   1.160782e+00   6.939405e+01              1             44              0              3   2.180224e+01   4.468833e-01   1.067815e+00
        190500   1.182336e+00   5.165790e+01              2             45              0              3   2.161393e+01   4.443763e-01   1.064302e+00
        191000   1.155597e+00   7.133744e+01              2             42              0              3   2.222719e+01   4.344956e-01   1.042847e+00
        191500   1.147786e+00   7.232578e+01              2             40              0              3   2.171283e+01   4.254042e-01   1.049578e+00
        192000   1.163322e+00   7.331689e+01              2             40              0              3   2.189508e+01   4.413458e-01   1.050024e+00
        192500   1.150421e+00   7.430161e+01              2             44              0              4   2.172888e+01   4.354301e-01   1.043391e+00
        193000   1.159125e+00   7.529451e+01              3             43              0              3   2.209106e+01   4.374815e-01   1.047758e+00
        193500   1.147354e+00   8.918963e+01              2             45              0              4   2.139274e+01   4.393935e-01   1.053132e+00
        194000   1.205657e+00   5.771881e+01              2             43              0              4   2.138795e+01   4.337213e-01   1.053246e+00
        194500   1.218395e+00   5.870429e+01              2             42              0              3   2.139361e+01   4.433537e-01   1.069785e+00
        195000   1.224167e+00   5.968966e+01              2             43              0              4   2.135904e+01   4.303510e-01   1.062560e+00
        195500   1.203296e+00   6.067692e+01              2             43              0              5   2.142600e+01   4.243294e-01   1.063013e+00
        196000   1.213446e+00   6.167341e+01              2             43              0              6   2.131907e+01   4.355223e-01   1.055069e+00
        196500   1.233929e+00   4.131120e+01              1             43              0              5   2.163049e+01   4.446742e-01   1.071690e+00
        197000   1.247151e+00   4.227454e+01              2             38              0              3   2.197640e+01   4.251035e-01   1.069581e+00
        197500   1.256511e+00   4.327231e+01              2             42              0              4   2.195213e+01   4.312744e-01   1.070093e+00
        198000   1.253612e+00   4.427197e+01              2             42              0              2   2.200491e+01   4.523855e-01   1.084076e+00
        198500   1.273270e+00   4.526484e+01              2             42              0              3   2.202113e+01   4.446144e-01   1.081018e+00
        199000   1.256074e+00   4.625962e+01              2             42              0              4   2.195988e+01   4.427632e-01   1.073601e+00
        199500   1.293833e+00   2.824887e+01              2             42              0              3   2.235223e+01   4.277019e-01   1.074660e+00
        200000   1.249510e+00   4.822672e+01              3             41              0              4   2.202458e+01   4.256198e-01   1.073128e+00
        200500   1.260641e+00   4.921583e+01              2             40              0              5   2.172249e+01   4.507413e-01   1.084259e+00
        201000   1.262727e+00   5.021169e+01              2             42              0              3   2.188402e+01   4.330645e-01   1.081184e+00
        201500   1.329963e+00   1.698680e+01              2             42              0              4   2.208952e+01   4.291339e-01   1.090219e+00
        202000   1.313691e+00   3.282690e+01              2             42              0              3   2.168369e+01   4.428363e-01   1.086394e+00
        202500   1.320605e+00   3.382090e+01              3             41              0              3   2.199791e+01   4.343843e-01   1.082682e+00
        203000   1.310922e+00   3.481178e+01              3             43              0              4   2.160464e+01   4.484026e-01   1.079988e+00
        203500   1.277959e+00   5.454829e+01              2             40              0              5   2.167443e+01   4.434650e-01   1.071032e+00
        204000   1.303777e+00   3.678199e+01              3             40              0              3   2.136979e+01   4.436133e-01   1.064784e+00
        204500   1.298448e+00   3.776270e+01              1             39              0              4   2.217895e+01   4.458863e-01   1.067997e+00
        205000   1.302070e+00   3.876098e+01              3             40              0              4   2.186427e+01   4.441195e-01   1.057858e+00
        205500   1.300704e+00   3.975730e+01              2             44              0              4   2.230524e+01   4.734793e-01   1.069776e+00
        206000   1.318969e+00   4.074747e+01              1             38              0              2   2.176728e+01   4.613344e-01   1.036361e+00
        206500   1.324564e+00   4.173465e+01              1             39              0              2   2.190929e+01   4.705913e-01   1.037227e+00
        207000   1.305001e+00   4.272013e+01              1             41              0              2   2.165862e+01   4.521373e-01   1.021082e+00
        207500   1.315391e+00   4.371876e+01              1             43              0              4   2.178111e+01   4.724750e-01   1.030992e+00
        208000   1.324657e+00   4.470178e+01              0             36              0              3   2.219166e+01   4.652365e-01   1.029089e+00
        208500   1.305341e+00   4.568863e+01              1             40              0              3   2.192834e+01   4.714145e-01   1.017906e+00
        209000   1.304837e+00   4.668680e+01              0             37              0              2   2.162649e+01   4.791847e-01   1.015709e+00
        209500   1.261892e+00   6.533781e+01              1             41              0              4   2.175291e+01   4.719190e-01   1.023159e+00
        210000   1.264801e+00   6.633426e+01              1             42              0              4   2.143683e+01   4.810442e-01   1.011226e+00
        210500   1.255035e+00   6.733135e+01              1             39              0              2   2.140657e+01   4.930691e-01   1.004289e+00
        211000   1.241611e+00   6.831647e+01              1             40              0              4   2.192908e+01   4.933546e-01   1.012842e+00
        211500   1.268552e+00   6.930534e+01              2             41              0              3   2.197691e+01   5.029466e-01   1.026619e+00
        212000   1.278426e+00   5.203011e+01              1             44              0              4   2.280674e+01   5.054930e-01   1.035079e+00
        212500   1.290569e+00   5.297740e+01              1             43              0              3   2.268013e+01   5.115813e-01   1.019685e+00
        213000   1.311151e+00   5.397445e+01              1             41              0              2   2.211958e+01   5.087979e-01   1.022629e+00
        213500   1.309884e+00   5.497037e+01              1             41              0              1   2.283282e+01   4.956135e-01   1.038707e+00
        214000   1.310945e+00   5.595782e+01              1             40              0              2   2.281265e+01   5.141748e-01   1.036401e+00
        214500   1.328318e+00   5.692543e+01              1             37              0              1   2.261976e+01   5.013200e-01   1.053663e+00
        215000   1.321769e+00   5.791859e+01              1             36              0              4   2.278378e+01   5.031723e-01   1.057499e+00
        215500   1.315348e+00   5.891495e+01              0             39              0              3   2.277836e+01   5.022179e-01   1.053166e+00
        216000   1.307649e+00   5.990678e+01              1             40              0              2   2.268097e+01   5.044398e-01   1.065333e+00
        216500   1.306949e+00   6.089692e+01              1             41              0              3   2.249956e+01   4.877080e-01   1.047822e+00
        217000   1.326626e+00   6.189091e+01              1             37              0              2   2.238272e+01   4.888312e-01   1.054988e+00
        217500   1.298159e+00   6.288397e+01              1             36              0              2   2.223751e+01   4.937523e-01   1.047882e+00
        218000   1.314372e+00   6.385434e+01              1             38              0              1   2.225087e+01   5.085294e-01   1.049674e+00
        218500   1.302151e+00   6.485172e+01              2             38              0              4   2.214930e+01   4.995068e-01   1.058927e+00
        219000   1.326741e+00   4.596906e+01              1             39              0              3   2.241203e+01   4.869825e-01   1.057950e+00
        219500   1.299003e+00   8.344882e+01              1             40              0              4   2.224737e+01   4.749089e-01   1.049676e+00
        220000   1.286483e+00   8.441167e+01              2             44              0              4   2.224810e+01   4.710930e-01   1.043402e+00
        220500   1.271205e+00   8.539484e+01              3             40              0              4   2.212351e+01   4.731829e-01   1.031090e+00
        221000   1.302269e+00   6.968435e+01              2             42              0              4   2.202393e+01   4.664544e-01   1.036581e+00
        221500   1.317879e+00   7.066976e+01              2             38              0              1   2.207078e+01   4.548078e-01   1.019009e+00
        222000   1.308130e+00   7.166253e+01              2             39              0              3   2.216243e+01   4.715032e-01   1.027432e+00
        222500   1.343355e+00   5.168640e+01              2             34              0              4   2.190169e+01   4.611554e-01   1.046381e+00
        223000   1.331267e+00   7.359491e+01              1             40              0              6   2.194731e+01   4.647691e-01   1.039047e+00
        223500   1.307797e+00   7.455543e+01              2             36              0              4   2.200203e+01   4.727910e-01   1.027854e+00
        224000   1.297144e+00   7.554987e+01              1             39              0              5   2.198972e+01   4.743857e-01   1.001118e+00
        224500   1.334890e+00   5.533919e+01              1             34              0              3   2.192855e+01   4.695270e-01   1.011229e+00
        225000   1.319608e+00   7.752626e+01              1             34              0              4   2.212430e+01   4.557909e-01   1.025383e+00
        225500   1.350932e+00   5.725698e+01              2             36              0              3   2.226000e+01   4.497249e-01   1.015072e+00
        226000   1.344045e+00   5.825162e+01              2             36              0              3   2.170934e+01   4.544924e-01   1.016844e+00
        226500   1.386344e+00   5.923895e+01              2             30              0              5   2.239588e+01   4.553323e-01   1.035798e+00
        227000   1.380131e+00   6.021204e+01              2             30              0              4   2.189683e+01   4.647112e-01   1.038524e+00
        227500   1.391928e+00   3.876186e+01              1             30              0              4   2.156795e+01   4.665307e-01   1.021179e+00
        228000   1.391512e+00   3.972887e+01              1             26              0              4   2.156992e+01   4.614185e-01   1.005924e+00
        228500   1.441594e+00   2.195742e+01              2             24              0              3   2.194831e+01   4.598410e-01   1.038299e+00
        229000   1.441504e+00   4.164269e+01              1             26              0              2   2.262543e+01   4.562362e-01   1.075218e+00
        229500   1.447747e+00   2.392080e+01              1             24              0              3   2.204123e+01   4.386796e-01   1.043768e+00
        230000   1.484714e+00   2.489580e+01              1             23              0              3   2.227062e+01   4.471428e-01   1.055498e+00
        230500   1.482190e+00   2.586842e+01              1             25              0              3   2.221091e+01   4.610712e-01   1.072175e+00
        231000   1.467955e+00   2.685921e+01              1             24              0              4   2.224125e+01   4.664687e-01   1.052915e+00
        231500   1.479963e+00   2.784573e+01              2             25              0              4   2.209285e+01   4.668691e-01   1.062876e+00
        232000   1.483822e+00   2.881971e+01              1             22              0              3   2.212403e+01   4.742101e-01   1.063152e+00
        232500   1.489336e+00   1.692199e+01              1             23              0              3   2.190196e+01   4.737231e-01   1.053078e+00
        233000   1.454750e+00   3.079053e+01              2             27              0              3   2.210546e+01   4.667054e-01   1.051991e+00
        233500   1.468581e+00   3.178864e+01              2             25              0              2   2.220182e+01   4.567033e-01   1.057487e+00
        234000   1.493454e+00   3.276947e+01              2             23              0              4   2.222807e+01   4.466809e-01   1.056664e+00
        234500   1.514119e+00   2.064209e+01              2             23              0              3   2.230837e+01   4.624689e-01   1.059720e+00
        235000   1.525509e+00   2.163701e+01              1             25              0              1   2.204433e+01   4.836161e-01   1.074587e+00
        235500   1.549426e+00   1.337378e+01              1             23              0              4   2.220845e+01   4.792733e-01   1.076728e+00
        236000   1.579101e+00   1.436535e+01              1             22              0              3   2.242906e+01   4.828549e-01   1.082297e+00
        236500   1.579446e+00   1.535655e+01              2             22              0              2   2.234288e+01   4.748624e-01   1.066308e+00
        237000   1.575286e+00   1.635467e+01              0             21              0              2   2.220442e+01   4.791055e-01   1.070797e+00
        237500   1.574620e+00   1.735219e+01              1             24              0              3   2.214711e+01   4.840117e-01   1.079184e+00
        238000   1.570900e+00   1.834074e+01              2             23              0              3   2.247665e+01   4.763218e-01   1.079806e+00
        238500   1.560425e+00   1.933131e+01              2             22              0              2   2.198486e+01   4.529392e-01   1.070122e+00
        239000   1.570488e+00   2.032987e+01              2             21              0              3   2.213480e+01   4.467587e-01   1.061137e+00
        239500   1.556152e+00   2.132681e+01              2             22              0              2   2.239667e+01   4.696064e-01   1.078820e+00
        240000   1.564972e+00   2.229306e+01              1             21              0              2   2.281933e+01   4.903319e-01   1.075641e+00
        240500   1.599016e+00   1.572797e+01              1             22              0              3   2.241278e+01   4.791272e-01   1.077003e+00
        241000   1.581724e+00   1.669908e+01              2             21              0              3   2.229210e+01   4.617059e-01   1.073666e+00
        241500   1.550080e+00   2.521142e+01              2             21              0              2   2.236174e+01   4.688073e-01   1.078740e+00
        242000   1.539599e+00   3.401960e+01              1             23              0              4   2.231680e+01   4.607104e-01   1.078391e+00
        242500   1.552119e+00   3.497303e+01              2             22              0              2   2.252294e+01   4.460068e-01   1.099262e+00
        243000   1.529025e+00   3.594057e+01              2             21              0              1   2.217242e+01   4.404971e-01   1.089755e+00
        243500   1.558297e+00   2.906969e+01              1             16              0              1   2.221056e+01   4.489993e-01   1.081389e+00
        244000   1.557241e+00   3.005323e+01              0             16              0              1   2.227342e+01   4.463163e-01   1.093656e+00
        244500   1.552141e+00   3.103086e+01              0             15              0              2   2.212613e+01   4.495207e-01   1.076837e+00
        245000   1.588240e+00   3.201935e+01              0             14              0              0   2.217466e+01   4.732325e-01   1.076031e+00
        245500   1.595268e+00   2.402654e+01              0             14              0              2   2.213577e+01   4.557936e-01   1.076246e+00
        246000   1.588193e+00   2.499839e+01              0             16              0              1   2.255414e+01   4.598907e-01   1.075529e+00
        246500   1.613105e+00   2.594639e+01              0             14              0              1   2.230279e+01   4.521270e-01   1.085290e+00
        247000   1.616057e+00   2.693237e+01              0             17              0              1   2.242078e+01   4.462888e-01   1.079756e+00
        247500   1.658536e+00   1.805915e+01              0             15              0              1   2.229040e+01   4.540861e-01   1.068513e+00
        248000   1.682404e+00   1.905428e+01              0             12              0              1   2.218763e+01   4.432997e-01   1.052656e+00
        248500   1.707037e+00   1.150776e+01              0             16              0              1   2.215054e+01   4.381599e-01   1.074527e+00
        249000   1.728760e+00   1.249941e+01              0             16              0              1   2.227164e+01   4.372903e-01   1.071854e+00
        249500   1.718988e+00   1.349179e+01              0             13              0              1   2.213004e+01   4.185726e-01   1.063043e+00
        250000   1.735607e+00   1.448749e+01              0             11              0              1   2.228724e+01   4.150911e-01   1.054749e+00
        250500   1.751678e+00   9.259594e+00              0              9              0              1   2.233537e+01   4.098343e-01   1.063503e+00
        251000   1.733845e+00   1.641794e+01              0             10              0              1   2.229072e+01   4.005901e-01   1.057927e+00
        251500   1.699613e+00   1.741209e+01              0             10              0              1   2.233582e+01   4.032744e-01   1.058755e+00
        252000   1.666389e+00   2.598960e+01              0             15              0              1   2.241636e+01   4.004360e-01   1.056828e+00
        252500   1.677731e+00   2.698230e+01              0             10              0              1   2.241141e+01   3.963800e-01   1.053802e+00
        253000   1.732458e+00   2.021518e+01              0              9              0              1   2.230999e+01   4.056021e-01   1.024586e+00
        253500   1.711213e+00   2.119646e+01              0             11              0              1   2.249770e+01   4.307485e-01   1.036981e+00
        254000   1.715856e+00   2.219311e+01              0             11              0              1   2.233483e+01   4.182902e-01   1.036989e+00
        254500   1.725580e+00   2.319048e+01              0              9              0              1   2.229730e+01   4.245762e-01   1.018244e+00
        255000   1.766556e+00   1.686523e+01              0              8              0              1   2.186240e+01   4.309878e-01   1.013032e+00
        255500   1.763277e+00   1.786093e+01              0             11              0              1   2.186164e+01   4.273593e-01   1.017517e+00
        256000   1.773811e+00   1.885432e+01              0              9              0              1   2.203252e+01   4.289332e-01   1.031767e+00
        256500   1.804638e+00   1.289537e+01              0              9              0              1   2.230242e+01   4.296578e-01   1.040318e+00
        257000   1.775863e+00   2.079302e+01              0              9              0              1   2.212363e+01   4.376817e-01   1.028589e+00
        257500   1.792075e+00   1.477023e+01              0              9              0              1   2.215685e+01   4.095694e-01   1.025382e+00
        258000   1.790070e+00   2.276258e+01              0              9              0              1   2.227570e+01   4.348711e-01   1.018324e+00
        258500   1.811975e+00   1.671021e+01              0              9              0              1   2.213431e+01   4.399689e-01   1.027243e+00
        259000   1.833424e+00   1.770749e+01              0              9              0              1   2.253071e+01   4.434509e-01   1.043864e+00
        259500   1.813944e+00   1.870328e+01              0              9              0              1   2.231364e+01   4.343655e-01   1.041935e+00
        260000   1.802248e+00   1.969347e+01              0              9              0              1   2.209072e+01   4.433947e-01   1.033657e+00
        260500   1.753130e+00   2.733193e+01              0             10              0              1   2.180409e+01   4.299803e-01   1.014369e+00
        261000   1.765500e+00   2.832212e+01              0             11              0              2   2.198577e+01   4.249531e-01   1.015434e+00
        261500   1.804083e+00   2.235315e+01              0              9              0              1   2.201679e+01   4.175978e-01   1.023101e+00
        262000   1.794336e+00   3.022200e+01              0             10              0              1   2.231223e+01   4.011929e-01   1.023096e+00
        262500   1.792667e+00   2.430885e+01              0              9              0              1   2.202666e+01   4.150387e-01   1.038605e+00
        263000   1.809299e+00   2.526152e+01              0              9              0              1   2.205325e+01   4.118402e-01   1.041810e+00
        263500   1.831940e+00   1.775910e+01              0              9              0              1   2.219707e+01   4.072219e-01   1.064698e+00
        264000   1.827083e+00   2.722886e+01              0              9              0              1   2.208313e+01   4.167770e-01   1.063122e+00
        264500   1.806247e+00   2.822251e+01              0             10              0              1   2.213751e+01   4.238923e-01   1.080634e+00
        265000   1.840593e+00   2.039796e+01              0              9              0              1   2.250847e+01   4.134964e-01   1.070394e+00
        265500   1.817940e+00   3.017037e+01              0              9              0              1   2.209968e+01   4.197059e-01   1.064303e+00
        266000   1.836469e+00   2.221771e+01              0              9              0              1   2.240876e+01   4.256416e-01   1.081617e+00
        266500   1.852532e+00   2.320343e+01              0              9              0              1   2.237494e+01   4.157796e-01   1.074852e+00
        267000   1.810564e+00   3.305389e+01              0             10              0              1   2.216409e+01   4.141198e-01   1.068975e+00
        267500   1.817131e+00   3.404895e+01              0             10              0              1   2.183320e+01   4.195952e-01   1.051298e+00
        268000   1.839190e+00   2.592871e+01              0              7              0              1   2.198810e+01   4.329372e-01   1.054693e+00
        268500   1.850243e+00   2.691094e+01              0              9              0              1   2.187550e+01   4.290693e-01   1.045821e+00
        269000   1.819491e+00   3.696572e+01              0             10              0              1   2.139451e+01   4.405267e-01   1.029681e+00
        269500   1.844248e+00   2.876264e+01              0              9              0              1   2.195296e+01   4.301739e-01   1.046425e+00
        270000   1.854183e+00   2.975892e+01              0              9              0              1   2.180646e+01   4.374591e-01   1.062063e+00
        270500   1.902706e+00   1.978636e+01              0              8              0              1   2.196363e+01   4.428530e-01   1.081293e+00
        271000   1.900574e+00   2.077907e+01              0             11              0              1   2.194011e+01   4.547465e-01   1.073770e+00
        271500   1.936524e+00   2.177426e+01              0              9              0              1   2.216586e+01   4.425420e-01   1.068695e+00
        272000   1.944630e+00   1.310929e+01              0              7              0              1   2.185246e+01   4.385006e-01   1.065419e+00
        272500   1.941366e+00   1.408538e+01              0              7              0              1   2.220654e+01   4.531369e-01   1.071613e+00
        273000   1.927732e+00   2.469269e+01              0              7              0              1   2.197110e+01   4.519768e-01   1.080376e+00
        273500   1.933061e+00   2.568571e+01              0              8              0              1   2.154278e+01   4.612126e-01   1.047673e+00
        274000   1.950901e+00   1.686749e+01              0              8              0              1   2.189852e+01   4.550234e-01   1.071903e+00
        274500   2.009658e+00   1.009984e+01              0              8              0              1   2.189579e+01   4.675198e-01   1.057009e+00
        275000   2.065850e+00   5.854462e+00              0              8              0              1   2.224215e+01   4.568335e-01   1.081520e+00
        275500   2.049425e+00   6.838080e+00              0              9              0              1   2.206879e+01   4.624507e-01   1.087001e+00
        276000   2.087712e+00   7.828355e+00              0              9              0              0   2.194421e+01   4.640167e-01   1.096533e+00
        276500   2.099038e+00   5.431723e+00              0              8              0              1   2.201699e+01   4.695661e-01   1.082594e+00
        277000   2.087169e+00   9.782069e+00              0              8              0              1   2.240611e+01   4.531265e-01   1.083934e+00
        277500   2.110307e+00   7.359341e+00              0              8              0              1   2.251193e+01   4.597719e-01   1.088131e+00
        278000   2.055778e+00   1.172999e+01              0              8              0              0   2.176067e+01   4.597456e-01   1.052782e+00
        278500   2.058254e+00   1.269922e+01              0              8              0              1   2.221664e+01   4.600399e-01   1.064913e+00
        279000   2.070665e+00   1.369582e+01              0              8              0              1   2.198202e+01   4.650483e-01   1.059778e+00
        279500   2.069022e+00   1.468368e+01              0              8              0              0   2.231040e+01   4.688155e-01   1.054258e+00
        280000   2.068537e+00   1.567348e+01              0              8              0              1   2.164080e+01   4.733067e-01   1.022531e+00
        280500   2.014668e+00   2.058988e+01              0              7              0              1   2.156213e+01   4.677275e-01   1.006690e+00
        281000   2.008319e+00   2.157988e+01              0              7              0              1   2.186894e+01   4.474725e-01   1.024564e+00
        281500   1.979214e+00   2.717128e+01              0              8              0              1   2.190649e+01   4.696682e-01   1.014650e+00
        282000   1.958259e+00   2.816557e+01              0              8              0              1   2.184709e+01   4.769472e-01   1.026411e+00
        282500   1.956353e+00   2.915863e+01              0              8              0              1   2.176720e+01   4.732210e-01   1.011255e+00
        283000   1.937494e+00   3.588993e+01              0              8              0              1   2.226238e+01   4.598446e-01   1.023969e+00
        283500   1.916465e+00   3.687661e+01              0             10              0              1   2.261961e+01   4.476750e-01   1.012299e+00
        284000   1.908047e+00   3.786720e+01              0              9              0              1   2.247563e+01   4.469962e-01   1.022088e+00
        284500   1.945456e+00   3.275122e+01              0              8              0              0   2.216594e+01   4.388085e-01   1.015188e+00
        285000   1.956749e+00   3.372224e+01              0              9              0              1   2.187465e+01   4.366234e-01   1.011530e+00
        285500   1.987604e+00   3.471798e+01              0              9              0              1   2.189882e+01   4.169028e-01   1.020834e+00
        286000   1.964602e+00   3.571230e+01              0              8              0              1   2.238792e+01   4.159054e-01   1.030726e+00
        286500   1.999112e+00   3.025520e+01              0              7              0              1   2.268130e+01   4.309309e-01   1.030048e+00
        287000   2.013660e+00   3.124942e+01              0              7              0              1   2.279100e+01   4.436270e-01   1.024332e+00
        287500   2.004100e+00   3.224400e+01              0              9              0              1   2.219179e+01   4.140088e-01   1.015925e+00
        288000   1.974192e+00   3.951719e+01              0              8              0              1   2.172374e+01   4.230315e-01   1.001296e+00
        288500   2.000470e+00   3.412095e+01              0              7              0              1   2.192092e+01   4.158176e-01   1.018658e+00
        289000   1.991468e+00   4.146388e+01              0              8              0              1   2.164064e+01   4.145663e-01   1.020047e+00
        289500   2.016402e+00   3.605420e+01              0              7              0              1   2.175143e+01   4.230784e-01   1.019586e+00
        290000   2.030630e+00   3.705175e+01              0              6              0              1   2.141616e+01   4.063652e-01   1.018823e+00
        290500   2.021234e+00   3.804779e+01              0              6              0              1   2.165666e+01   4.119658e-01   1.003502e+00
        291000   2.014490e+00   3.904230e+01              0              6              0              1   2.151006e+01   4.201294e-01   1.002451e+00
        291500   2.028169e+00   4.003817e+01              0              5              0              1   2.130676e+01   4.051581e-01   9.975478e-01
        292000   2.018508e+00   4.103279e+01              0              6              0              1   2.105373e+01   4.010682e-01   9.792063e-01
        292500   2.037434e+00   4.202639e+01              0              6              0              1   2.120154e+01   4.000719e-01   1.008639e+00
        293000   2.081129e+00   3.402578e+01              0              5              0              1   2.121801e+01   4.007036e-01   1.000164e+00
        293500   2.108111e+00   2.414454e+01              0              6              0              1   2.133559e+01   4.139490e-01   9.749571e-01
        294000   2.130088e+00   2.513399e+01              0              6              0              0   2.143887e+01   3.830116e-01   9.840840e-01
        294500   2.162157e+00   1.590465e+01              0              6              0              0   2.119662e+01   3.961190e-01   9.748941e-01
        295000   2.193130e+00   9.081558e+00              0              6              0              1   2.163115e+01   3.956695e-01   1.003151e+00
        295500   2.230131e+00   1.006824e+01              0              6              0              1   2.151909e+01   3.789148e-01   9.904507e-01
        296000   2.231791e+00   1.105614e+01              0              4              0              0   2.186724e+01   3.927853e-01   1.013004e+00
        296500   2.192318e+00   1.943207e+01              0              6              0              1   2.164069e+01   3.837135e-01   1.003193e+00
        297000   2.189610e+00   2.041634e+01              0              6              0              0   2.179320e+01   3.713488e-01   1.010601e+00
        297500   2.221174e+00   1.395671e+01              0              6              0              1   2.242659e+01   3.522827e-01   1.024933e+00
        298000   2.241935e+00   1.494429e+01              0              7              0              2   2.189573e+01   3.572760e-01   1.011938e+00
        298500   2.297395e+00   6.000378e+00              0              6              0              1   2.221085e+01   3.572725e-01   1.029778e+00
        299000   2.326598e+00   6.992955e+00              0              6              0              1   2.210162e+01   3.838989e-01   1.024396e+00
        299500   2.354184e+00   4.842246e+00              0              6              0              0   2.258916e+01   3.711776e-01   1.030970e+00
        300000   2.369580e+00   5.830047e+00              0              6              0              1   2.206067e+01   3.725300e-01   1.008474e+00
        300500   2.410811e+00   4.339920e+00              0              6              0              1   2.186803e+01   3.821796e-01   1.004236e+00
        301000   2.412131e+00   5.334652e+00              0              7              0              2   2.177822e+01   3.816563e-01   1.004722e+00
        301500   2.392042e+00   8.666935e+00              0              7              0              2   2.155483e+01   3.803746e-01   9.960035e-01
        302000   2.373361e+00   9.652145e+00              0              6              0              1   2.196979e+01   3.965215e-01   1.014637e+00
        302500   2.359560e+00   1.064320e+01              0              6              0              1   2.168881e+01   3.928336e-01   9.937758e-01
        303000   2.370646e+00   1.163952e+01              0              6              0              1   2.163765e+01   3.820974e-01   1.005607e+00
        303500   2.383294e+00   1.262855e+01              0              7              0              1   2.205605e+01   3.901528e-01   1.008183e+00
        304000   2.364359e+00   1.362318e+01              0              6              0              1   2.193404e+01   3.870235e-01   1.007855e+00
        304500   2.384084e+00   1.461845e+01              0              6              0              1   2.197920e+01   3.927021e-01   1.001037e+00
        305000   2.398050e+00   1.251499e+01              0              6              0              1   2.236626e+01   3.794866e-01   1.032264e+00
        305500   2.375508e+00   1.655369e+01              0              6              0              1   2.184351e+01   3.707854e-01   1.017267e+00
        306000   2.429495e+00   1.434883e+01              0              6              0              1   2.221007e+01   3.598577e-01   1.010213e+00
        306500   2.418056e+00   1.532559e+01              0              6              0              1   2.202375e+01   3.628864e-01   1.013771e+00
        307000   2.425858e+00   1.630044e+01              0              6              0              1   2.221586e+01   3.800160e-01   1.017299e+00
        307500   2.435734e+00   1.727685e+01              0              6              0              1   2.197911e+01   3.824655e-01   9.990325e-01
        308000   2.459189e+00   1.351094e+01              0              6              0              0   2.245316e+01   3.880084e-01   1.007325e+00
        308500   2.461635e+00   1.450443e+01              0              3              0              0   2.260415e+01   3.890306e-01   1.004439e+00
        309000   2.479903e+00   1.549925e+01              0              3              0              0   2.265545e+01   3.881623e-01   1.014429e+00
        309500   2.490246e+00   1.649414e+01              0              4              0              0   2.215387e+01   3.931147e-01   9.901479e-01
        310000   2.508548e+00   1.182626e+01              0              5              0              0   2.227702e+01   3.918177e-01   9.944940e-01
        310500   2.552006e+00   7.584127e+00              0              5              0              0   2.211266e+01   4.099400e-01   9.939868e-01
        311000   2.562581e+00   8.577372e+00              0              2              0              0   2.173747e+01   4.019021e-01   9.796863e-01
        311500   2.580087e+00   9.571530e+00              0              4              0              0   2.153689e+01   3.956096e-01   9.771941e-01
        312000   2.578883e+00   1.056468e+01              0              2              0              0   2.129479e+01   3.943694e-01   9.545644e-01
        312500   2.588729e+00   7.319199e+00              0              3              0              0   2.166129e+01   4.018317e-01   9.778765e-01
