          step              r      E_metad_r      n_cont_CA   n_cont_heavy       n_saltbr        n_hbond           SASA           RMSD             Rg 
             0   6.420666e-01   0.000000e+00              1             50              1              8   1.306298e+01   0.000000e+00   8.332359e-01
           500   6.674797e-01   9.945778e-01              1             48              1             10   1.321556e+01   6.025661e-02   8.591811e-01
          1000   6.979146e-01   1.974006e+00              1             47              0             10   1.345731e+01   8.389476e-02   8.636273e-01
          1500   6.832956e-01   2.966700e+00              1             46              0              8   1.306864e+01   8.116207e-02   8.432260e-01
          2000   6.837336e-01   3.959401e+00              1             50              0              9   1.316767e+01   8.082899e-02   8.504251e-01
          2500   6.814821e-01   4.953260e+00              1             49              0              8   1.314230e+01   8.750139e-02   8.588032e-01
          3000   6.794232e-01   5.943881e+00              1             50              0              9   1.290033e+01   1.191128e-01   8.341881e-01
          3500   6.882888e-01   6.926828e+00              1             50              0              9   1.290938e+01   1.252332e-01   8.544855e-01
          4000   6.917398e-01   7.916435e+00              2             50              0              8   1.288976e+01   1.145617e-01   8.616868e-01
          4500   6.702138e-01   8.886713e+00              2             50              1              9   1.304095e+01   9.845424e-02   8.610622e-01
          5000   6.873800e-01   9.862230e+00              1             45              1             10   1.300113e+01   8.103186e-02   8.549832e-01
          5500   7.070460e-01   1.012853e+01              1             48              1              8   1.309822e+01   9.090205e-02   8.664441e-01
          6000   7.181118e-01   1.108372e+01              1             49              3              7   1.329411e+01   1.104130e-01   8.681683e-01
          6500   6.618147e-01   1.274126e+01              1             52              2              7   1.315546e+01   8.464079e-02   8.549991e-01
          7000   6.828729e-01   1.373421e+01              1             52              3              8   1.331017e+01   9.006494e-02   8.692808e-01
          7500   6.637302e-01   1.472322e+01              1             48              1              9   1.303108e+01   7.701793e-02   8.401934e-01
          8000   6.630436e-01   1.571203e+01              1             45              1             10   1.293219e+01   8.831581e-02   8.475694e-01
          8500   6.538458e-01   1.422518e+01              1             49              1             10   1.312708e+01   1.034353e-01   8.602510e-01
          9000   6.665842e-01   1.765005e+01              1             49              3              9   1.297700e+01   9.944303e-02   8.452373e-01
          9500   6.563039e-01   1.612003e+01              1             50              1             10   1.301372e+01   1.041181e-01   8.548111e-01
         10000   6.723046e-01   1.961547e+01              1             50              2             11   1.319560e+01   1.178445e-01   8.521070e-01
         10500   6.808367e-01   2.061019e+01              1             49              2             10   1.277000e+01   1.216554e-01   8.427423e-01
         11000   6.796652e-01   2.160077e+01              1             49              1             11   1.293490e+01   1.276664e-01   8.385884e-01
         11500   6.871545e-01   2.259431e+01              1             50              2             11   1.302239e+01   1.280583e-01   8.359557e-01
         12000   6.655657e-01   2.358583e+01              2             49              2             11   1.301478e+01   1.394022e-01   8.161232e-01
         12500   6.558693e-01   2.457530e+01              1             49              2              7   1.307662e+01   1.105175e-01   8.366391e-01
         13000   6.979534e-01   2.293071e+01              2             48              2              9   1.317947e+01   1.279128e-01   8.649252e-01
         13500   6.990048e-01   2.390343e+01              1             49              1              6   1.335815e+01   1.338329e-01   8.762197e-01
         14000   6.734497e-01   2.750824e+01              1             48              2              9   1.326276e+01   1.340166e-01   8.527316e-01
         14500   6.954983e-01   2.850115e+01              2             50              2              9   1.311282e+01   1.319119e-01   8.545586e-01
         15000   6.765074e-01   2.947709e+01              1             50              3              7   1.294342e+01   1.242998e-01   8.593255e-01
         15500   6.741901e-01   3.047200e+01              1             50              2             10   1.322790e+01   1.362246e-01   8.588136e-01
         16000   6.792537e-01   3.146838e+01              1             48              2             10   1.300419e+01   1.388503e-01   8.426518e-01
         16500   6.811507e-01   3.245023e+01              1             48              2              9   1.305988e+01   1.333102e-01   8.363981e-01
         17000   6.748394e-01   3.344313e+01              1             46              2             10   1.314038e+01   1.390748e-01   8.362622e-01
         17500   6.876669e-01   3.443661e+01              1             50              2              8   1.299929e+01   1.288452e-01   8.549256e-01
         18000   6.931398e-01   3.541158e+01              1             50              3             10   1.283516e+01   1.275056e-01   8.491579e-01
         18500   6.928483e-01   3.296440e+01              2             50              2             11   1.334387e+01   1.624970e-01   8.567738e-01
         19000   7.137952e-01   3.392098e+01              2             50              2              9   1.348497e+01   1.358899e-01   8.515094e-01
         19500   7.234521e-01   3.491463e+01              1             47              2              8   1.312119e+01   1.457658e-01   8.527575e-01
         20000   7.104993e-01   3.589727e+01              2             51              2             10   1.319225e+01   1.376016e-01   8.505883e-01
         20500   7.122347e-01   3.687723e+01              1             48              2              8   1.301768e+01   1.333312e-01   8.670248e-01
         21000   6.809657e-01   4.107954e+01              1             51              1              9   1.318087e+01   1.223049e-01   8.440889e-01
         21500   6.804525e-01   4.207505e+01              2             53              2             11   1.321246e+01   1.283463e-01   8.435539e-01
         22000   6.900816e-01   4.306108e+01              2             50              2             10   1.325138e+01   1.270232e-01   8.586796e-01
         22500   6.702239e-01   3.764958e+01              1             52              2              9   1.343539e+01   1.195629e-01   8.530210e-01
         23000   6.516172e-01   3.861229e+01              2             47              2              7   1.315990e+01   1.334374e-01   8.446518e-01
         23500   6.503662e-01   3.958668e+01              2             50              2              8   1.320807e+01   1.262757e-01   8.424150e-01
         24000   6.653075e-01   4.689571e+01              2             50              2              9   1.311680e+01   9.731503e-02   8.489125e-01
         24500   6.730552e-01   4.789109e+01              1             53              3             10   1.315162e+01   1.136422e-01   8.495854e-01
         25000   6.514373e-01   4.887095e+01              2             52              3              8   1.320499e+01   1.302093e-01   8.812666e-01
         25500   6.720587e-01   4.985693e+01              2             52              2             10   1.269773e+01   1.313448e-01   8.422458e-01
         26000   6.491619e-01   4.418025e+01              1             51              2              7   1.303663e+01   1.419125e-01   8.396570e-01
         26500   6.387311e-01   4.513798e+01              1             51              2              7   1.289201e+01   1.477637e-01   8.219513e-01
         27000   6.397320e-01   4.613020e+01              1             50              3              7   1.307780e+01   1.302079e-01   8.421261e-01
         27500   6.225345e-01   3.269427e+01              2             51              3              9   1.264922e+01   1.384921e-01   8.154902e-01
         28000   6.351916e-01   4.810699e+01              1             52              2              7   1.311190e+01   1.288092e-01   8.369625e-01
         28500   6.257261e-01   4.909971e+01              1             50              2              9   1.307002e+01   1.300071e-01   8.259934e-01
         29000   6.071276e-01   3.540766e+01              2             50              3             10   1.299380e+01   1.314233e-01   8.264689e-01
         29500   6.209742e-01   5.104569e+01              1             51              3              9   1.298484e+01   1.335654e-01   8.286322e-01
         30000   6.088012e-01   3.733072e+01              1             49              3              6   1.326630e+01   1.364175e-01   8.174127e-01
         30500   5.962265e-01   3.830877e+01              1             50              3              8   1.327077e+01   1.485168e-01   8.166724e-01
         31000   6.108796e-01   5.392052e+01              2             53              2              8   1.306079e+01   1.415754e-01   8.052522e-01
         31500   6.241780e-01   5.488604e+01              1             53              2              6   1.325899e+01   1.445828e-01   8.360247e-01
         32000   6.222641e-01   5.586125e+01              1             52              3              8   1.288723e+01   1.562285e-01   7.859305e-01
         32500   6.198270e-01   5.682635e+01              1             53              2              8   1.285435e+01   1.647152e-01   7.890656e-01
         33000   6.322897e-01   5.780226e+01              1             52              2              9   1.274005e+01   1.648841e-01   7.973540e-01
         33500   6.134933e-01   4.400944e+01              2             52              2             10   1.310047e+01   1.609989e-01   8.123612e-01
         34000   6.257163e-01   5.976527e+01              1             50              2              9   1.279560e+01   1.679985e-01   7.999906e-01
         34500   6.176251e-01   6.075490e+01              1             51              2              9   1.298792e+01   1.669307e-01   7.964596e-01
         35000   6.072350e-01   4.671538e+01              1             51              1              5   1.279670e+01   1.617482e-01   8.073435e-01
         35500   6.237959e-01   6.272977e+01              2             49              2              9   1.295546e+01   1.575233e-01   8.161299e-01
         36000   6.391457e-01   6.372519e+01              2             50              1              7   1.326361e+01   1.362662e-01   8.249305e-01
         36500   6.200800e-01   6.472093e+01              1             50              2              7   1.285867e+01   1.450422e-01   8.074184e-01
         37000   6.428933e-01   6.571818e+01              1             50              1              8   1.286537e+01   1.507076e-01   8.202299e-01
         37500   6.467491e-01   6.669132e+01              1             51              2              6   1.297310e+01   1.439096e-01   8.315338e-01
         38000   6.733521e-01   7.093336e+01              2             53              2             10   1.298025e+01   1.619194e-01   8.216459e-01
         38500   6.645671e-01   7.192973e+01              1             49              2              7   1.306175e+01   1.354044e-01   8.258237e-01
         39000   6.658571e-01   7.292470e+01              1             51              2              8   1.294508e+01   1.439265e-01   8.379000e-01
         39500   6.529608e-01   7.033902e+01              2             52              3             10   1.305802e+01   1.330297e-01   8.374410e-01
         40000   6.902618e-01   7.488044e+01              2             51              2              9   1.297768e+01   1.494072e-01   8.272851e-01
         40500   6.597883e-01   7.586158e+01              2             52              3              7   1.306522e+01   1.444586e-01   8.325134e-01
         41000   6.568526e-01   7.682469e+01              2             51              2              7   1.287904e+01   1.419108e-01   8.397148e-01
         41500   6.433318e-01   7.397466e+01              2             51              3              8   1.286964e+01   1.389773e-01   8.375621e-01
         42000   6.433109e-01   7.495725e+01              1             51              3              6   1.276975e+01   1.526831e-01   8.394701e-01
         42500   6.588357e-01   7.967906e+01              2             51              3              8   1.284336e+01   1.479152e-01   8.362413e-01
         43000   6.511530e-01   7.680564e+01              1             52              3              8   1.297729e+01   1.463938e-01   8.528833e-01
         43500   6.605700e-01   8.164107e+01              2             49              2              9   1.318980e+01   1.377355e-01   8.413668e-01
         44000   6.583518e-01   8.262144e+01              2             52              3              7   1.285260e+01   1.641439e-01   8.524385e-01
         44500   6.625893e-01   8.360006e+01              1             52              3              9   1.286760e+01   1.559982e-01   8.460732e-01
         45000   6.672109e-01   8.457019e+01              1             49              2              6   1.316381e+01   1.517420e-01   8.348815e-01
         45500   6.920008e-01   7.182335e+01              1             50              2              8   1.294333e+01   1.259044e-01   8.423433e-01
         46000   6.766957e-01   8.651011e+01              1             48              3              6   1.282697e+01   1.429350e-01   8.461696e-01
         46500   6.826100e-01   8.745312e+01              1             52              3              8   1.308078e+01   1.558135e-01   8.605867e-01
         47000   6.798902e-01   8.843649e+01              2             53              3              8   1.312027e+01   1.590246e-01   8.732971e-01
         47500   6.965368e-01   7.561273e+01              2             51              2              8   1.335576e+01   1.659184e-01   8.719922e-01
         48000   6.952118e-01   7.658705e+01              1             50              3              9   1.354289e+01   1.659148e-01   8.673506e-01
         48500   7.204272e-01   7.758141e+01              2             52              3              8   1.369101e+01   1.740765e-01   8.924842e-01
         49000   7.092617e-01   7.857233e+01              1             52              3              8   1.377474e+01   1.573151e-01   8.881786e-01
         49500   6.556127e-01   9.302188e+01              1             52              3              6   1.330337e+01   1.481337e-01   8.742156e-01
         50000   6.556157e-01   9.400394e+01              1             51              3              8   1.321345e+01   1.472788e-01   8.551611e-01
         50500   6.659919e-01   9.495875e+01              2             51              3             10   1.328937e+01   1.376712e-01   8.576336e-01
         51000   6.592337e-01   9.595038e+01              1             49              3              9   1.333665e+01   1.150418e-01   8.602358e-01
         51500   6.286213e-01   9.089044e+01              2             53              3              8   1.299564e+01   1.235023e-01   8.539589e-01
         52000   5.946538e-01   6.924721e+01              2             53              3              8   1.345353e+01   1.484400e-01   8.648365e-01
         52500   5.996510e-01   7.023317e+01              1             53              3              9   1.337492e+01   1.262288e-01   8.702291e-01
         53000   6.447804e-01   9.368985e+01              1             52              3              9   1.304687e+01   1.348850e-01   8.505011e-01
         53500   6.251612e-01   9.467850e+01              2             52              3              9   1.319333e+01   1.312212e-01   8.629746e-01
         54000   6.175556e-01   7.302720e+01              1             53              3              8   1.310599e+01   1.268183e-01   8.417009e-01
         54500   6.041265e-01   7.397134e+01              2             52              4             10   1.311057e+01   1.610391e-01   8.645537e-01
         55000   5.931931e-01   7.496025e+01              2             54              3             11   1.309575e+01   1.464159e-01   8.575124e-01
         55500   5.835350e-01   7.595532e+01              1             54              4              6   1.339360e+01   1.423707e-01   8.591434e-01
         56000   5.970310e-01   7.694890e+01              1             55              3              9   1.348868e+01   1.374090e-01   8.372596e-01
         56500   5.963735e-01   7.794147e+01              2             53              4             11   1.324880e+01   1.361085e-01   8.300783e-01
         57000   5.730846e-01   5.012309e+01              2             54              3              6   1.355443e+01   1.458964e-01   8.397261e-01
         57500   5.811051e-01   7.991192e+01              2             53              4              9   1.344456e+01   1.439668e-01   8.481578e-01
         58000   5.942625e-01   8.089970e+01              1             53              3             10   1.336569e+01   1.377142e-01   8.418718e-01
         58500   5.785327e-01   5.293761e+01              2             53              2             10   1.296422e+01   1.693122e-01   8.307834e-01
         59000   5.706643e-01   5.387729e+01              2             55              3              8   1.287258e+01   1.555932e-01   8.265862e-01
         59500   5.817945e-01   8.379767e+01              2             53              3              9   1.299618e+01   1.710802e-01   8.293367e-01
         60000   5.827139e-01   8.479289e+01              2             54              3              7   1.293094e+01   1.638667e-01   8.188894e-01
         60500   5.814432e-01   8.575839e+01              2             53              3              7   1.295816e+01   1.648193e-01   8.238990e-01
         61000   5.855154e-01   8.675435e+01              2             52              3             10   1.297036e+01   1.750234e-01   8.365426e-01
         61500   5.674532e-01   5.857735e+01              2             52              3              8   1.293094e+01   1.732773e-01   8.325341e-01
         62000   5.857159e-01   8.869570e+01              1             52              3              8   1.321178e+01   1.731504e-01   8.520034e-01
         62500   6.030516e-01   8.967285e+01              1             52              3              9   1.305939e+01   1.706716e-01   8.370995e-01
         63000   5.911296e-01   9.066966e+01              1             53              3              8   1.289630e+01   1.547983e-01   8.372428e-01
         63500   6.266126e-01   1.114096e+02              2             53              3              9   1.279270e+01   1.581181e-01   8.261917e-01
         64000   6.553760e-01   1.120639e+02              1             55              3              9   1.271863e+01   1.498820e-01   8.429646e-01
         64500   6.434103e-01   1.133407e+02              2             54              2              9   1.276365e+01   1.487694e-01   8.403215e-01
         65000   6.285072e-01   1.143368e+02              1             53              3              9   1.276770e+01   1.479577e-01   8.304201e-01
         65500   6.072013e-01   1.153300e+02              2             55              3              9   1.296149e+01   1.409895e-01   8.524591e-01
         66000   5.929459e-01   9.596881e+01              1             56              3              7   1.286408e+01   1.578179e-01   8.399466e-01
         66500   5.945018e-01   9.696455e+01              1             56              3              8   1.280105e+01   1.526343e-01   8.259568e-01
         67000   6.031685e-01   9.795429e+01              1             56              3             11   1.268123e+01   1.467673e-01   8.455332e-01
         67500   5.754780e-01   6.789205e+01              1             56              3              5   1.287491e+01   1.211336e-01   8.498330e-01
         68000   5.821692e-01   9.989072e+01              1             55              3              7   1.303200e+01   1.337787e-01   8.476519e-01
         68500   5.879489e-01   1.008560e+02              1             54              3              7   1.289849e+01   1.312263e-01   8.388437e-01
         69000   5.800360e-01   7.074977e+01              2             55              3             11   1.316312e+01   1.101380e-01   8.480167e-01
         69500   5.785430e-01   7.167869e+01              1             55              2              9   1.319235e+01   1.146587e-01   8.467796e-01
         70000   5.899571e-01   1.037815e+02              1             53              2              8   1.327672e+01   1.153031e-01   8.533498e-01
         70500   5.969200e-01   1.047634e+02              2             54              3             10   1.352657e+01   1.378126e-01   8.468382e-01
         71000   5.827192e-01   7.446492e+01              2             55              3             10   1.320283e+01   1.376433e-01   8.349926e-01
         71500   5.717230e-01   1.067250e+02              2             58              3              9   1.355142e+01   1.487558e-01   8.552674e-01
         72000   5.907890e-01   1.076804e+02              1             54              4              9   1.364175e+01   1.285976e-01   8.513197e-01
         72500   5.595214e-01   7.732397e+01              2             56              3              7   1.300632e+01   1.501204e-01   8.172778e-01
         73000   5.892742e-01   1.095976e+02              1             52              3              8   1.329842e+01   1.374449e-01   8.418120e-01
         73500   5.664264e-01   7.925852e+01              2             54              3              9   1.354143e+01   1.496909e-01   8.419312e-01
         74000   5.773028e-01   1.114846e+02              1             56              3              8   1.332984e+01   1.565092e-01   8.420793e-01
         74500   5.400515e-01   8.122366e+01              1             56              3              6   1.323559e+01   1.457227e-01   8.418834e-01
         75000   5.445044e-01   8.221840e+01              2             54              3              9   1.349264e+01   1.432319e-01   8.486943e-01
         75500   5.638754e-01   8.321579e+01              1             54              3              7   1.328562e+01   1.416098e-01   8.315499e-01
         76000   5.789040e-01   1.150247e+02              1             55              2              7   1.348002e+01   1.386352e-01   8.599250e-01
         76500   5.390293e-01   8.517706e+01              2             59              4              9   1.349733e+01   1.502874e-01   8.531740e-01
         77000   5.335941e-01   8.616706e+01              2             58              3             12   1.350803e+01   1.511532e-01   8.590231e-01
         77500   5.230551e-01   5.414813e+01              1             59              3             10   1.327425e+01   1.572554e-01   8.267623e-01
         78000   5.364396e-01   8.809620e+01              2             57              4             11   1.342592e+01   1.608381e-01   8.299218e-01
         78500   5.136752e-01   5.607190e+01              1             58              2              9   1.340508e+01   1.656696e-01   8.414836e-01
         79000   5.475298e-01   9.005678e+01              1             56              2              9   1.285328e+01   1.711886e-01   8.254050e-01
         79500   5.368326e-01   9.102975e+01              1             54              4              8   1.325315e+01   1.704203e-01   8.300958e-01
         80000   5.457548e-01   9.202371e+01              1             57              3             10   1.302880e+01   1.642191e-01   8.303964e-01
         80500   5.678164e-01   9.301995e+01              1             56              3             10   1.319260e+01   1.461117e-01   8.206241e-01
         81000   5.171061e-01   6.066288e+01              1             56              3              7   1.325849e+01   1.710759e-01   8.345030e-01
         81500   5.490899e-01   9.499014e+01              2             55              3              9   1.331210e+01   1.456364e-01   8.215991e-01
         82000   5.320124e-01   6.250636e+01              1             54              3              8   1.303281e+01   1.528214e-01   8.248650e-01
         82500   5.542951e-01   9.697580e+01              2             55              3              7   1.337341e+01   1.612065e-01   8.647648e-01
         83000   5.425486e-01   9.796809e+01              1             55              4              8   1.308855e+01   1.489235e-01   8.359196e-01
         83500   5.239401e-01   6.527804e+01              1             58              3              7   1.335329e+01   1.473206e-01   8.419587e-01
         84000   5.168933e-01   6.621567e+01              2             59              3              8   1.332918e+01   1.457554e-01   8.337563e-01
         84500   5.551095e-01   1.009074e+02              1             59              3              8   1.332071e+01   1.465118e-01   8.299390e-01
         85000   5.386579e-01   1.019015e+02              2             59              3              8   1.347747e+01   1.544830e-01   8.331085e-01
         85500   5.357252e-01   1.028754e+02              2             60              3              8   1.345601e+01   1.512271e-01   8.274887e-01
         86000   5.465876e-01   1.038733e+02              2             56              3              7   1.319641e+01   1.707416e-01   8.117973e-01
         86500   5.368074e-01   1.048710e+02              2             55              3              7   1.357995e+01   1.576562e-01   8.565955e-01
         87000   5.437107e-01   1.058561e+02              1             51              4              6   1.353993e+01   1.717780e-01   8.327204e-01
         87500   5.355960e-01   1.068484e+02              1             61              3              8   1.355903e+01   1.806263e-01   8.330943e-01
         88000   5.132062e-01   7.351735e+01              1             56              3              6   1.305080e+01   1.927285e-01   8.138895e-01
         88500   5.127126e-01   7.447789e+01              1             55              2              7   1.283090e+01   1.714241e-01   7.917444e-01
         89000   5.225494e-01   7.546427e+01              1             54              3              5   1.303276e+01   1.775436e-01   8.188389e-01
         89500   5.345577e-01   1.106962e+02              2             55              3              7   1.307748e+01   1.873665e-01   8.168027e-01
         90000   5.440206e-01   1.116900e+02              2             53              3             10   1.294845e+01   1.870316e-01   7.994470e-01
         90500   5.412579e-01   1.126854e+02              1             53              3              8   1.278477e+01   2.087546e-01   7.970481e-01
         91000   5.685192e-01   1.136743e+02              2             53              3              8   1.277609e+01   2.165872e-01   7.894348e-01
         91500   5.712290e-01   1.146384e+02              2             54              3             11   1.302632e+01   2.058507e-01   8.150104e-01
         92000   5.504810e-01   1.156313e+02              1             56              2              8   1.285890e+01   2.293426e-01   8.154125e-01
         92500   5.419762e-01   1.166056e+02              2             55              2              6   1.312350e+01   2.289457e-01   8.170373e-01
         93000   5.574847e-01   1.175828e+02              1             53              2              9   1.305763e+01   2.124403e-01   8.313398e-01
         93500   5.628310e-01   1.185789e+02              1             54              3              8   1.297496e+01   1.978609e-01   8.252391e-01
         94000   5.307223e-01   1.195677e+02              1             56              3              8   1.302880e+01   2.006797e-01   8.162112e-01
         94500   5.471192e-01   1.205597e+02              1             57              3              9   1.278521e+01   2.040523e-01   8.184134e-01
         95000   5.619338e-01   1.215575e+02              1             57              3              9   1.292228e+01   2.187988e-01   8.214113e-01
         95500   5.599621e-01   1.225355e+02              1             57              3              7   1.291241e+01   2.278008e-01   8.084123e-01
         96000   5.366729e-01   1.235311e+02              1             59              2              6   1.269520e+01   2.369445e-01   8.003879e-01
         96500   5.522566e-01   1.245261e+02              1             56              3              6   1.290447e+01   2.359784e-01   8.126980e-01
         97000   5.649603e-01   1.501007e+02              2             59              3              8   1.295965e+01   2.395140e-01   8.170915e-01
         97500   5.884756e-01   1.510752e+02              2             60              2              9   1.300845e+01   2.346628e-01   8.205580e-01
         98000   5.856814e-01   1.520407e+02              2             58              3              8   1.308821e+01   2.337784e-01   8.393961e-01
         98500   5.763121e-01   1.530198e+02              1             57              3              7   1.309111e+01   2.225255e-01   8.243478e-01
         99000   5.784756e-01   1.540131e+02              2             56              3              8   1.332562e+01   2.022614e-01   8.361721e-01
         99500   5.702830e-01   1.550071e+02              1             56              3              8   1.313385e+01   1.976952e-01   8.274038e-01
        100000   5.974494e-01   1.595219e+02              1             54              2              9   1.289956e+01   2.097571e-01   8.201209e-01
        100500   5.953095e-01   1.605052e+02              1             54              3              9   1.302814e+01   2.053475e-01   8.288089e-01
        101000   5.859806e-01   1.578930e+02              1             56              3              7   1.263454e+01   2.020932e-01   8.116178e-01
        101500   6.005138e-01   1.588893e+02              2             56              4             10   1.263038e+01   1.955349e-01   8.050048e-01
        102000   5.834149e-01   1.598218e+02              1             58              3             10   1.284308e+01   2.250041e-01   8.220081e-01
        102500   6.166846e-01   1.642002e+02              1             56              2             10   1.272624e+01   2.054717e-01   8.044301e-01
        103000   6.195565e-01   1.651956e+02              2             56              2             10   1.301462e+01   2.195135e-01   8.264722e-01
        103500   5.878183e-01   1.625744e+02              1             58              4              7   1.280407e+01   2.003123e-01   8.105606e-01
        104000   6.148454e-01   1.670893e+02              1             55              3              9   1.314662e+01   1.815790e-01   8.276107e-01
        104500   6.590964e-01   1.470071e+02              1             53              3              5   1.329532e+01   1.927792e-01   8.524606e-01
        105000   6.536389e-01   1.479826e+02              1             54              3              8   1.301671e+01   2.108434e-01   8.257174e-01
        105500   6.515611e-01   1.489699e+02              1             54              4              7   1.333700e+01   1.979281e-01   8.423778e-01
        106000   6.649763e-01   1.499563e+02              2             55              4              7   1.338454e+01   1.990759e-01   8.491896e-01
        106500   6.913770e-01   1.127213e+02              1             51              0              8   1.302586e+01   2.191601e-01   8.358878e-01
        107000   7.249858e-01   1.137010e+02              1             50              0              6   1.320807e+01   2.062905e-01   8.416346e-01
        107500   7.360597e-01   7.225328e+01              1             46              1              5   1.336034e+01   2.311378e-01   8.635470e-01
        108000   7.733367e-01   7.323768e+01              1             43              0              6   1.352317e+01   2.346735e-01   8.550676e-01
        108500   7.600538e-01   7.421047e+01              1             48              0              6   1.346899e+01   2.309753e-01   8.576745e-01
        109000   7.775764e-01   4.044374e+01              1             42              0              7   1.331020e+01   2.461530e-01   8.615672e-01
        109500   7.619988e-01   4.138516e+01              2             49              0              6   1.350230e+01   2.426923e-01   8.674421e-01
        110000   7.501149e-01   7.714750e+01              1             49              0              6   1.341171e+01   2.440650e-01   8.701362e-01
        110500   7.603131e-01   4.322069e+01              1             44              0              6   1.372032e+01   2.400500e-01   8.704651e-01
        111000   8.009670e-01   4.419428e+01              1             46              0              5   1.336086e+01   2.463322e-01   8.616917e-01
        111500   7.780784e-01   7.998726e+01              1             48              0              7   1.320320e+01   2.348727e-01   8.432750e-01
        112000   7.759440e-01   4.617494e+01              1             46              0              6   1.354613e+01   2.257950e-01   8.683768e-01
        112500   7.684281e-01   8.185462e+01              1             47              0              4   1.384649e+01   2.444963e-01   8.824845e-01
        113000   7.859371e-01   4.811005e+01              1             43              0              2   1.398354e+01   2.478169e-01   8.829193e-01
        113500   7.724419e-01   4.908509e+01              1             49              1              7   1.362934e+01   2.524857e-01   8.705572e-01
        114000   7.936389e-01   5.007698e+01              1             46              0              3   1.370548e+01   2.722750e-01   8.761591e-01
        114500   7.739205e-01   5.105169e+01              1             47              1              6   1.386132e+01   2.532713e-01   8.704540e-01
        115000   7.676108e-01   8.661420e+01              1             44              1              6   1.367860e+01   2.666044e-01   8.595637e-01
        115500   7.853981e-01   5.298859e+01              1             43              1              6   1.365799e+01   2.505338e-01   8.699408e-01
        116000   7.776946e-01   5.397292e+01              1             47              0              4   1.363213e+01   2.730801e-01   8.574090e-01
        116500   8.026157e-01   5.496150e+01              1             45              0              4   1.380288e+01   2.551305e-01   8.776669e-01
        117000   7.942622e-01   5.595870e+01              1             48              1              7   1.344420e+01   2.593138e-01   8.558111e-01
        117500   7.858896e-01   5.695066e+01              1             46              0              6   1.336236e+01   2.623021e-01   8.451758e-01
        118000   7.842212e-01   5.792828e+01              1             44              1              7   1.318700e+01   2.832074e-01   8.539164e-01
        118500   8.067881e-01   5.891746e+01              1             41              0              7   1.312696e+01   2.811115e-01   8.479282e-01
        119000   8.148366e-01   5.989560e+01              1             42              0              6   1.303433e+01   2.895332e-01   8.499425e-01
        119500   8.176981e-01   6.087362e+01              1             44              0              8   1.328750e+01   2.770022e-01   8.588170e-01
        120000   8.272660e-01   3.597789e+01              1             41              0              7   1.319826e+01   2.906174e-01   8.497760e-01
        120500   8.310623e-01   6.280085e+01              1             43              0              6   1.336463e+01   2.846768e-01   8.668336e-01
        121000   8.048468e-01   6.379115e+01              1             42              0              7   1.320133e+01   2.623223e-01   8.479481e-01
        121500   8.237233e-01   6.478539e+01              1             45              0              5   1.344910e+01   2.627587e-01   8.690257e-01
        122000   8.203676e-01   6.574707e+01              1             45              0              8   1.330318e+01   2.574040e-01   8.520373e-01
        122500   8.213487e-01   6.672002e+01              1             44              0              8   1.320277e+01   2.578799e-01   8.590814e-01
        123000   8.321645e-01   4.166950e+01              1             44              1              6   1.322409e+01   2.741825e-01   8.593987e-01
        123500   8.145572e-01   6.862474e+01              1             47              1              6   1.307220e+01   2.496621e-01   8.432230e-01
        124000   8.184145e-01   4.354100e+01              1             43              1              7   1.326769e+01   2.612316e-01   8.529616e-01
        124500   8.271010e-01   7.059449e+01              1             43              1              7   1.316236e+01   2.887987e-01   8.595769e-01
        125000   8.437169e-01   4.545404e+01              1             45              1              7   1.312572e+01   3.044061e-01   8.695488e-01
        125500   8.235758e-01   4.642093e+01              1             43              1              6   1.300537e+01   2.782998e-01   8.553979e-01
        126000   8.696538e-01   4.740402e+01              1             45              1              7   1.318975e+01   2.744288e-01   8.740802e-01
        126500   8.328526e-01   4.838632e+01              1             43              1              5   1.297068e+01   2.680038e-01   8.569288e-01
        127000   8.436879e-01   7.519984e+01              1             41              1              4   1.284664e+01   2.681550e-01   8.448585e-01
        127500   8.381324e-01   5.035454e+01              1             46              1              7   1.299118e+01   2.737389e-01   8.572432e-01
        128000   8.304358e-01   7.708490e+01              1             42              1              7   1.276880e+01   2.579732e-01   8.518158e-01
        128500   8.415758e-01   5.231383e+01              1             42              1              8   1.285347e+01   2.554112e-01   8.662344e-01
        129000   8.451401e-01   5.330269e+01              2             41              1              4   1.304071e+01   2.651218e-01   8.766344e-01
        129500   8.758527e-01   5.429078e+01              1             40              1              3   1.288291e+01   2.600619e-01   8.649834e-01
        130000   8.495133e-01   5.528666e+01              1             44              1              8   1.291127e+01   2.708043e-01   8.537319e-01
        130500   8.683433e-01   5.628374e+01              1             42              0              4   1.281205e+01   2.790314e-01   8.602486e-01
        131000   8.561704e-01   5.727600e+01              1             44              0              5   1.289126e+01   2.841669e-01   8.523183e-01
        131500   8.733623e-01   5.825002e+01              1             42              0              5   1.300740e+01   2.768012e-01   8.491426e-01
        132000   8.608490e-01   5.923911e+01              1             43              1              7   1.274169e+01   2.782218e-01   8.473364e-01
        132500   8.606882e-01   6.023669e+01              1             42              0              6   1.287021e+01   2.883479e-01   8.498518e-01
        133000   8.540468e-01   6.123273e+01              1             40              0              4   1.322613e+01   2.878757e-01   8.497022e-01
        133500   8.598143e-01   6.222545e+01              1             40              0              5   1.319826e+01   2.599683e-01   8.668422e-01
        134000   8.605876e-01   6.321671e+01              1             40              1              4   1.306022e+01   2.835619e-01   8.520406e-01
        134500   8.531140e-01   6.421183e+01              1             40              1              6   1.317784e+01   2.850597e-01   8.662174e-01
        135000   8.792968e-01   6.519992e+01              1             36              1              5   1.308265e+01   2.948564e-01   8.614595e-01
        135500   8.498211e-01   6.618317e+01              1             40              1              6   1.294177e+01   2.953561e-01   8.497100e-01
        136000   8.564958e-01   6.717440e+01              1             40              0              7   1.303187e+01   2.947285e-01   8.602599e-01
        136500   8.704861e-01   6.816855e+01              1             39              0              6   1.303615e+01   2.996338e-01   8.616679e-01
        137000   8.371019e-01   9.269152e+01              1             39              1              7   1.309997e+01   2.893242e-01   8.567054e-01
        137500   8.347308e-01   9.365075e+01              1             38              1              4   1.297940e+01   2.796759e-01   8.455289e-01
        138000   8.357345e-01   7.110817e+01              1             41              1              5   1.318330e+01   2.661509e-01   8.657350e-01
        138500   8.476813e-01   7.207388e+01              1             39              1              3   1.300563e+01   3.029316e-01   8.445583e-01
        139000   8.448274e-01   7.305343e+01              1             39              0              5   1.297811e+01   3.051503e-01   8.429018e-01
        139500   8.766869e-01   7.404728e+01              1             38              1              7   1.340148e+01   3.046420e-01   8.593505e-01
        140000   8.556412e-01   7.502505e+01              1             42              1              7   1.354511e+01   3.003914e-01   8.674153e-01
        140500   8.790691e-01   7.601938e+01              1             43              0              7   1.332373e+01   2.838323e-01   8.725824e-01
        141000   8.421557e-01   7.700454e+01              1             40              0              7   1.364138e+01   2.888014e-01   8.622826e-01
        141500   8.444704e-01   7.798979e+01              1             42              0              7   1.364606e+01   3.000444e-01   8.617719e-01
        142000   8.447781e-01   7.896283e+01              1             41              0              6   1.324038e+01   2.987243e-01   8.529526e-01
        142500   8.419070e-01   7.994930e+01              1             43              1              7   1.323928e+01   2.889856e-01   8.432399e-01
        143000   8.528428e-01   8.093952e+01              1             39              1              5   1.331945e+01   3.127163e-01   8.534471e-01
        143500   8.869248e-01   8.192638e+01              1             42              1              4   1.346152e+01   2.917274e-01   8.719177e-01
        144000   8.761344e-01   8.285560e+01              1             39              0              7   1.344746e+01   2.949785e-01   8.700898e-01
        144500   8.439240e-01   8.385006e+01              1             41              0              5   1.327473e+01   3.006156e-01   8.367794e-01
        145000   8.488504e-01   8.484436e+01              1             43              1              5   1.339193e+01   3.165520e-01   8.529441e-01
        145500   8.432184e-01   8.583717e+01              1             41              0              5   1.345574e+01   3.193692e-01   8.476358e-01
        146000   8.375739e-01   8.681519e+01              1             40              0              7   1.314586e+01   3.140423e-01   8.301373e-01
        146500   8.414610e-01   8.776298e+01              1             37              0              6   1.320597e+01   3.219472e-01   8.359157e-01
        147000   8.250337e-01   8.874669e+01              1             36              0              7   1.313480e+01   3.015082e-01   8.225350e-01
        147500   8.545000e-01   8.972336e+01              1             38              0              7   1.297963e+01   3.249744e-01   8.280436e-01
        148000   8.787839e-01   6.518324e+01              1             32              0              4   1.344419e+01   3.132366e-01   8.525896e-01
        148500   8.764220e-01   6.616589e+01              1             36              0              5   1.311737e+01   3.260511e-01   8.369587e-01
        149000   9.107130e-01   6.713781e+01              1             28              0              4   1.308631e+01   2.913922e-01   8.543600e-01
        149500   9.225513e-01   6.813234e+01              1             29              0              2   1.326660e+01   3.422654e-01   8.461070e-01
        150000   9.404034e-01   4.293998e+01              1             31              0              4   1.323386e+01   3.218041e-01   8.525514e-01
        150500   9.159499e-01   7.006961e+01              1             27              0              3   1.302317e+01   3.178111e-01   8.455375e-01
        151000   9.202172e-01   7.096338e+01              1             28              0              4   1.307719e+01   3.301400e-01   8.520171e-01
        151500   9.193396e-01   4.581717e+01              1             27              0              4   1.292900e+01   3.267691e-01   8.538044e-01
        152000   9.722645e-01   2.508371e+01              1             21              0              4   1.335370e+01   3.447342e-01   8.709423e-01
        152500   9.917661e-01   2.605581e+01              1             20              0              3   1.335070e+01   3.501138e-01   8.717089e-01
        153000   1.005767e+00   2.703559e+01              1             19              0              3   1.323275e+01   3.475771e-01   8.803893e-01
        153500   1.016692e+00   2.801926e+01              1             23              0              4   1.313158e+01   3.434544e-01   8.695056e-01
        154000   9.865937e-01   5.048064e+01              1             22              0              1   1.308553e+01   3.538022e-01   8.584416e-01
        154500   1.010842e+00   2.994799e+01              1             23              0              3   1.298435e+01   3.628501e-01   8.600138e-01
        155000   1.019297e+00   3.094097e+01              1             22              0              1   1.313588e+01   3.579005e-01   8.648512e-01
        155500   1.008917e+00   3.193927e+01              0             25              0              2   1.293939e+01   3.371298e-01   8.424444e-01
        156000   1.022221e+00   3.293393e+01              0             20              0              2   1.315324e+01   3.465967e-01   8.499585e-01
        156500   1.005562e+00   3.391476e+01              1             22              0              2   1.317280e+01   3.441934e-01   8.533345e-01
        157000   1.031526e+00   3.490155e+01              1             21              0              2   1.302203e+01   3.557739e-01   8.400347e-01
        157500   1.041132e+00   2.048953e+01              2             22              0              2   1.295134e+01   3.677841e-01   8.451079e-01
        158000   1.045954e+00   2.144585e+01              1             22              0              2   1.298578e+01   3.873158e-01   8.475691e-01
        158500   1.053477e+00   2.242288e+01              1             21              0              1   1.297132e+01   3.709124e-01   8.217539e-01
        159000   1.039183e+00   3.871989e+01              2             21              0              2   1.300228e+01   3.654021e-01   8.365061e-01
        159500   1.044382e+00   2.439067e+01              1             21              0              2   1.310370e+01   3.709335e-01   8.419705e-01
        160000   1.054572e+00   2.537881e+01              0             20              0              1   1.292081e+01   3.453360e-01   8.384022e-01
        160500   1.028083e+00   4.158230e+01              1             21              0              1   1.317618e+01   3.530585e-01   8.525662e-01
        161000   1.061695e+00   2.728880e+01              0             20              0              1   1.312004e+01   3.490441e-01   8.426165e-01
        161500   1.090489e+00   2.827549e+01              1             20              0              1   1.321464e+01   3.590222e-01   8.529444e-01
        162000   1.059182e+00   2.925548e+01              1             22              0              1   1.334210e+01   3.370327e-01   8.610221e-01
        162500   1.098524e+00   1.860161e+01              0             19              0              1   1.304276e+01   3.556766e-01   8.429302e-01
        163000   1.119761e+00   1.959768e+01              0             16              0              1   1.308663e+01   3.403118e-01   8.156726e-01
        163500   1.140171e+00   1.175917e+01              0             18              0              1   1.335671e+01   3.506694e-01   8.582471e-01
        164000   1.162310e+00   1.274438e+01              0             19              0              1   1.319898e+01   3.353729e-01   8.629169e-01
        164500   1.129732e+00   2.247488e+01              0             18              0              1   1.329093e+01   3.428719e-01   8.679807e-01
        165000   1.125764e+00   2.345728e+01              0             19              0              1   1.326465e+01   3.414811e-01   8.623084e-01
        165500   1.125850e+00   2.444605e+01              0             20              0              1   1.311881e+01   3.616710e-01   8.470568e-01
        166000   1.136421e+00   2.542465e+01              0             20              0              1   1.330630e+01   3.732987e-01   8.523409e-01
        166500   1.136029e+00   1.748685e+01              0             19              0              1   1.343502e+01   3.699834e-01   8.616376e-01
        167000   1.102844e+00   2.739067e+01              0             22              0              1   1.310550e+01   3.637556e-01   8.366340e-01
        167500   1.102810e+00   2.837187e+01              0             20              0              1   1.270383e+01   3.563882e-01   8.206170e-01
        168000   1.125906e+00   2.936964e+01              0             23              0              1   1.280975e+01   3.541242e-01   8.264001e-01
        168500   1.136558e+00   2.097430e+01              0             24              0              0   1.325177e+01   3.858013e-01   8.429316e-01
        169000   1.150165e+00   2.195578e+01              0             21              0              0   1.323538e+01   3.531198e-01   8.602372e-01
        169500   1.187058e+00   2.293978e+01              0             20              0              1   1.328963e+01   3.855147e-01   8.673354e-01
        170000   1.165768e+00   2.392633e+01              0             20              0              0   1.330150e+01   3.676651e-01   8.571739e-01
        170500   1.211536e+00   1.616184e+01              0             21              0              0   1.339515e+01   3.918126e-01   8.691587e-01
        171000   1.173795e+00   2.585082e+01              0             24              0              1   1.337697e+01   3.828484e-01   8.834302e-01
        171500   1.195188e+00   2.683182e+01              0             22              0              0   1.323375e+01   3.700713e-01   8.686198e-01
        172000   1.147163e+00   2.780710e+01              0             23              0              1   1.309889e+01   3.807040e-01   8.527207e-01
        172500   1.163668e+00   2.879935e+01              0             23              0              1   1.302066e+01   3.902152e-01   8.356236e-01
        173000   1.205743e+00   2.083173e+01              0             22              0              1   1.300534e+01   3.897977e-01   8.530093e-01
        173500   1.182345e+00   3.068441e+01              0             20              0              1   1.311121e+01   4.133629e-01   8.593114e-01
        174000   1.210714e+00   2.277770e+01              0             15              0              0   1.291416e+01   3.968489e-01   8.413384e-01
        174500   1.237448e+00   2.377141e+01              0             20              0              0   1.330234e+01   3.922939e-01   8.734556e-01
        175000   1.237860e+00   2.474494e+01              0             22              0              0   1.308258e+01   3.742166e-01   8.532320e-01
        175500   1.251348e+00   2.569319e+01              0             19              0              0   1.309200e+01   3.639188e-01   8.427921e-01
        176000   1.255690e+00   1.779812e+01              0             18              0              0   1.329065e+01   3.858514e-01   8.407375e-01
        176500   1.253971e+00   1.878539e+01              0             17              0              0   1.328376e+01   3.744778e-01   8.461875e-01
        177000   1.296836e+00   1.977540e+01              0             11              0              0   1.344927e+01   3.585561e-01   8.641715e-01
        177500   1.345443e+00   1.276207e+01              0             10              0              0   1.342324e+01   3.465055e-01   8.733240e-01
        178000   1.325412e+00   1.375537e+01              0             12              0              0   1.341587e+01   3.594302e-01   8.740383e-01
        178500   1.325192e+00   1.474427e+01              0             14              0              0   1.323863e+01   3.642016e-01   8.648868e-01
        179000   1.294780e+00   1.573368e+01              0             13              0              0   1.336636e+01   3.608761e-01   8.689446e-01
        179500   1.282992e+00   2.411653e+01              0             13              0              0   1.322911e+01   3.686136e-01   8.549236e-01
        180000   1.274553e+00   2.510471e+01              0             18              0              0   1.340927e+01   3.722371e-01   8.501983e-01
        180500   1.300813e+00   1.858962e+01              0             13              0              0   1.367932e+01   3.819344e-01   8.807683e-01
        181000   1.317500e+00   1.956723e+01              0             18              0              0   1.346526e+01   3.833910e-01   8.739026e-01
        181500   1.335513e+00   1.350168e+01              0             14              0              0   1.341969e+01   3.568693e-01   8.599301e-01
        182000   1.327386e+00   2.154280e+01              0             14              0              0   1.327293e+01   3.698425e-01   8.582224e-01
        182500   1.317213e+00   2.252188e+01              0             18              0              0   1.334769e+01   3.893818e-01   8.620615e-01
        183000   1.327826e+00   2.349194e+01              0             19              0              0   1.376700e+01   3.819365e-01   8.863287e-01
        183500   1.286075e+00   3.121672e+01              0             21              0              0   1.353425e+01   3.711306e-01   8.841397e-01
        184000   1.289841e+00   3.217805e+01              0             18              0              0   1.332328e+01   3.652709e-01   8.718110e-01
        184500   1.304361e+00   2.638672e+01              0             20              0              0   1.328091e+01   3.787684e-01   8.726424e-01
        185000   1.255731e+00   3.412083e+01              0             19              0              0   1.306757e+01   3.657617e-01   8.551520e-01
        185500   1.229909e+00   3.986351e+01              0             20              0              0   1.318884e+01   3.439557e-01   8.354212e-01
        186000   1.265873e+00   3.604412e+01              0             16              0              0   1.346752e+01   3.313769e-01   8.633664e-01
        186500   1.255357e+00   3.703221e+01              0             17              0              0   1.321473e+01   3.432452e-01   8.501993e-01
        187000   1.282029e+00   3.802658e+01              0             18              0              0   1.340517e+01   3.209481e-01   8.586646e-01
        187500   1.268418e+00   3.902214e+01              0             18              0              0   1.287561e+01   3.461303e-01   8.651214e-01
        188000   1.272889e+00   4.001957e+01              0             12              0              0   1.293988e+01   3.397227e-01   8.574178e-01
        188500   1.262713e+00   4.101433e+01              0             18              0              0   1.337407e+01   3.301574e-01   8.627095e-01
        189000   1.312804e+00   3.411002e+01              0             15              0              0   1.308637e+01   3.689959e-01   8.654122e-01
        189500   1.272030e+00   4.290761e+01              0             18              0              0   1.312831e+01   3.789578e-01   8.521693e-01
        190000   1.282561e+00   4.390476e+01              0             17              0              0   1.323473e+01   3.631557e-01   8.645566e-01
        190500   1.297988e+00   3.695021e+01              0             11              0              0   1.309740e+01   3.663193e-01   8.475652e-01
        191000   1.276452e+00   4.578837e+01              0             17              0              0   1.320836e+01   3.553391e-01   8.637044e-01
        191500   1.302203e+00   3.883716e+01              0             20              0              0   1.327794e+01   3.429549e-01   8.727239e-01
        192000   1.320438e+00   3.983368e+01              0             13              0              0   1.340356e+01   3.375378e-01   8.734944e-01
        192500   1.293421e+00   4.855736e+01              0             17              0              0   1.324305e+01   3.553762e-01   8.718262e-01
        193000   1.295583e+00   4.951808e+01              0             16              0              0   1.346890e+01   3.702881e-01   8.803246e-01
        193500   1.275930e+00   5.050317e+01              0             13              0              0   1.312833e+01   3.688476e-01   8.785535e-01
        194000   1.313365e+00   4.364449e+01              0             15              0              0   1.309881e+01   3.660843e-01   8.581146e-01
        194500   1.359871e+00   3.228571e+01              0             14              0              0   1.333122e+01   3.492829e-01   8.749846e-01
        195000   1.363748e+00   3.328276e+01              0             11              0              0   1.301340e+01   3.523595e-01   8.326498e-01
        195500   1.363554e+00   3.427679e+01              0             12              0              0   1.287437e+01   3.710441e-01   8.398439e-01
        196000   1.399493e+00   2.197927e+01              0             12              0              0   1.310723e+01   3.799567e-01   8.310365e-01
        196500   1.439987e+00   1.220249e+01              0              9              0              0   1.297765e+01   3.712087e-01   8.285129e-01
        197000   1.478695e+00   1.316898e+01              0             11              0              0   1.302427e+01   3.710261e-01   8.525751e-01
        197500   1.477641e+00   1.415672e+01              0              9              0              0   1.322394e+01   3.544772e-01   8.247955e-01
        198000   1.493279e+00   1.508248e+01              0              8              0              0   1.294079e+01   3.821107e-01   8.250701e-01
        198500   1.495970e+00   9.061960e+00              0              7              0              0   1.297352e+01   3.903655e-01   8.439873e-01
        199000   1.550160e+00   5.662126e+00              0              6              0              0   1.284214e+01   3.774992e-01   8.502594e-01
        199500   1.512715e+00   1.100394e+01              0              7              0              0   1.307791e+01   3.788888e-01   8.400906e-01
        200000   1.506975e+00   1.859340e+01              0              9              0              0   1.294056e+01   3.924837e-01   8.524140e-01
        200500   1.464241e+00   1.957153e+01              0              8              0              0   1.329450e+01   3.815148e-01   8.495970e-01
        201000   1.520837e+00   1.378961e+01              0              7              0              0   1.331646e+01   3.965747e-01   8.500406e-01
        201500   1.507561e+00   1.477186e+01              0              8              0              0   1.323412e+01   3.784364e-01   8.418484e-01
        202000   1.499864e+00   1.576358e+01              0             11              0              0   1.315718e+01   3.716498e-01   8.555454e-01
        202500   1.490124e+00   2.335035e+01              0              7              0              0   1.286126e+01   3.802402e-01   8.313184e-01
        203000   1.469691e+00   2.432211e+01              0              7              0              0   1.269322e+01   3.588740e-01   8.193575e-01
        203500   1.467739e+00   2.530725e+01              0             10              0              0   1.295076e+01   3.553913e-01   8.382342e-01
        204000   1.473809e+00   2.629542e+01              0             13              0              0   1.311460e+01   3.887528e-01   8.495022e-01
        204500   1.505683e+00   2.044515e+01              0             13              0              0   1.321137e+01   3.825171e-01   8.519049e-01
        205000   1.493983e+00   2.138258e+01              0             11              0              0   1.352095e+01   3.871717e-01   8.699826e-01
        205500   1.506344e+00   2.237498e+01              0             13              0              0   1.335542e+01   3.638315e-01   8.724309e-01
        206000   1.536033e+00   2.335572e+01              0             12              0              0   1.343548e+01   3.469623e-01   8.717164e-01
        206500   1.530537e+00   2.431300e+01              0             11              0              0   1.324348e+01   3.567366e-01   8.653672e-01
        207000   1.518263e+00   2.530774e+01              0             13              0              0   1.325133e+01   3.643631e-01   8.556140e-01
        207500   1.500508e+00   2.629121e+01              0             12              0              0   1.328013e+01   3.666958e-01   8.343870e-01
        208000   1.517053e+00   2.727679e+01              0             11              0              0   1.327989e+01   3.792682e-01   8.428857e-01
        208500   1.523852e+00   2.826945e+01              0             13              0              0   1.352521e+01   3.651198e-01   8.537915e-01
        209000   1.564113e+00   2.157452e+01              0             13              0              0   1.346641e+01   3.604170e-01   8.500143e-01
        209500   1.570818e+00   2.255310e+01              0             11              0              0   1.362776e+01   3.705310e-01   8.517545e-01
        210000   1.638819e+00   1.521205e+01              0              7              0              0   1.368857e+01   3.789220e-01   8.682112e-01
        210500   1.652104e+00   9.120957e+00              0             11              0              0   1.376913e+01   3.724678e-01   8.683624e-01
        211000   1.657655e+00   1.010699e+01              0             11              0              0   1.382760e+01   3.904185e-01   8.804842e-01
        211500   1.645909e+00   1.107997e+01              0             11              0              0   1.400137e+01   3.913369e-01   8.881667e-01
        212000   1.681771e+00   1.206889e+01              0             11              0              0   1.400511e+01   4.084467e-01   8.900043e-01
        212500   1.680310e+00   1.306146e+01              0             13              0              0   1.382931e+01   3.987768e-01   8.752671e-01
        213000   1.655913e+00   1.404787e+01              0             13              0              0   1.380603e+01   3.973370e-01   8.712598e-01
        213500   1.651545e+00   1.502295e+01              0             13              0              0   1.390407e+01   3.717975e-01   8.710437e-01
        214000   1.669046e+00   1.601851e+01              0             12              0              0   1.389685e+01   3.895283e-01   8.941595e-01
        214500   1.645048e+00   2.352385e+01              0             12              0              0   1.348822e+01   3.934025e-01   8.569383e-01
        215000   1.649329e+00   2.440434e+01              0             12              0              0   1.349663e+01   3.745249e-01   8.710648e-01
        215500   1.606332e+00   3.100778e+01              0             14              0              0   1.350890e+01   3.911865e-01   8.616683e-01
        216000   1.630281e+00   2.635292e+01              0             14              0              0   1.364000e+01   4.016204e-01   8.646118e-01
        216500   1.621044e+00   2.734167e+01              0             11              0              0   1.357502e+01   3.936370e-01   8.647611e-01
        217000   1.576048e+00   3.368714e+01              0             11              0              0   1.364930e+01   3.704209e-01   8.586438e-01
        217500   1.540783e+00   3.803179e+01              0             12              0              0   1.383479e+01   3.765424e-01   8.841215e-01
        218000   1.553736e+00   3.563496e+01              0             10              0              0   1.347168e+01   3.895968e-01   8.680651e-01
        218500   1.575550e+00   3.662748e+01              0             15              0              0   1.328412e+01   3.847818e-01   8.520078e-01
        219000   1.594765e+00   3.164063e+01              0             14              0              0   1.325193e+01   3.914295e-01   8.495476e-01
        219500   1.615099e+00   3.263672e+01              0             13              0              0   1.333633e+01   3.809422e-01   8.605597e-01
        220000   1.675639e+00   2.545888e+01              0             13              0              0   1.348355e+01   3.814529e-01   8.770344e-01
        220500   1.708525e+00   1.765720e+01              0             12              0              0   1.353350e+01   3.689592e-01   8.849321e-01
        221000   1.668889e+00   2.739373e+01              0             11              0              0   1.353740e+01   3.911723e-01   8.846072e-01
        221500   1.677515e+00   2.839141e+01              0             13              0              0   1.363304e+01   3.875088e-01   8.884073e-01
        222000   1.655832e+00   2.938068e+01              0             13              0              0   1.338866e+01   3.897553e-01   8.723567e-01
        222500   1.665006e+00   3.037590e+01              0             15              0              0   1.337324e+01   3.897687e-01   8.844528e-01
        223000   1.658575e+00   3.136879e+01              0             13              0              0   1.349258e+01   3.762100e-01   8.615213e-01
        223500   1.715373e+00   2.299962e+01              0             11              0              0   1.348742e+01   3.850737e-01   8.722028e-01
        224000   1.715886e+00   2.399369e+01              0              6              0              0   1.350409e+01   4.009809e-01   8.544449e-01
        224500   1.732197e+00   2.496991e+01              0              8              0              0   1.346163e+01   3.853126e-01   8.478430e-01
        225000   1.718406e+00   2.596353e+01              0              8              0              0   1.346120e+01   3.921189e-01   8.375881e-01
        225500   1.717340e+00   2.695479e+01              0              8              0              0   1.349698e+01   3.825308e-01   8.483034e-01
        226000   1.693225e+00   2.793335e+01              0              8              0              0   1.339454e+01   4.173510e-01   8.462200e-01
        226500   1.659511e+00   3.765259e+01              0             10              0              0   1.340273e+01   4.239030e-01   8.413785e-01
        227000   1.679748e+00   3.863016e+01              0              7              0              0   1.349691e+01   3.768208e-01   8.439726e-01
        227500   1.708647e+00   3.074625e+01              0              8              0              0   1.368926e+01   3.920799e-01   8.533599e-01
        228000   1.719067e+00   3.173225e+01              0              8              0              0   1.335012e+01   3.791059e-01   8.485845e-01
        228500   1.677635e+00   4.144387e+01              0              8              0              0   1.353133e+01   3.675580e-01   8.562417e-01
        229000   1.720950e+00   3.365437e+01              0              9              0              0   1.339280e+01   3.474710e-01   8.553455e-01
        229500   1.743473e+00   2.363796e+01              0              9              0              0   1.348246e+01   3.192549e-01   8.675337e-01
        230000   1.742862e+00   2.462074e+01              0              7              0              1   1.320209e+01   3.147005e-01   8.714600e-01
        230500   1.812580e+00   1.509988e+01              0              6              0              0   1.345179e+01   3.388543e-01   8.774296e-01
        231000   1.793107e+00   1.607230e+01              0              7              0              0   1.322569e+01   3.228459e-01   8.722623e-01
        231500   1.881825e+00   4.162158e+00              0              7              0              1   1.349826e+01   3.223977e-01   8.663059e-01
        232000   1.920473e+00   5.142850e+00              0              6              0              0   1.346969e+01   3.468889e-01   8.653408e-01
        232500   1.850146e+00   1.094179e+01              0              6              0              1   1.362001e+01   3.715139e-01   8.793150e-01
        233000   1.830611e+00   1.941449e+01              0              8              0              1   1.356613e+01   3.502833e-01   8.814974e-01
        233500   1.878476e+00   1.288486e+01              0              8              0              1   1.350377e+01   3.491845e-01   8.903550e-01
        234000   1.867716e+00   1.387976e+01              0              8              0              1   1.331768e+01   3.589115e-01   8.799633e-01
        234500   1.899878e+00   1.486506e+01              0              7              0              1   1.342370e+01   3.617682e-01   8.720682e-01
        235000   1.883385e+00   1.584579e+01              0              8              0              1   1.331313e+01   3.788669e-01   8.633879e-01
        235500   1.853936e+00   1.682704e+01              0              6              0              1   1.344311e+01   3.646744e-01   8.565903e-01
        236000   1.841596e+00   2.455595e+01              0              7              0              1   1.341232e+01   3.466337e-01   8.627415e-01
        236500   1.834511e+00   2.553659e+01              0              7              0              1   1.326901e+01   3.579534e-01   8.602539e-01
        237000   1.812230e+00   2.652830e+01              0              7              0              1   1.313892e+01   3.558588e-01   8.604525e-01
        237500   1.845588e+00   2.050921e+01              0              7              0              0   1.334596e+01   3.468132e-01   8.552835e-01
        238000   1.843205e+00   2.149723e+01              0              7              0              0   1.308718e+01   3.392487e-01   8.386244e-01
        238500   1.833255e+00   2.942177e+01              0              7              0              1   1.300755e+01   3.350761e-01   8.313393e-01
        239000   1.853536e+00   2.339227e+01              0              6              0              0   1.323049e+01   3.258358e-01   8.423666e-01
        239500   1.906513e+00   1.727613e+01              0              6              0              0   1.313445e+01   3.436099e-01   8.532543e-01
        240000   1.930108e+00   1.826535e+01              0              7              0              0   1.310548e+01   3.426702e-01   8.665112e-01
        240500   1.964190e+00   1.241865e+01              0              7              0              0   1.328198e+01   3.500221e-01   8.494311e-01
        241000   1.971011e+00   1.341388e+01              0              6              0              0   1.330555e+01   3.340205e-01   8.671436e-01
        241500   1.982665e+00   1.438550e+01              0              6              0              0   1.331079e+01   3.263271e-01   8.613465e-01
        242000   1.978636e+00   1.537958e+01              0              6              0              0   1.331998e+01   3.390188e-01   8.627254e-01
        242500   1.990065e+00   1.634187e+01              0              6              0              1   1.343003e+01   3.450747e-01   8.763194e-01
        243000   1.959751e+00   2.335366e+01              0              7              0              0   1.330695e+01   3.497933e-01   8.539771e-01
        243500   1.969591e+00   1.832171e+01              0              6              0              0   1.340915e+01   3.585408e-01   8.691551e-01
        244000   1.968813e+00   1.931237e+01              0              6              0              0   1.334086e+01   3.620267e-01   8.522813e-01
        244500   1.971403e+00   2.029753e+01              0              7              0              0   1.332222e+01   3.414938e-01   8.656469e-01
        245000   1.997650e+00   1.489465e+01              0              5              0              0   1.339413e+01   3.454661e-01   8.504239e-01
        245500   2.006133e+00   1.588171e+01              0              5              0              0   1.335657e+01   3.388493e-01   8.628976e-01
        246000   2.026903e+00   1.685294e+01              0              4              0              0   1.331740e+01   3.408500e-01   8.905689e-01
        246500   2.081355e+00   1.150343e+01              0              6              0              0   1.361739e+01   3.009162e-01   8.766637e-01
        247000   2.110516e+00   7.302464e+00              0              6              0              0   1.351695e+01   3.028930e-01   8.730900e-01
        247500   2.106009e+00   1.340838e+01              0              6              0              0   1.355140e+01   3.289796e-01   8.887613e-01
        248000   2.095552e+00   1.437882e+01              0              7              0              0   1.356416e+01   3.236544e-01   9.020347e-01
        248500   2.077996e+00   1.536792e+01              0              5              0              0   1.350807e+01   3.085241e-01   8.995194e-01
        249000   2.071662e+00   1.635871e+01              0              5              0              0   1.335150e+01   3.252818e-01   8.917117e-01
        249500   2.098191e+00   1.733875e+01              0              2              0              0   1.349023e+01   3.120475e-01   8.795653e-01
        250000   2.117357e+00   1.297262e+01              0              4              0              0   1.358344e+01   3.141983e-01   8.895107e-01
        250500   2.110769e+00   1.396576e+01              0              8              0              0   1.367749e+01   3.235734e-01   8.844219e-01
        251000   2.135969e+00   1.495524e+01              0              8              0              0   1.341638e+01   3.088355e-01   8.746094e-01
        251500   2.164909e+00   1.071871e+01              0              4              0              0   1.357611e+01   3.145619e-01   8.894259e-01
        252000   2.169820e+00   1.171645e+01              0              9              0              0   1.337738e+01   3.276392e-01   8.867561e-01
        252500   2.200462e+00   7.930400e+00              0              7              0              0   1.349952e+01   3.363252e-01   8.917304e-01
        253000   2.239365e+00   8.921607e+00              0              2              0              0   1.333116e+01   3.402503e-01   8.876663e-01
        253500   2.236553e+00   9.908516e+00              0              3              0              0   1.346190e+01   3.298169e-01   8.893873e-01
        254000   2.211803e+00   1.090312e+01              0              8              0              0   1.336575e+01   3.514472e-01   8.961850e-01
        254500   2.240794e+00   7.732302e+00              0              8              0              0   1.343654e+01   3.523841e-01   9.026922e-01
        255000   2.224296e+00   1.287059e+01              0              9              0              0   1.329489e+01   3.496811e-01   8.857115e-01
        255500   2.221583e+00   1.385649e+01              0              8              0              0   1.303978e+01   3.408571e-01   8.634563e-01
        256000   2.270259e+00   1.043240e+01              0              6              0              0   1.316890e+01   3.276818e-01   8.609056e-01
        256500   2.249460e+00   1.142081e+01              0              8              0              0   1.327606e+01   3.367485e-01   8.793869e-01
        257000   2.274475e+00   1.241463e+01              0              9              0              0   1.318872e+01   3.574452e-01   8.720796e-01
        257500   2.306003e+00   8.866225e+00              0              9              0              0   1.306977e+01   3.553700e-01   8.847150e-01
        258000   2.346664e+00   5.813218e+00              0             11              0              0   1.313328e+01   3.449406e-01   8.874461e-01
        258500   2.310460e+00   1.084629e+01              0              7              0              0   1.315852e+01   3.326720e-01   8.934019e-01
        259000   2.303838e+00   1.183540e+01              0              7              0              0   1.292766e+01   3.608521e-01   8.936912e-01
        259500   2.327665e+00   1.283141e+01              0             12              0              0   1.310424e+01   3.733260e-01   8.895275e-01
        260000   2.307918e+00   1.382098e+01              0              8              0              0   1.300593e+01   3.683812e-01   8.725456e-01
        260500   2.322264e+00   1.480891e+01              0              7              0              0   1.317724e+01   3.395174e-01   8.770919e-01
        261000   2.294159e+00   1.578367e+01              0              8              0              0   1.325550e+01   3.401572e-01   8.823357e-01
        261500   2.287944e+00   2.063204e+01              0              9              0              0   1.311771e+01   3.534052e-01   8.620511e-01
        262000   2.302443e+00   1.766194e+01              0             13              0              0   1.329020e+01   3.574053e-01   8.786896e-01
        262500   2.319583e+00   1.863035e+01              0             15              0              0   1.333833e+01   3.396082e-01   8.695766e-01
        263000   2.384013e+00   1.405655e+01              0             15              0              0   1.332365e+01   3.625645e-01   8.962178e-01
        263500   2.361766e+00   1.504859e+01              0             16              0              0   1.315828e+01   3.648372e-01   8.812326e-01
        264000   2.387296e+00   1.603700e+01              0             16              0              0   1.298348e+01   3.883693e-01   8.720834e-01
        264500   2.401778e+00   1.116735e+01              0             15              0              0   1.290002e+01   3.535356e-01   8.581480e-01
        265000   2.420483e+00   1.215157e+01              0             15              0              0   1.296920e+01   3.552025e-01   8.618720e-01
        265500   2.378932e+00   1.884993e+01              0             16              0              0   1.327924e+01   3.449585e-01   8.685959e-01
        266000   2.405093e+00   1.402536e+01              0             15              0              0   1.306177e+01   3.350384e-01   8.746255e-01
        266500   2.412061e+00   1.502294e+01              0             16              0              1   1.326482e+01   3.517402e-01   8.588122e-01
        267000   2.394566e+00   2.162410e+01              0             13              0              0   1.297864e+01   3.738550e-01   8.639586e-01
        267500   2.405439e+00   1.699023e+01              0             15              0              0   1.294564e+01   3.751344e-01   8.800825e-01
        268000   2.406672e+00   1.798577e+01              0             18              0              0   1.297621e+01   3.621591e-01   8.691219e-01
        268500   2.458579e+00   1.895695e+01              0             16              0              0   1.312585e+01   3.688625e-01   8.795999e-01
        269000   2.489285e+00   1.366786e+01              0             16              0              0   1.307342e+01   3.516453e-01   8.754316e-01
        269500   2.490974e+00   1.465589e+01              0             15              0              1   1.310097e+01   3.574915e-01   8.668574e-01
        270000   2.526378e+00   9.930988e+00              0             14              0              0   1.295719e+01   3.708678e-01   8.687785e-01
        270500   2.533764e+00   1.090782e+01              0             14              0              0   1.325909e+01   3.782130e-01   8.840585e-01
        271000   2.566231e+00   7.380431e+00              0             13              0              0   1.297894e+01   3.754458e-01   8.653480e-01
        271500   2.558047e+00   8.376283e+00              0             13              0              0   1.309523e+01   3.536721e-01   8.686885e-01
        272000   2.535576e+00   1.370346e+01              0             14              0              1   1.333873e+01   3.508482e-01   8.783129e-01
        272500   2.516742e+00   1.468936e+01              0             15              0              1   1.320398e+01   3.602676e-01   8.578695e-01
        273000   2.552521e+00   1.115845e+01              0             13              0              0   1.325908e+01   3.531418e-01   8.635556e-01
