          step              r      E_metad_r      n_cont_CA   n_cont_heavy       n_saltbr        n_hbond           SASA           RMSD             Rg 
             0   6.420666e-01   0.000000e+00              1             50              1              8   1.306298e+01   0.000000e+00   8.332359e-01
           500   6.725776e-01   9.923366e-01              1             47              0             10   1.319606e+01   7.337265e-02   8.574408e-01
          1000   6.767301e-01   1.982932e+00              2             51              1              8   1.319447e+01   7.792631e-02   8.423901e-01
          1500   6.979171e-01   2.968650e+00              1             49              1              6   1.340409e+01   9.697638e-02   8.641842e-01
          2000   6.756033e-01   3.943926e+00              1             45              1             10   1.334911e+01   7.676870e-02   8.648652e-01
          2500   7.009537e-01   4.924606e+00              1             48              1             10   1.323103e+01   8.518205e-02   8.586285e-01
          3000   6.899515e-01   5.914030e+00              1             47              2              9   1.314837e+01   9.444598e-02   8.452123e-01
          3500   6.651275e-01   6.903837e+00              1             48              2              6   1.313465e+01   7.636534e-02   8.460740e-01
          4000   6.920482e-01   7.890180e+00              1             51              1             10   1.317565e+01   9.689138e-02   8.530506e-01
          4500   6.761299e-01   8.880070e+00              1             51              1              6   1.330222e+01   9.645195e-02   8.520155e-01
          5000   6.752250e-01   9.871906e+00              1             46              1              9   1.298501e+01   8.892053e-02   8.502099e-01
          5500   6.508825e-01   9.432906e+00              2             50              3              9   1.332040e+01   1.224605e-01   8.830712e-01
          6000   6.374032e-01   1.042213e+01              1             52              2              8   1.307051e+01   1.276090e-01   8.703878e-01
          6500   6.128713e-01   1.141757e+01              2             49              2              6   1.299820e+01   1.177212e-01   8.437558e-01
          7000   6.556438e-01   1.362126e+01              2             50              0              9   1.314187e+01   1.221536e-01   8.709102e-01
          7500   6.739922e-01   1.460738e+01              1             52              0              9   1.316806e+01   9.164299e-02   8.480211e-01
          8000   6.857914e-01   1.559527e+01              2             50              0              8   1.328026e+01   9.878411e-02   8.661746e-01
          8500   6.767864e-01   1.659281e+01              1             52              1              6   1.320483e+01   1.127715e-01   8.711484e-01
          9000   6.764472e-01   1.758350e+01              1             52              1              8   1.308443e+01   1.156255e-01   8.693302e-01
          9500   6.725018e-01   1.857883e+01              1             52              1              9   1.298591e+01   1.276076e-01   8.735416e-01
         10000   6.695689e-01   1.957189e+01              2             52              1              8   1.309975e+01   1.240506e-01   8.719620e-01
         10500   6.552248e-01   2.055663e+01              1             52              1              8   1.319838e+01   1.160044e-01   8.690102e-01
         11000   6.835046e-01   1.885670e+01              1             52              1             10   1.301227e+01   1.203723e-01   8.681954e-01
         11500   6.610850e-01   2.250991e+01              2             53              0              9   1.318721e+01   1.203196e-01   8.726843e-01
         12000   6.645698e-01   2.349626e+01              2             52              0              8   1.331725e+01   1.229887e-01   8.767131e-01
         12500   6.605124e-01   2.448354e+01              1             52              1              8   1.336330e+01   1.212992e-01   8.859286e-01
         13000   6.700366e-01   2.546842e+01              1             50              0             10   1.316222e+01   1.198469e-01   8.578088e-01
         13500   6.743483e-01   2.644562e+01              1             50              1              7   1.309017e+01   1.235601e-01   8.724465e-01
         14000   6.947156e-01   2.405891e+01              2             50              1              9   1.322201e+01   1.115963e-01   8.733016e-01
         14500   6.776871e-01   2.842425e+01              1             51              1              7   1.315009e+01   1.250586e-01   8.712904e-01
         15000   6.895600e-01   2.941856e+01              1             52              1              8   1.314538e+01   1.264351e-01   8.729381e-01
         15500   6.503821e-01   2.722590e+01              1             52              1              9   1.334614e+01   1.265176e-01   8.562436e-01
         16000   6.634688e-01   3.139540e+01              2             50              1              9   1.334034e+01   1.400561e-01   8.709743e-01
         16500   7.066582e-01   2.844050e+01              1             51              0              8   1.310209e+01   1.215490e-01   8.756577e-01
         17000   6.973792e-01   2.942621e+01              2             50              0              8   1.318622e+01   1.156968e-01   8.812055e-01
         17500   6.773748e-01   3.424239e+01              1             50              0              7   1.301409e+01   1.222106e-01   8.532415e-01
         18000   6.716421e-01   3.522159e+01              1             50              0              7   1.300923e+01   1.147640e-01   8.524464e-01
         18500   6.748648e-01   3.620840e+01              1             50              0              6   1.306257e+01   9.600542e-02   8.514008e-01
         19000   6.770702e-01   3.718262e+01              1             53              0              8   1.294252e+01   1.191825e-01   8.542754e-01
         19500   6.834110e-01   3.817932e+01              2             51              0              8   1.332396e+01   1.267403e-01   8.692414e-01
         20000   6.879923e-01   3.480204e+01              1             52              0              8   1.309326e+01   1.205304e-01   8.551748e-01
         20500   7.123794e-01   3.574071e+01              2             50              1              6   1.322296e+01   1.184567e-01   8.800606e-01
         21000   7.091851e-01   3.673616e+01              2             50              1              6   1.318942e+01   1.228969e-01   8.670709e-01
         21500   6.925666e-01   4.200159e+01              2             52              1             10   1.311446e+01   1.069805e-01   8.539300e-01
         22000   7.029024e-01   4.295712e+01              1             49              1              9   1.342802e+01   1.110623e-01   8.789226e-01
         22500   6.614282e-01   4.393110e+01              1             51              0              5   1.340439e+01   9.493972e-02   8.506184e-01
         23000   6.766974e-01   4.492766e+01              2             52              1              6   1.352195e+01   1.099649e-01   8.638651e-01
         23500   6.664263e-01   4.592117e+01              2             53              1              9   1.331710e+01   1.128429e-01   8.558328e-01
         24000   6.788500e-01   4.691748e+01              1             52              0              8   1.334772e+01   1.045148e-01   8.778165e-01
         24500   6.796023e-01   4.791129e+01              1             52              1              9   1.325429e+01   1.029348e-01   8.621629e-01
         25000   6.771493e-01   4.890879e+01              1             52              1              8   1.327343e+01   9.790281e-02   8.542295e-01
         25500   6.923484e-01   4.989018e+01              1             49              1              7   1.323179e+01   1.126507e-01   8.844701e-01
         26000   6.773754e-01   5.087648e+01              2             50              0              6   1.296607e+01   1.124180e-01   8.524779e-01
         26500   6.831969e-01   5.187197e+01              1             49              0              8   1.299803e+01   1.037928e-01   8.531853e-01
         27000   6.793520e-01   5.286201e+01              1             51              1              8   1.336738e+01   1.180334e-01   8.818189e-01
         27500   7.075510e-01   4.859879e+01              1             49              0              8   1.294784e+01   1.135003e-01   8.672808e-01
         28000   6.786977e-01   5.479827e+01              2             49              1             10   1.336818e+01   1.347922e-01   8.700502e-01
         28500   6.953479e-01   5.574972e+01              2             52              0             10   1.312461e+01   1.110953e-01   8.669523e-01
         29000   7.063079e-01   5.144974e+01              2             46              0              8   1.342798e+01   1.063275e-01   8.769526e-01
         29500   7.273040e-01   5.240266e+01              2             52              0              8   1.309798e+01   1.121484e-01   8.733916e-01
         30000   6.927362e-01   5.855705e+01              2             52              1              8   1.308681e+01   1.032717e-01   8.603407e-01
         30500   6.567229e-01   5.954976e+01              1             52              1              9   1.289248e+01   1.029141e-01   8.565840e-01
         31000   6.647437e-01   6.054312e+01              1             51              1              9   1.340764e+01   1.161548e-01   8.714961e-01
         31500   6.844970e-01   6.153828e+01              1             50              1              4   1.300762e+01   1.045189e-01   8.639481e-01
         32000   6.607443e-01   6.253328e+01              2             52              2              9   1.334627e+01   1.327941e-01   8.582817e-01
         32500   6.472171e-01   5.507053e+01              1             53              1              7   1.315744e+01   1.135138e-01   8.457716e-01
         33000   6.517211e-01   5.605721e+01              2             53              1              8   1.316228e+01   1.141999e-01   8.517840e-01
         33500   6.381940e-01   5.703490e+01              2             52              0              7   1.335158e+01   1.102283e-01   8.627692e-01
         34000   6.430592e-01   5.803248e+01              1             53              1              8   1.320860e+01   1.073041e-01   8.556625e-01
         34500   6.245635e-01   5.902253e+01              2             53              2              7   1.315053e+01   1.281112e-01   8.488139e-01
         35000   6.362934e-01   6.001285e+01              2             53              2              9   1.317618e+01   1.052086e-01   8.503475e-01
         35500   6.150672e-01   4.287708e+01              1             53              2             10   1.288988e+01   1.184804e-01   8.317268e-01
         36000   6.165306e-01   4.382564e+01              1             51              1              8   1.300565e+01   1.158855e-01   8.307305e-01
         36500   6.200846e-01   4.473863e+01              1             50              1              7   1.328400e+01   1.099233e-01   8.413405e-01
         37000   6.700297e-01   7.124512e+01              2             48              1             10   1.330280e+01   1.186523e-01   8.608045e-01
         37500   6.721815e-01   7.224003e+01              2             47              0              8   1.349335e+01   1.071885e-01   8.672068e-01
         38000   6.843330e-01   7.321599e+01              1             50              0              8   1.310827e+01   1.187140e-01   8.654608e-01
         38500   7.063990e-01   6.568804e+01              1             47              0              9   1.317659e+01   1.123083e-01   8.615692e-01
         39000   6.805278e-01   7.510183e+01              2             49              0              8   1.376223e+01   1.209884e-01   8.713920e-01
         39500   7.103411e-01   6.760733e+01              2             50              0              9   1.331209e+01   1.171349e-01   8.662002e-01
         40000   6.999481e-01   6.860043e+01              2             50              1              9   1.333099e+01   1.197628e-01   8.672440e-01
         40500   6.554434e-01   7.793488e+01              2             52              1              7   1.307035e+01   1.116537e-01   8.438310e-01
         41000   7.000555e-01   7.039696e+01              2             52              1              8   1.308655e+01   1.284077e-01   8.605549e-01
         41500   6.861978e-01   7.136988e+01              2             51              1              8   1.308685e+01   1.525908e-01   8.698918e-01
         42000   6.932012e-01   7.232932e+01              2             51              1              8   1.316738e+01   1.552770e-01   8.747141e-01
         42500   7.020346e-01   7.332153e+01              2             51              1              8   1.291416e+01   1.372499e-01   8.673179e-01
         43000   7.046619e-01   7.430214e+01              2             52              1              8   1.322720e+01   1.265866e-01   8.662850e-01
         43500   7.089768e-01   7.529919e+01              2             52              1              9   1.323492e+01   1.327164e-01   8.813899e-01
         44000   6.920788e-01   7.626499e+01              2             52              0              8   1.335921e+01   1.435775e-01   8.703806e-01
         44500   7.251467e-01   5.548271e+01              1             47              0              7   1.293694e+01   1.503609e-01   8.679504e-01
         45000   7.074042e-01   7.823326e+01              2             48              1              6   1.301066e+01   1.625699e-01   8.804220e-01
         45500   7.191185e-01   7.922792e+01              1             50              1              6   1.300649e+01   1.502439e-01   8.661843e-01
         46000   7.074048e-01   8.022697e+01              1             52              0              7   1.300680e+01   1.513025e-01   8.801062e-01
         46500   7.010241e-01   8.122085e+01              1             52              0              6   1.293781e+01   1.570410e-01   8.775035e-01
         47000   7.343179e-01   5.991969e+01              2             50              0              5   1.312196e+01   1.638600e-01   8.730617e-01
         47500   7.114170e-01   8.319008e+01              1             52              1              6   1.323460e+01   1.543747e-01   8.727912e-01
         48000   7.215473e-01   8.417626e+01              2             51              1              8   1.306448e+01   1.626382e-01   8.810513e-01
         48500   6.992445e-01   8.516817e+01              1             53              0              6   1.294361e+01   1.567862e-01   8.741934e-01
         49000   6.912591e-01   9.316555e+01              2             52              0              9   1.305732e+01   1.476604e-01   8.647065e-01
         49500   7.216112e-01   8.708427e+01              1             52              0              6   1.321939e+01   1.482890e-01   8.750535e-01
         50000   6.970084e-01   8.807419e+01              1             52              1              7   1.282111e+01   1.458445e-01   8.535730e-01
         50500   6.894636e-01   9.587639e+01              2             51              1              8   1.281301e+01   1.394162e-01   8.487647e-01
         51000   6.963473e-01   8.995731e+01              1             50              1              8   1.292949e+01   1.214822e-01   8.483472e-01
         51500   7.070206e-01   9.095404e+01              2             51              0              8   1.338145e+01   1.374565e-01   8.730589e-01
         52000   6.749758e-01   9.871344e+01              1             53              1              9   1.376891e+01   1.501423e-01   8.865838e-01
         52500   6.786582e-01   9.970735e+01              1             53              0              8   1.334217e+01   1.288655e-01   8.590833e-01
         53000   6.784059e-01   1.006994e+02              2             53              1              5   1.345067e+01   1.435979e-01   8.763154e-01
         53500   6.496392e-01   8.719092e+01              2             55              1              8   1.344165e+01   1.274999e-01   8.515540e-01
         54000   6.389892e-01   8.817094e+01              1             55              2              8   1.313218e+01   1.197639e-01   8.352227e-01
         54500   6.443438e-01   8.916601e+01              2             56              1              8   1.308364e+01   1.343918e-01   8.328229e-01
         55000   6.176079e-01   6.225719e+01              2             55              2              5   1.321813e+01   1.496325e-01   8.438134e-01
         55500   6.396857e-01   9.114024e+01              2             57              0             10   1.332915e+01   1.323895e-01   8.398416e-01
         56000   6.119288e-01   6.410415e+01              2             61              1              9   1.330076e+01   1.336824e-01   8.522630e-01
         56500   6.261946e-01   6.505415e+01              2             57              1              8   1.312186e+01   1.264863e-01   8.422574e-01
         57000   6.188718e-01   9.405639e+01              2             56              2              9   1.321764e+01   1.309390e-01   8.544877e-01
         57500   5.817989e-01   6.701404e+01              2             57              2              9   1.295028e+01   1.326585e-01   8.393796e-01
         58000   5.845760e-01   6.799495e+01              1             56              1              8   1.319636e+01   1.125846e-01   8.465612e-01
         58500   5.911493e-01   6.898382e+01              1             59              1              7   1.286636e+01   9.263596e-02   8.309604e-01
         59000   5.882833e-01   6.996395e+01              2             57              2              9   1.297844e+01   1.182380e-01   8.453155e-01
         59500   6.238647e-01   7.095108e+01              1             57              2              8   1.323045e+01   1.156836e-01   8.508951e-01
         60000   5.888340e-01   7.192614e+01              2             58              2             10   1.311195e+01   1.191666e-01   8.380669e-01
         60500   5.732259e-01   7.290969e+01              2             57              2             11   1.314006e+01   1.381360e-01   8.438949e-01
         61000   5.469124e-01   4.461740e+01              1             57              2              8   1.311993e+01   1.454481e-01   8.341287e-01
         61500   5.770517e-01   7.479335e+01              2             54              1              9   1.338825e+01   1.363119e-01   8.556264e-01
         62000   5.540405e-01   4.659366e+01              1             56              2              9   1.343376e+01   1.314976e-01   8.617814e-01
         62500   5.771067e-01   7.666019e+01              2             57              2             11   1.301647e+01   1.238038e-01   8.393943e-01
         63000   5.775697e-01   4.851394e+01              2             57              2              9   1.313258e+01   1.189667e-01   8.536733e-01
         63500   5.803576e-01   4.948680e+01              2             56              0             10   1.336205e+01   1.309208e-01   8.586223e-01
         64000   5.463598e-01   5.042766e+01              2             56              2              8   1.355611e+01   1.292670e-01   8.640771e-01
         64500   5.849075e-01   8.052075e+01              2             57              2              9   1.305017e+01   1.233623e-01   8.282014e-01
         65000   6.006357e-01   8.151565e+01              2             55              1              7   1.300708e+01   1.167215e-01   8.384727e-01
         65500   5.918776e-01   8.250816e+01              2             55              1              8   1.326347e+01   1.288887e-01   8.684653e-01
         66000   5.824244e-01   8.348351e+01              1             55              1              7   1.301307e+01   1.040108e-01   8.343936e-01
         66500   6.097822e-01   8.447663e+01              2             56              1              8   1.313060e+01   1.151977e-01   8.520751e-01
         67000   6.083628e-01   8.546767e+01              1             55              1              7   1.332672e+01   1.140748e-01   8.733176e-01
         67500   6.347167e-01   1.110191e+02              1             54              1              7   1.293303e+01   1.044885e-01   8.569708e-01
         68000   6.401550e-01   1.119902e+02              2             55              2              9   1.291150e+01   8.942702e-02   8.543768e-01
         68500   6.275080e-01   1.129709e+02              1             54              1             10   1.323107e+01   1.071703e-01   8.711060e-01
         69000   6.253198e-01   1.139074e+02              2             54              1              9   1.339884e+01   1.423677e-01   8.867650e-01
         69500   6.087454e-01   9.005246e+01              1             55              1              6   1.327088e+01   1.229232e-01   8.494222e-01
         70000   6.516192e-01   1.226765e+02              2             55              0             10   1.327452e+01   1.319966e-01   8.512554e-01
         70500   6.785200e-01   1.236733e+02              1             55              0              9   1.339381e+01   1.403182e-01   8.489592e-01
         71000   6.662994e-01   1.246712e+02              2             56              0              8   1.321204e+01   1.373077e-01   8.702624e-01
         71500   6.761044e-01   1.256602e+02              1             54              0              9   1.372984e+01   1.330127e-01   8.869249e-01
         72000   6.818254e-01   1.266535e+02              2             52              0              9   1.351704e+01   1.250474e-01   8.582144e-01
         72500   6.806353e-01   1.276492e+02              1             55              0              8   1.338155e+01   1.582370e-01   8.485822e-01
         73000   6.846619e-01   1.121106e+02              1             52              0              8   1.366175e+01   1.178549e-01   8.532518e-01
         73500   6.862431e-01   1.130305e+02              1             54              0              7   1.343146e+01   1.353408e-01   8.542044e-01
         74000   6.837131e-01   1.306063e+02              1             52              0              5   1.337825e+01   1.151977e-01   8.602412e-01
         74500   7.176869e-01   1.148687e+02              1             53              1              6   1.395174e+01   1.328529e-01   8.798969e-01
         75000   7.871680e-01   4.742571e+01              2             49              1              8   1.389581e+01   1.665742e-01   8.720513e-01
         75500   7.792899e-01   4.841709e+01              2             49              1              5   1.386154e+01   1.498380e-01   8.778701e-01
         76000   7.859838e-01   4.939124e+01              1             49              1              5   1.396074e+01   1.697536e-01   8.643377e-01
         76500   7.609802e-01   8.523884e+01              1             51              0              6   1.398115e+01   1.676589e-01   8.824071e-01
         77000   7.786229e-01   8.619275e+01              1             53              0              5   1.391233e+01   1.764840e-01   8.612895e-01
         77500   7.667527e-01   8.716081e+01              1             49              0              7   1.379758e+01   1.557190e-01   8.645359e-01
         78000   7.587715e-01   8.813777e+01              2             53              1              6   1.380245e+01   1.592290e-01   8.734968e-01
         78500   7.866423e-01   5.422094e+01              1             53              0              5   1.376875e+01   1.618542e-01   8.546337e-01
         79000   8.084608e-01   5.520796e+01              1             49              1              5   1.383547e+01   1.667862e-01   8.825740e-01
         79500   7.745851e-01   9.093316e+01              2             52              0              5   1.380727e+01   1.763581e-01   8.857573e-01
         80000   7.782047e-01   5.715628e+01              2             48              0              6   1.396334e+01   1.770137e-01   8.843582e-01
         80500   7.627718e-01   5.809599e+01              1             52              1              6   1.391575e+01   1.521429e-01   8.787422e-01
         81000   7.825962e-01   5.908109e+01              1             47              0              8   1.391451e+01   1.396122e-01   8.717275e-01
         81500   8.001137e-01   6.005937e+01              1             49              0              6   1.389965e+01   1.605643e-01   8.903719e-01
         82000   8.095005e-01   6.104825e+01              1             48              1              7   1.372486e+01   1.717308e-01   8.805203e-01
         82500   8.201495e-01   3.392077e+01              1             48              0              4   1.370214e+01   1.631092e-01   8.802804e-01
         83000   8.289561e-01   6.299910e+01              1             48              0              6   1.382115e+01   1.551866e-01   8.777327e-01
         83500   8.483038e-01   3.582147e+01              1             48              0              6   1.376500e+01   1.613957e-01   8.919664e-01
         84000   8.087232e-01   6.489460e+01              2             48              0              6   1.376851e+01   1.553273e-01   8.761313e-01
         84500   8.416555e-01   3.776431e+01              1             48              0              4   1.416418e+01   1.606657e-01   9.074070e-01
         85000   8.759152e-01   3.875134e+01              2             45              0              5   1.397472e+01   1.713073e-01   8.922859e-01
         85500   8.676053e-01   3.974283e+01              2             48              0              4   1.390031e+01   1.598637e-01   8.906891e-01
         86000   8.599674e-01   4.073299e+01              1             40              0              6   1.385160e+01   1.536145e-01   8.866077e-01
         86500   8.341118e-01   4.172577e+01              1             43              0              5   1.385337e+01   1.812123e-01   8.916433e-01
         87000   8.519427e-01   4.271874e+01              1             43              0              4   1.382799e+01   1.839216e-01   8.852173e-01
         87500   8.347014e-01   7.122062e+01              1             42              0              6   1.410476e+01   1.830164e-01   9.062912e-01
         88000   8.686426e-01   4.468956e+01              1             40              0              6   1.389436e+01   1.850438e-01   8.914237e-01
         88500   8.335641e-01   4.567252e+01              1             42              0              4   1.409615e+01   1.911171e-01   8.962571e-01
         89000   8.375237e-01   4.665044e+01              1             42              1              4   1.397110e+01   1.959742e-01   9.027964e-01
         89500   8.422846e-01   7.497035e+01              1             40              0              5   1.392136e+01   2.015128e-01   8.859203e-01
         90000   8.453387e-01   4.859403e+01              1             41              0              5   1.362003e+01   1.996631e-01   8.878073e-01
         90500   8.495858e-01   4.959134e+01              1             44              0              5   1.367765e+01   1.912215e-01   8.877942e-01
         91000   8.460970e-01   5.058047e+01              1             44              0              5   1.351063e+01   1.903530e-01   8.857168e-01
         91500   8.198346e-01   7.869599e+01              2             48              0              6   1.369982e+01   2.049283e-01   8.935526e-01
         92000   8.441897e-01   5.251784e+01              1             44              0              5   1.366002e+01   2.041240e-01   8.843418e-01
         92500   8.462878e-01   5.350402e+01              1             42              0              4   1.382466e+01   2.042816e-01   8.856039e-01
         93000   8.441857e-01   5.448151e+01              1             47              0              4   1.385369e+01   1.844280e-01   8.794020e-01
         93500   8.509100e-01   5.546943e+01              2             45              0              5   1.369247e+01   2.108174e-01   8.851902e-01
         94000   8.176073e-01   8.344024e+01              1             47              0              7   1.390436e+01   2.044384e-01   9.023864e-01
         94500   8.474023e-01   5.741006e+01              1             42              0              6   1.363013e+01   1.777360e-01   8.810060e-01
         95000   8.491529e-01   5.839802e+01              1             43              0              6   1.378167e+01   1.970206e-01   9.004113e-01
         95500   8.295151e-01   5.938607e+01              1             43              0              5   1.351468e+01   1.854333e-01   8.841339e-01
         96000   8.350431e-01   6.036407e+01              1             46              0              6   1.364995e+01   1.866488e-01   8.906369e-01
         96500   8.141842e-01   8.818078e+01              2             48              0              5   1.357810e+01   1.639951e-01   8.757961e-01
         97000   8.401853e-01   6.227692e+01              1             45              0              6   1.368348e+01   1.789025e-01   8.908257e-01
         97500   8.393832e-01   6.327156e+01              1             45              0              6   1.400251e+01   1.963392e-01   9.010236e-01
         98000   8.271496e-01   6.425442e+01              1             41              0              6   1.399145e+01   1.746327e-01   8.948460e-01
         98500   8.425768e-01   6.521403e+01              1             42              0              6   1.373168e+01   1.622910e-01   8.707230e-01
         99000   8.576670e-01   6.620363e+01              1             39              0              6   1.397912e+01   1.808316e-01   8.930340e-01
         99500   8.664530e-01   6.719890e+01              1             42              0              5   1.393888e+01   1.814765e-01   8.901769e-01
        100000   8.310431e-01   6.818412e+01              1             45              0              5   1.347073e+01   1.638104e-01   8.768703e-01
        100500   8.617734e-01   6.916949e+01              1             41              0              6   1.377747e+01   1.721617e-01   8.872525e-01
        101000   8.476945e-01   7.016119e+01              1             41              0              5   1.408568e+01   1.988953e-01   8.931122e-01
        101500   9.204592e-01   4.665949e+01              1             40              0              4   1.383118e+01   1.792389e-01   8.853573e-01
        102000   8.749129e-01   4.762406e+01              1             40              0              6   1.396240e+01   1.824833e-01   8.853499e-01
        102500   8.794285e-01   7.300934e+01              1             42              0              5   1.385290e+01   1.507646e-01   8.702586e-01
        103000   8.714470e-01   7.400200e+01              1             40              0              4   1.399204e+01   1.904075e-01   8.907220e-01
        103500   8.692711e-01   7.499410e+01              1             40              0              6   1.398694e+01   1.669584e-01   8.703874e-01
        104000   8.729159e-01   7.597518e+01              1             38              0              4   1.398003e+01   1.952972e-01   9.019602e-01
        104500   8.804713e-01   7.693993e+01              1             40              0              5   1.415707e+01   1.853124e-01   8.930606e-01
        105000   8.621083e-01   7.790753e+01              1             41              0              5   1.372478e+01   2.064168e-01   8.861281e-01
        105500   8.663602e-01   7.890270e+01              1             39              0              5   1.408441e+01   2.351918e-01   8.882030e-01
        106000   8.318060e-01   7.988691e+01              1             42              0              5   1.378537e+01   2.312292e-01   8.911326e-01
        106500   8.820717e-01   5.580522e+01              1             40              0              4   1.376830e+01   2.126309e-01   8.750800e-01
        107000   8.833821e-01   5.676737e+01              1             40              0              5   1.388157e+01   2.192998e-01   8.875853e-01
        107500   8.893238e-01   5.776033e+01              1             40              0              5   1.378574e+01   2.183769e-01   9.098153e-01
        108000   9.190790e-01   5.875265e+01              1             42              0              5   1.360094e+01   2.247196e-01   8.972973e-01
        108500   9.067208e-01   5.973360e+01              1             42              0              5   1.394936e+01   2.067655e-01   9.127140e-01
        109000   9.092778e-01   6.071409e+01              1             40              0              5   1.382860e+01   1.854560e-01   8.932233e-01
        109500   8.790998e-01   6.166923e+01              1             42              0              5   1.367173e+01   1.878746e-01   9.028947e-01
        110000   9.019358e-01   6.262598e+01              1             40              0              5   1.353889e+01   1.823010e-01   9.046906e-01
        110500   9.138843e-01   6.361944e+01              1             42              0              4   1.325694e+01   1.883645e-01   9.158318e-01
        111000   9.132564e-01   6.461672e+01              1             44              0              5   1.297819e+01   1.880130e-01   8.900742e-01
        111500   9.354068e-01   6.557982e+01              2             43              0              5   1.303246e+01   1.953906e-01   9.090461e-01
        112000   9.591937e-01   4.256562e+01              1             39              0              2   1.308537e+01   1.947595e-01   9.155567e-01
        112500   9.900853e-01   2.386449e+01              1             38              0              3   1.299946e+01   2.150803e-01   8.977468e-01
        113000   9.481405e-01   4.453153e+01              1             39              0              4   1.326242e+01   2.110523e-01   9.148643e-01
        113500   9.387456e-01   6.902045e+01              1             42              0              5   1.313239e+01   2.021086e-01   9.193414e-01
        114000   9.486323e-01   4.650964e+01              1             41              0              5   1.282444e+01   1.930952e-01   8.807510e-01
        114500   9.256563e-01   7.080730e+01              1             40              0              5   1.323694e+01   1.879438e-01   8.930987e-01
        115000   9.252258e-01   4.843113e+01              1             40              0              4   1.308439e+01   2.053680e-01   9.029143e-01
        115500   8.979580e-01   7.276932e+01              1             42              0              5   1.330876e+01   1.761926e-01   8.907863e-01
        116000   9.084428e-01   7.375299e+01              1             41              0              4   1.358038e+01   1.976380e-01   9.017415e-01
        116500   9.527103e-01   5.115502e+01              1             37              0              4   1.324152e+01   2.282919e-01   9.085766e-01
        117000   8.990875e-01   7.565530e+01              1             41              0              5   1.322916e+01   1.943146e-01   8.738248e-01
        117500   9.288796e-01   7.664150e+01              1             42              0              4   1.302519e+01   2.117274e-01   8.769820e-01
        118000   9.215141e-01   7.761396e+01              1             43              0              6   1.280094e+01   2.288385e-01   8.883322e-01
        118500   9.234563e-01   5.488809e+01              2             41              0              4   1.304461e+01   2.124805e-01   8.942789e-01
        119000   9.230920e-01   5.581814e+01              1             41              0              6   1.296060e+01   1.874456e-01   8.920297e-01
        119500   9.033575e-01   8.053513e+01              1             40              0              4   1.304206e+01   1.947113e-01   8.854316e-01
        120000   9.474631e-01   5.761505e+01              1             40              0              4   1.279668e+01   2.132569e-01   9.010004e-01
        120500   9.596697e-01   5.861282e+01              1             37              0              4   1.290028e+01   2.050197e-01   8.869862e-01
        121000   8.920891e-01   8.334428e+01              1             40              0              6   1.291200e+01   2.184798e-01   8.761688e-01
        121500   9.378710e-01   6.044705e+01              1             36              0              4   1.304247e+01   2.165774e-01   9.026618e-01
        122000   9.245270e-01   6.138408e+01              1             36              0              3   1.307159e+01   1.888626e-01   8.958927e-01
        122500   9.017928e-01   8.628614e+01              1             40              0              6   1.329463e+01   1.890318e-01   9.037419e-01
        123000   8.646416e-01   1.070151e+02              1             38              0              5   1.313048e+01   1.879506e-01   8.970659e-01
        123500   8.547285e-01   1.080072e+02              1             39              0              4   1.348927e+01   1.747389e-01   9.101794e-01
        124000   8.554091e-01   1.089943e+02              1             41              0              4   1.352328e+01   1.766499e-01   9.031572e-01
        124500   8.531929e-01   1.099807e+02              1             39              0              5   1.341385e+01   1.775274e-01   8.957237e-01
        125000   8.442963e-01   1.263053e+02              1             42              0              5   1.331452e+01   1.544099e-01   8.977627e-01
        125500   8.522735e-01   1.119644e+02              1             41              0              3   1.342455e+01   1.624034e-01   8.904405e-01
        126000   8.313643e-01   1.129329e+02              2             45              0              3   1.336453e+01   1.620833e-01   8.983771e-01
        126500   8.478212e-01   1.138846e+02              1             38              0              2   1.334383e+01   1.691708e-01   8.950597e-01
        127000   8.378520e-01   1.148386e+02              2             44              0              5   1.312739e+01   1.709442e-01   8.895942e-01
        127500   8.480979e-01   1.158199e+02              1             44              0              4   1.317110e+01   1.810526e-01   8.997431e-01
        128000   8.434498e-01   1.167997e+02              1             45              0              4   1.322368e+01   1.594696e-01   8.814306e-01
        128500   8.529999e-01   1.177707e+02              1             44              0              3   1.351958e+01   1.846430e-01   9.037170e-01
        129000   8.985785e-01   9.700469e+01              1             45              0              3   1.378127e+01   2.038455e-01   9.039516e-01
        129500   8.998127e-01   9.799460e+01              2             39              0              4   1.367445e+01   2.245288e-01   8.962945e-01
        130000   9.335809e-01   9.897288e+01              2             42              0              4   1.351847e+01   2.200345e-01   9.002212e-01
        130500   9.055299e-01   9.995923e+01              1             45              0              6   1.353082e+01   1.995680e-01   9.059884e-01
        131000   9.106159e-01   1.009408e+02              1             40              0              4   1.349761e+01   1.870268e-01   8.972787e-01
        131500   9.529948e-01   7.402012e+01              1             39              0              3   1.348878e+01   1.974248e-01   8.984619e-01
        132000   9.496300e-01   7.501238e+01              0             38              0              1   1.339632e+01   2.079980e-01   9.078657e-01
        132500   9.210234e-01   7.598580e+01              1             39              0              5   1.323047e+01   2.109303e-01   8.965286e-01
        133000   9.333102e-01   7.693920e+01              2             41              0              5   1.307965e+01   2.067250e-01   9.051307e-01
        133500   9.423972e-01   7.792735e+01              1             35              0              1   1.309120e+01   2.066010e-01   8.964092e-01
        134000   9.913986e-01   4.976024e+01              0             29              0              2   1.297191e+01   2.171347e-01   9.092398e-01
        134500   9.836355e-01   7.981155e+01              1             39              0              2   1.296230e+01   1.915573e-01   8.898435e-01
        135000   9.796206e-01   5.172256e+01              1             36              0              3   1.290684e+01   1.826505e-01   8.931337e-01
        135500   9.886860e-01   5.270805e+01              0             35              0              2   1.312421e+01   1.580216e-01   8.834733e-01
        136000   9.971132e-01   5.369824e+01              0             35              0              1   1.334905e+01   1.753634e-01   8.912665e-01
        136500   1.003634e+00   5.469575e+01              0             30              0              1   1.362511e+01   1.682400e-01   8.997732e-01
        137000   1.044378e+00   3.131875e+01              0             34              0              0   1.293998e+01   1.931619e-01   8.882368e-01
        137500   1.027779e+00   5.662837e+01              0             35              0              1   1.318839e+01   1.974013e-01   8.896056e-01
        138000   1.072133e+00   3.328038e+01              0             29              0              1   1.316873e+01   2.115267e-01   8.985694e-01
        138500   1.082171e+00   3.427680e+01              0             28              0              3   1.303774e+01   1.999014e-01   9.073783e-01
        139000   1.071971e+00   3.524516e+01              0             33              0              0   1.320523e+01   2.151847e-01   8.905159e-01
        139500   1.086479e+00   3.620496e+01              0             33              0              2   1.306578e+01   2.063036e-01   8.752903e-01
        140000   1.099960e+00   2.029773e+01              0             34              0              0   1.279605e+01   2.238562e-01   8.808687e-01
        140500   1.133317e+00   2.128762e+01              0             29              0              0   1.309896e+01   2.293971e-01   8.905112e-01
        141000   1.133376e+00   2.227735e+01              0             29              0              0   1.302388e+01   2.213068e-01   8.783119e-01
        141500   1.107475e+00   2.326037e+01              0             31              0              1   1.309194e+01   2.222886e-01   8.685108e-01
        142000   1.117115e+00   2.425233e+01              0             27              0              0   1.336894e+01   2.389489e-01   9.013916e-01
        142500   1.109226e+00   2.524757e+01              0             27              0              0   1.329282e+01   2.453841e-01   8.837639e-01
        143000   1.158703e+00   1.529446e+01              0             27              0              0   1.328675e+01   2.396003e-01   8.841650e-01
        143500   1.157319e+00   1.628321e+01              1             26              0              0   1.347956e+01   2.269103e-01   9.047094e-01
        144000   1.150427e+00   2.804513e+01              0             24              0              0   1.347895e+01   2.151830e-01   8.782111e-01
        144500   1.126271e+00   2.903007e+01              1             27              0              1   1.346818e+01   2.409041e-01   9.043229e-01
        145000   1.119806e+00   3.002556e+01              0             30              0              0   1.337494e+01   2.536241e-01   8.995004e-01
        145500   1.097466e+00   3.100563e+01              1             30              0              0   1.314480e+01   2.362720e-01   8.789835e-01
        146000   1.093564e+00   3.198709e+01              2             37              0              1   1.340376e+01   2.370805e-01   8.970844e-01
        146500   1.096857e+00   3.297577e+01              1             36              0              0   1.336794e+01   2.269641e-01   8.852066e-01
        147000   1.077659e+00   4.897942e+01              2             36              0              1   1.298348e+01   2.205415e-01   8.830933e-01
        147500   1.074103e+00   4.995071e+01              3             37              0              0   1.306506e+01   2.453968e-01   8.850630e-01
        148000   1.098684e+00   3.587173e+01              2             35              0              1   1.333860e+01   2.324068e-01   8.793341e-01
        148500   1.105279e+00   3.685711e+01              1             33              0              1   1.327719e+01   2.279641e-01   8.940058e-01
        149000   1.132685e+00   3.784103e+01              1             31              0              0   1.329699e+01   2.389976e-01   8.967387e-01
        149500   1.119523e+00   3.881290e+01              0             28              0              0   1.300932e+01   2.189642e-01   8.724012e-01
        150000   1.097845e+00   5.434475e+01              1             25              0              0   1.321930e+01   2.242944e-01   8.866982e-01
        150500   1.193447e+00   2.824074e+01              1             29              0              0   1.290856e+01   2.134726e-01   8.670706e-01
        151000   1.215472e+00   1.825602e+01              0             24              0              0   1.298131e+01   1.930750e-01   8.737162e-01
        151500   1.256423e+00   1.064380e+01              0             19              0              0   1.295483e+01   1.998522e-01   8.645766e-01
        152000   1.293479e+00   5.897336e+00              0             15              0              0   1.292562e+01   1.982975e-01   8.469265e-01
        152500   1.250984e+00   1.261503e+01              0             20              0              0   1.331917e+01   2.042227e-01   8.781955e-01
        153000   1.316919e+00   7.664675e+00              0             13              0              0   1.315615e+01   2.154588e-01   8.645267e-01
        153500   1.313196e+00   8.654743e+00              0             17              0              0   1.343283e+01   2.243412e-01   8.653463e-01
        154000   1.315415e+00   9.618218e+00              0             18              0              0   1.335180e+01   2.047111e-01   8.899082e-01
        154500   1.311471e+00   1.061360e+01              0             17              0              0   1.318660e+01   1.814042e-01   8.761041e-01
        155000   1.334628e+00   1.160670e+01              0             16              0              0   1.355152e+01   2.191832e-01   9.116296e-01
        155500   1.346490e+00   8.239418e+00              0             17              0              0   1.357080e+01   2.127463e-01   9.076686e-01
        156000   1.359971e+00   9.229806e+00              0             14              0              0   1.364699e+01   2.330481e-01   9.181488e-01
        156500   1.336691e+00   1.445962e+01              0             15              0              0   1.354043e+01   2.186518e-01   9.078586e-01
        157000   1.359462e+00   1.118899e+01              0             13              0              0   1.338918e+01   2.409530e-01   9.125257e-01
        157500   1.366440e+00   1.216846e+01              0             13              0              0   1.324804e+01   2.134163e-01   9.010609e-01
        158000   1.390821e+00   8.929103e+00              0             15              0              0   1.346722e+01   2.082971e-01   8.932385e-01
        158500   1.378070e+00   1.412534e+01              0             12              0              0   1.337477e+01   2.177303e-01   9.088861e-01
        159000   1.378616e+00   1.511302e+01              0             13              0              0   1.328069e+01   2.347195e-01   9.087830e-01
        159500   1.390369e+00   1.610381e+01              0             14              0              0   1.365782e+01   2.520616e-01   9.123975e-01
        160000   1.378713e+00   1.707706e+01              0             12              0              0   1.328385e+01   2.237506e-01   8.984690e-01
        160500   1.415394e+00   1.361360e+01              0             17              0              0   1.342011e+01   2.035371e-01   8.977506e-01
        161000   1.373268e+00   1.898368e+01              0             13              0              0   1.333476e+01   2.301062e-01   8.985221e-01
        161500   1.349264e+00   1.997719e+01              0             18              0              0   1.354673e+01   2.482613e-01   9.093632e-01
        162000   1.403922e+00   1.632673e+01              0             11              0              0   1.331977e+01   2.222529e-01   8.889894e-01
        162500   1.405937e+00   1.731577e+01              0             15              0              0   1.343098e+01   2.411786e-01   8.978729e-01
        163000   1.348439e+00   2.517586e+01              0             16              0              0   1.336567e+01   2.287782e-01   9.040697e-01
        163500   1.340422e+00   2.616456e+01              0             14              0              0   1.338468e+01   2.433099e-01   9.019120e-01
        164000   1.373559e+00   2.478430e+01              0             16              0              0   1.297272e+01   2.331088e-01   8.818712e-01
        164500   1.340738e+00   2.799637e+01              0             13              0              0   1.311304e+01   2.373154e-01   8.843076e-01
        165000   1.313318e+00   2.897784e+01              0             19              0              0   1.344143e+01   2.529378e-01   8.991255e-01
        165500   1.326935e+00   2.994223e+01              0             17              0              0   1.313918e+01   2.357667e-01   8.983233e-01
        166000   1.360960e+00   2.852158e+01              0             13              0              0   1.305979e+01   2.332329e-01   8.976862e-01
        166500   1.328964e+00   3.187309e+01              0             19              0              0   1.323698e+01   2.491058e-01   9.075382e-01
        167000   1.321653e+00   3.285591e+01              0             16              0              0   1.327220e+01   2.234602e-01   8.827689e-01
        167500   1.320830e+00   3.385235e+01              0             19              0              0   1.311570e+01   2.018920e-01   8.843096e-01
        168000   1.284532e+00   3.454904e+01              0             17              0              0   1.286664e+01   1.885181e-01   8.741067e-01
        168500   1.301070e+00   3.552081e+01              0             18              0              0   1.291536e+01   1.931916e-01   8.769191e-01
        169000   1.246858e+00   3.637677e+01              0             19              0              0   1.279837e+01   1.898280e-01   8.694510e-01
        169500   1.251455e+00   3.744717e+01              0             14              0              0   1.325662e+01   1.729522e-01   8.823414e-01
        170000   1.242496e+00   3.833292e+01              0             18              0              0   1.322367e+01   1.977276e-01   9.114944e-01
        170500   1.292338e+00   3.937927e+01              0             15              0              0   1.359242e+01   1.939046e-01   9.103817e-01
        171000   1.303637e+00   3.983083e+01              0             18              0              0   1.345815e+01   2.079699e-01   9.101564e-01
        171500   1.294383e+00   4.133867e+01              0             14              0              0   1.324340e+01   1.836955e-01   9.033598e-01
        172000   1.281133e+00   4.232162e+01              0             13              0              0   1.321975e+01   2.035995e-01   9.084054e-01
        172500   1.225112e+00   4.258147e+01              0             23              0              0   1.326638e+01   1.856550e-01   8.930852e-01
        173000   1.244087e+00   4.356954e+01              0             20              0              0   1.317219e+01   2.002952e-01   8.929731e-01
        173500   1.262125e+00   4.514138e+01              0             23              0              0   1.314665e+01   1.946749e-01   8.941228e-01
        174000   1.299071e+00   4.613190e+01              0             18              0              0   1.333395e+01   2.089367e-01   9.062096e-01
        174500   1.288240e+00   4.709575e+01              0             19              0              0   1.328948e+01   2.138083e-01   8.902335e-01
        175000   1.321782e+00   4.673777e+01              0             16              0              0   1.360696e+01   2.080010e-01   8.993413e-01
        175500   1.330058e+00   4.772586e+01              0             13              0              0   1.362654e+01   2.213137e-01   9.106353e-01
        176000   1.364083e+00   4.220406e+01              0             14              0              0   1.368147e+01   2.120679e-01   9.093926e-01
        176500   1.420108e+00   3.192516e+01              0             12              0              0   1.376755e+01   2.207108e-01   9.280062e-01
        177000   1.423400e+00   3.291971e+01              0             14              0              0   1.363236e+01   2.091405e-01   9.117121e-01
        177500   1.406185e+00   3.390874e+01              0             12              0              0   1.351504e+01   2.125169e-01   9.099144e-01
        178000   1.393443e+00   3.490338e+01              0             13              0              0   1.361651e+01   1.950924e-01   8.992578e-01
        178500   1.366782e+00   4.675520e+01              0             14              0              0   1.367259e+01   2.081556e-01   9.047590e-01
        179000   1.381843e+00   4.774893e+01              0             15              0              0   1.378364e+01   2.101252e-01   8.989058e-01
        179500   1.432416e+00   3.764980e+01              0             10              0              0   1.338165e+01   1.869468e-01   8.854889e-01
        180000   1.426715e+00   3.861896e+01              0             10              0              0   1.343215e+01   1.785001e-01   8.898270e-01
        180500   1.446779e+00   2.617049e+01              0             11              0              0   1.364496e+01   1.913661e-01   8.862290e-01
        181000   1.452832e+00   2.712463e+01              0             11              0              0   1.390642e+01   1.953263e-01   8.964689e-01
        181500   1.479916e+00   2.812182e+01              0              9              0              0   1.354329e+01   2.152726e-01   9.093554e-01
        182000   1.522564e+00   1.693148e+01              0              9              0              0   1.328788e+01   2.126436e-01   8.880851e-01
        182500   1.536612e+00   1.791809e+01              0             10              0              0   1.354928e+01   2.143585e-01   9.041130e-01
        183000   1.513720e+00   1.890386e+01              0              7              0              0   1.354606e+01   2.171170e-01   8.899800e-01
        183500   1.534872e+00   1.986757e+01              0              6              0              0   1.356952e+01   2.296341e-01   9.029362e-01
        184000   1.518432e+00   2.084299e+01              0              8              0              0   1.354863e+01   2.168998e-01   8.863482e-01
        184500   1.547889e+00   1.292144e+01              0              7              0              0   1.347534e+01   1.994637e-01   8.836978e-01
        185000   1.560148e+00   1.391833e+01              0              6              0              0   1.352615e+01   1.966430e-01   8.904311e-01
        185500   1.571468e+00   1.491154e+01              0              4              0              0   1.312368e+01   1.984123e-01   8.708456e-01
        186000   1.571422e+00   1.590373e+01              0              5              0              0   1.343092e+01   2.011900e-01   8.834490e-01
        186500   1.550769e+00   1.689637e+01              0              6              0              0   1.335178e+01   2.148716e-01   9.028034e-01
        187000   1.557704e+00   1.788419e+01              0              3              0              0   1.365150e+01   2.219792e-01   8.893904e-01
        187500   1.563272e+00   1.888195e+01              0              6              0              1   1.332974e+01   2.147753e-01   8.902520e-01
        188000   1.576726e+00   1.986782e+01              0              6              0              0   1.346590e+01   2.058030e-01   8.855355e-01
        188500   1.567404e+00   2.085940e+01              0              6              0              0   1.398529e+01   2.215884e-01   8.978907e-01
        189000   1.598428e+00   2.183358e+01              0              4              0              0   1.344539e+01   2.374764e-01   8.769721e-01
        189500   1.617555e+00   1.557123e+01              0              3              0              0   1.366428e+01   2.277324e-01   8.735487e-01
        190000   1.641939e+00   1.656459e+01              0              4              0              0   1.327390e+01   2.477856e-01   8.841256e-01
        190500   1.654578e+00   1.109173e+01              0              8              0              0   1.312070e+01   2.367489e-01   8.737410e-01
        191000   1.700178e+00   1.207728e+01              0              7              0              0   1.304391e+01   2.703522e-01   8.818821e-01
        191500   1.713588e+00   7.854440e+00              0              8              0              0   1.318525e+01   2.427951e-01   8.802618e-01
        192000   1.710164e+00   8.852207e+00              0              7              0              0   1.322604e+01   2.467368e-01   8.835306e-01
        192500   1.682177e+00   1.484869e+01              0              8              0              0   1.316872e+01   2.508374e-01   8.584092e-01
        193000   1.654922e+00   1.584078e+01              0              8              0              0   1.332974e+01   2.370555e-01   8.848985e-01
        193500   1.684112e+00   1.682817e+01              0              8              0              0   1.346015e+01   2.758310e-01   8.685855e-01
        194000   1.667447e+00   1.781851e+01              0             10              0              0   1.330110e+01   2.850477e-01   8.737411e-01
        194500   1.702915e+00   1.879433e+01              0              8              0              0   1.363639e+01   2.870657e-01   8.673250e-01
        195000   1.716309e+00   1.438407e+01              0              7              0              0   1.349822e+01   3.031844e-01   8.645830e-01
        195500   1.789270e+00   5.697482e+00              0              5              0              0   1.376962e+01   2.978481e-01   8.930630e-01
        196000   1.805437e+00   6.661414e+00              0              6              0              0   1.359780e+01   3.163455e-01   8.840441e-01
        196500   1.800526e+00   7.637215e+00              0              3              0              0   1.364198e+01   3.160225e-01   8.881504e-01
        197000   1.827956e+00   8.622800e+00              0              7              0              0   1.353989e+01   3.236788e-01   9.004273e-01
        197500   1.852778e+00   6.060679e+00              0              5              0              0   1.356868e+01   3.270511e-01   8.752144e-01
        198000   1.826968e+00   1.051943e+01              0              8              0              0   1.351219e+01   3.146892e-01   8.823965e-01
        198500   1.831042e+00   1.151562e+01              0              8              0              0   1.368746e+01   3.043522e-01   8.994663e-01
        199000   1.806604e+00   1.250927e+01              0             10              0              0   1.366504e+01   2.990374e-01   8.854951e-01
        199500   1.803476e+00   1.348617e+01              0             11              0              1   1.378581e+01   2.895918e-01   8.943614e-01
        200000   1.849245e+00   1.052117e+01              0              6              0              0   1.374227e+01   2.935914e-01   8.757778e-01
        200500   1.833874e+00   1.544613e+01              0              8              0              0   1.366494e+01   2.893689e-01   8.834541e-01
        201000   1.855145e+00   1.641547e+01              0              6              0              0   1.404730e+01   3.076360e-01   9.085421e-01
        201500   1.876508e+00   1.337730e+01              0              7              0              0   1.353304e+01   3.109595e-01   8.993881e-01
        202000   1.916339e+00   9.727684e+00              0              6              0              0   1.359458e+01   3.107058e-01   9.192815e-01
        202500   1.939544e+00   1.072132e+01              0              6              0              0   1.369110e+01   3.177700e-01   9.118421e-01
        203000   1.959098e+00   7.373904e+00              0              8              0              0   1.358403e+01   3.405600e-01   9.228955e-01
        203500   1.969116e+00   8.371857e+00              0              8              0              0   1.348049e+01   3.288617e-01   8.899427e-01
        204000   1.934636e+00   1.350083e+01              0              9              0              0   1.352913e+01   3.346124e-01   8.883644e-01
        204500   1.996217e+00   1.030568e+01              0              6              0              0   1.346868e+01   3.306251e-01   8.967698e-01
        205000   2.042796e+00   4.357263e+00              0              7              0              0   1.343249e+01   3.249168e-01   8.882622e-01
        205500   1.949770e+00   1.570540e+01              0              7              0              0   1.356247e+01   3.277505e-01   8.729888e-01
        206000   1.979436e+00   1.303950e+01              0              7              0              0   1.352255e+01   3.321623e-01   8.602335e-01
        206500   1.977539e+00   1.402771e+01              0              6              0              0   1.345856e+01   3.266961e-01   8.815510e-01
        207000   1.985591e+00   1.501575e+01              0              6              0              0   1.345135e+01   3.140302e-01   8.661507e-01
        207500   2.039407e+00   1.199575e+01              0              6              0              0   1.368331e+01   3.114159e-01   8.887537e-01
        208000   2.092217e+00   8.795143e+00              0              7              0              0   1.381168e+01   3.231337e-01   8.938465e-01
        208500   2.113061e+00   6.125859e+00              0              5              0              0   1.387031e+01   3.210384e-01   8.899827e-01
        209000   2.153647e+00   4.213461e+00              0              4              0              0   1.374233e+01   3.224362e-01   8.910976e-01
        209500   2.182851e+00   5.204492e+00              0              3              0              0   1.351023e+01   3.080046e-01   8.518449e-01
        210000   2.193220e+00   6.195496e+00              0              4              0              0   1.360364e+01   2.832242e-01   8.631920e-01
        210500   2.198279e+00   7.182624e+00              0              6              0              0   1.353636e+01   3.038546e-01   8.533174e-01
        211000   2.159070e+00   8.164877e+00              0              4              0              0   1.379285e+01   2.985761e-01   8.763420e-01
        211500   2.137237e+00   1.141494e+01              0              4              0              0   1.349927e+01   2.864255e-01   8.663986e-01
        212000   2.191678e+00   1.010825e+01              0              4              0              0   1.361096e+01   2.743182e-01   8.852511e-01
        212500   2.179827e+00   1.107149e+01              0              5              0              0   1.363974e+01   2.646077e-01   8.818699e-01
        213000   2.180725e+00   1.205801e+01              0              2              0              0   1.370060e+01   2.828306e-01   8.750798e-01
        213500   2.204672e+00   1.023985e+01              0              3              0              0   1.387211e+01   3.021660e-01   9.025489e-01
        214000   2.218238e+00   1.123749e+01              0              3              0              0   1.361288e+01   2.897877e-01   9.054412e-01
        214500   2.261085e+00   8.523994e+00              0              4              0              0   1.335471e+01   2.610563e-01   8.820840e-01
        215000   2.244277e+00   1.313184e+01              0              3              0              0   1.349332e+01   2.644161e-01   8.875448e-01
        215500   2.225864e+00   1.412764e+01              0              4              0              0   1.386095e+01   2.563605e-01   8.915606e-01
        216000   2.317195e+00   7.154756e+00              0              4              0              0   1.370963e+01   2.611070e-01   8.876051e-01
        216500   2.371808e+00   4.671335e+00              0              2              0              0   1.367445e+01   2.514936e-01   8.742121e-01
        217000   2.352684e+00   5.661859e+00              0              2              0              0   1.384948e+01   2.564776e-01   8.684178e-01
        217500   2.361682e+00   6.592643e+00              0              1              0              0   1.387872e+01   2.637834e-01   8.824362e-01
        218000   2.407985e+00   4.802127e+00              0              0              0              0   1.381675e+01   2.369041e-01   8.790012e-01
        218500   2.341513e+00   1.165751e+01              0              1              0              0   1.346016e+01   2.011302e-01   8.365797e-01
        219000   2.333234e+00   1.264807e+01              0              2              0              0   1.369416e+01   2.143930e-01   8.925180e-01
        219500   2.370764e+00   1.043036e+01              0              2              0              0   1.362494e+01   2.079860e-01   8.806033e-01
        220000   2.397470e+00   8.035978e+00              0              3              0              0   1.343805e+01   2.104079e-01   8.599810e-01
        220500   2.424875e+00   9.021875e+00              0              4              0              0   1.371303e+01   2.418069e-01   8.669611e-01
        221000   2.425245e+00   1.001819e+01              0              2              0              0   1.367340e+01   2.389793e-01   8.705300e-01
        221500   2.484728e+00   7.514494e+00              0              2              0              0   1.400686e+01   2.301136e-01   8.707894e-01
        222000   2.525329e+00   5.344751e+00              0              1              0              0   1.366393e+01   2.149437e-01   8.845965e-01
        222500   2.490717e+00   6.296983e+00              0              1              0              0   1.387569e+01   2.435368e-01   9.042207e-01
        223000   2.476917e+00   1.040490e+01              0              1              0              0   1.391993e+01   2.436343e-01   9.005779e-01
        223500   2.452885e+00   1.139575e+01              0              2              0              0   1.385785e+01   2.377871e-01   9.040969e-01
        224000   2.438092e+00   1.236440e+01              0              3              0              0   1.367986e+01   2.476784e-01   9.076473e-01
        224500   2.433065e+00   1.608095e+01              0              4              0              0   1.393965e+01   2.256777e-01   9.184999e-01
        225000   2.428097e+00   1.706883e+01              0              2              0              0   1.375568e+01   2.228935e-01   8.980007e-01
        225500   2.412201e+00   1.805459e+01              0              3              0              0   1.383279e+01   2.334353e-01   8.983147e-01
        226000   2.447730e+00   1.583682e+01              0              5              0              0   1.393177e+01   2.457651e-01   9.203705e-01
        226500   2.431080e+00   1.992315e+01              0              2              0              0   1.391069e+01   2.484965e-01   9.000554e-01
        227000   2.489144e+00   1.779074e+01              0              4              0              0   1.383557e+01   2.514006e-01   9.001940e-01
        227500   2.468738e+00   1.878757e+01              0              3              0              0   1.359983e+01   2.555203e-01   9.023178e-01
        228000   2.451823e+00   1.978067e+01              0              4              0              0   1.344220e+01   2.577263e-01   8.966577e-01
        228500   2.438244e+00   2.350118e+01              0              2              0              0   1.331365e+01   2.631983e-01   8.824348e-01
        229000   2.477649e+00   2.169379e+01              0              2              0              0   1.358984e+01   2.642829e-01   8.929171e-01
        229500   2.542258e+00   1.079493e+01              0              3              0              0   1.347069e+01   2.585798e-01   8.993115e-01
        230000   2.555534e+00   1.178068e+01              0              2              0              0   1.364279e+01   2.680034e-01   8.939160e-01
        230500   2.575256e+00   1.277325e+01              0              2              0              0   1.363220e+01   2.875932e-01   9.000785e-01
        231000   2.557603e+00   1.377012e+01              0              2              0              0   1.335129e+01   2.879575e-01   9.171005e-01
        231500   2.562283e+00   1.474929e+01              0              2              0              0   1.347574e+01   3.045875e-01   9.000665e-01
        232000   2.573786e+00   1.574158e+01              0              1              0              0   1.339387e+01   2.738713e-01   8.930378e-01
        232500   2.587883e+00   1.673401e+01              0              4              0              0   1.380773e+01   3.034582e-01   9.014259e-01
