          step              r      E_metad_r      n_cont_CA   n_cont_heavy       n_saltbr        n_hbond           SASA           RMSD             Rg 
             0   6.420666e-01   0.000000e+00              1             50              1              8   1.306298e+01   0.000000e+00   8.332359e-01
           500   6.673795e-01   9.912070e-01              2             49              0             10   1.314582e+01   7.236585e-02   8.428434e-01
          1000   7.051070e-01   1.796917e+00              2             49              1              9   1.346872e+01   7.575547e-02   8.604347e-01
          1500   7.334113e-01   2.775058e+00              1             48              0              8   1.337056e+01   7.656808e-02   8.646552e-01
          2000   7.052862e-01   3.769392e+00              1             50              0              7   1.346371e+01   8.651087e-02   8.549968e-01
          2500   7.102660e-01   4.755807e+00              2             51              1              9   1.335866e+01   1.159997e-01   8.770460e-01
          3000   7.055802e-01   5.657145e+00              1             48              0              7   1.314680e+01   1.012435e-01   8.532410e-01
          3500   7.030440e-01   6.719132e+00              1             50              0              8   1.298437e+01   1.046140e-01   8.635514e-01
          4000   6.807398e-01   7.585855e+00              1             51              1              5   1.319954e+01   1.243106e-01   8.708900e-01
          4500   6.864380e-01   8.562738e+00              1             50              0              6   1.303593e+01   1.202942e-01   8.556323e-01
          5000   6.875056e-01   9.555772e+00              1             50              0              8   1.314001e+01   1.235161e-01   8.541272e-01
          5500   6.524927e-01   1.054670e+01              2             51              1              9   1.285571e+01   1.308387e-01   8.471468e-01
          6000   6.815430e-01   1.152407e+01              1             49              0              5   1.320976e+01   1.035526e-01   8.663894e-01
          6500   6.593473e-01   1.251607e+01              2             50              1              7   1.299478e+01   1.252356e-01   8.564412e-01
          7000   6.669957e-01   1.351112e+01              2             52              0             10   1.320236e+01   1.388741e-01   8.774877e-01
          7500   6.681492e-01   1.450459e+01              1             49              1              8   1.314289e+01   1.420019e-01   8.627223e-01
          8000   6.460849e-01   1.307361e+01              2             49              0              8   1.325442e+01   1.230497e-01   8.514723e-01
          8500   6.591344e-01   1.645730e+01              1             51              1             10   1.324696e+01   1.275229e-01   8.602350e-01
          9000   6.641390e-01   1.745018e+01              1             51              1              6   1.313559e+01   1.164068e-01   8.391009e-01
          9500   6.792651e-01   1.844229e+01              1             50              1              8   1.301319e+01   1.314247e-01   8.533450e-01
         10000   6.496364e-01   1.672573e+01              1             50              1              8   1.319303e+01   1.258467e-01   8.632486e-01
         10500   6.704797e-01   2.038264e+01              2             50              0              9   1.312547e+01   1.246798e-01   8.610651e-01
         11000   6.623600e-01   2.138037e+01              2             49              0              8   1.325536e+01   1.362461e-01   8.728384e-01
         11500   6.584333e-01   1.951238e+01              1             49              1              9   1.325728e+01   1.418407e-01   8.666256e-01
         12000   6.826145e-01   2.334639e+01              1             49              0              9   1.318184e+01   1.306996e-01   8.652729e-01
         12500   6.559929e-01   2.433602e+01              2             50              0             10   1.322000e+01   1.570433e-01   8.714096e-01
         13000   6.751309e-01   2.532121e+01              1             50              0              9   1.302186e+01   1.626899e-01   8.473609e-01
         13500   6.804650e-01   2.630775e+01              2             50              1              9   1.321006e+01   1.421399e-01   8.587049e-01
         14000   6.779476e-01   2.730090e+01              1             50              0              9   1.322425e+01   1.420952e-01   8.667630e-01
         14500   6.803770e-01   2.829134e+01              2             50              1              8   1.335328e+01   1.223932e-01   8.611572e-01
         15000   6.934411e-01   2.928732e+01              1             50              0              7   1.343234e+01   1.182736e-01   8.661576e-01
         15500   6.603214e-01   2.647699e+01              1             50              0              7   1.341533e+01   1.206711e-01   8.602836e-01
         16000   6.571011e-01   2.735333e+01              1             49              0              7   1.333243e+01   1.503491e-01   8.680849e-01
         16500   6.715515e-01   3.223812e+01              1             50              0              6   1.320081e+01   1.463379e-01   8.537960e-01
         17000   6.708019e-01   3.323356e+01              2             50              0              7   1.311170e+01   1.451141e-01   8.517048e-01
         17500   6.658569e-01   3.421694e+01              2             51              0              9   1.326222e+01   1.389132e-01   8.615102e-01
         18000   6.571326e-01   3.517871e+01              1             50              0              7   1.291603e+01   1.539281e-01   8.511482e-01
         18500   6.514954e-01   3.615995e+01              1             49              0              7   1.299799e+01   1.467066e-01   8.544244e-01
         19000   6.466688e-01   3.288043e+01              1             50              0              8   1.297554e+01   1.473123e-01   8.496826e-01
         19500   6.493679e-01   3.385260e+01              2             49              1              6   1.301843e+01   1.541982e-01   8.504434e-01
         20000   6.436764e-01   3.482692e+01              2             49              0              7   1.300114e+01   1.293779e-01   8.488185e-01
         20500   6.134215e-01   3.581685e+01              2             51              0              7   1.299429e+01   1.467465e-01   8.507585e-01
         21000   6.240904e-01   3.681311e+01              1             52              0              7   1.309380e+01   1.478223e-01   8.478448e-01
         21500   6.515794e-01   3.779879e+01              1             52              1              8   1.302018e+01   1.503499e-01   8.393230e-01
         22000   6.347492e-01   3.878436e+01              1             50              1              4   1.318255e+01   1.621104e-01   8.449722e-01
         22500   6.128199e-01   3.976162e+01              1             51              1              4   1.332447e+01   1.580699e-01   8.313743e-01
         23000   6.253479e-01   4.075036e+01              2             51              1              8   1.297854e+01   1.661783e-01   8.267786e-01
         23500   5.854477e-01   3.080671e+01              1             51              1             10   1.313727e+01   1.665360e-01   8.232596e-01
         24000   6.388006e-01   4.266732e+01              1             52              0              8   1.305685e+01   1.750321e-01   8.237168e-01
         24500   6.246096e-01   3.257638e+01              1             50              0              9   1.336155e+01   1.713312e-01   8.395058e-01
         25000   6.357347e-01   4.463958e+01              1             50              0              9   1.331224e+01   1.764238e-01   8.379262e-01
         25500   6.382991e-01   4.563549e+01              1             51              0              6   1.325039e+01   1.930408e-01   8.215191e-01
         26000   6.449700e-01   4.662568e+01              1             48              0              7   1.310829e+01   2.023941e-01   8.146952e-01
         26500   6.649802e-01   5.027365e+01              1             46              0              9   1.368169e+01   2.011897e-01   8.263836e-01
         27000   6.297355e-01   4.852769e+01              2             49              0              8   1.312944e+01   1.715163e-01   8.154267e-01
         27500   6.139809e-01   4.951399e+01              1             50              0              9   1.336933e+01   1.933609e-01   8.207140e-01
         28000   6.468037e-01   5.051024e+01              2             48              1              9   1.348499e+01   1.934170e-01   8.185571e-01
         28500   6.275642e-01   5.149913e+01              2             51              1             10   1.337586e+01   1.998999e-01   8.242776e-01
         29000   6.335304e-01   5.249638e+01              2             51              1              6   1.359525e+01   1.973296e-01   8.207272e-01
         29500   6.354355e-01   5.348950e+01              1             48              1              6   1.361862e+01   2.026668e-01   8.130134e-01
         30000   6.559880e-01   5.447060e+01              1             49              1              7   1.356880e+01   2.051045e-01   8.217255e-01
         30500   6.415625e-01   5.543963e+01              2             48              0              8   1.330568e+01   1.748894e-01   8.174624e-01
         31000   6.367194e-01   5.642526e+01              1             48              0              6   1.331374e+01   1.833293e-01   8.157646e-01
         31500   6.362823e-01   5.741966e+01              1             48              0              8   1.358068e+01   2.264876e-01   8.183979e-01
         32000   6.375204e-01   5.840666e+01              2             49              1              5   1.361989e+01   2.334683e-01   8.204536e-01
         32500   6.294401e-01   5.940428e+01              1             49              0              8   1.350898e+01   2.279711e-01   7.959720e-01
         33000   6.139722e-01   6.039293e+01              1             50              0              6   1.323423e+01   1.981706e-01   7.945866e-01
         33500   6.261685e-01   6.138723e+01              2             51              0              8   1.354514e+01   2.070366e-01   8.086473e-01
         34000   6.454678e-01   6.363074e+01              1             48              0              7   1.323140e+01   1.840122e-01   8.037029e-01
         34500   6.233285e-01   6.336292e+01              1             49              0              9   1.310241e+01   1.868452e-01   8.116018e-01
         35000   6.184216e-01   6.435697e+01              1             52              0             10   1.322524e+01   2.043712e-01   8.144941e-01
         35500   5.916114e-01   5.149656e+01              1             51              0              7   1.310556e+01   1.963215e-01   8.187208e-01
         36000   5.941985e-01   5.247912e+01              1             54              1              8   1.287380e+01   1.872606e-01   8.195036e-01
         36500   6.070052e-01   5.345650e+01              1             54              0              9   1.312141e+01   1.942763e-01   8.170469e-01
         37000   5.896380e-01   5.443437e+01              1             54              0              7   1.301210e+01   1.858111e-01   8.137424e-01
         37500   6.134700e-01   6.903864e+01              1             51              0              5   1.331151e+01   1.817034e-01   8.250313e-01
         38000   6.081414e-01   5.636225e+01              2             52              0              9   1.324292e+01   1.665679e-01   8.151335e-01
         38500   6.345832e-01   7.099701e+01              1             50              1              8   1.324691e+01   1.487070e-01   8.158228e-01
         39000   6.158702e-01   7.197537e+01              2             51              0              8   1.289813e+01   1.516519e-01   8.041553e-01
         39500   5.979169e-01   5.917507e+01              2             48              0              7   1.304003e+01   1.350370e-01   8.102706e-01
         40000   6.419912e-01   7.385618e+01              2             51              0              6   1.322136e+01   1.272373e-01   8.257567e-01
         40500   5.873069e-01   6.103147e+01              1             52              1              6   1.329615e+01   1.529758e-01   8.259596e-01
         41000   5.962376e-01   6.202770e+01              1             51              0              7   1.310823e+01   1.519378e-01   8.121178e-01
         41500   5.892639e-01   6.302322e+01              1             50              0              8   1.284837e+01   1.652424e-01   8.026947e-01
         42000   5.957056e-01   7.742292e+01              1             53              0              9   1.311964e+01   1.719254e-01   8.080604e-01
         42500   6.004945e-01   6.499989e+01              1             54              0              8   1.302296e+01   1.702311e-01   7.950658e-01
         43000   6.005670e-01   6.598349e+01              2             53              0              9   1.322468e+01   1.749888e-01   8.206171e-01
         43500   5.988874e-01   6.696396e+01              1             53              0              8   1.330005e+01   1.816536e-01   8.215168e-01
         44000   6.207784e-01   8.113395e+01              2             52              0              9   1.336264e+01   1.681503e-01   8.214194e-01
         44500   6.361633e-01   8.213096e+01              1             45              0              7   1.325343e+01   1.572146e-01   8.172766e-01
         45000   6.294817e-01   8.312963e+01              1             51              0              7   1.343824e+01   1.837486e-01   8.127727e-01
         45500   6.268122e-01   8.412453e+01              1             51              0              8   1.325773e+01   1.559341e-01   8.285236e-01
         46000   6.415066e-01   8.511672e+01              1             48              0              7   1.335632e+01   1.553607e-01   8.263733e-01
         46500   6.225767e-01   8.611156e+01              1             45              0              9   1.334985e+01   1.623655e-01   8.219066e-01
         47000   6.002041e-01   7.323756e+01              1             48              0              7   1.344195e+01   1.680596e-01   8.147175e-01
         47500   5.816087e-01   7.423258e+01              2             53              0              8   1.361086e+01   1.693021e-01   8.209381e-01
         48000   5.951239e-01   7.521577e+01              2             47              0              7   1.324992e+01   1.659578e-01   7.999472e-01
         48500   6.044464e-01   7.621227e+01              1             47              0              7   1.344473e+01   1.473608e-01   8.264773e-01
         49000   5.889738e-01   7.720269e+01              1             51              0              8   1.334747e+01   1.678386e-01   8.141953e-01
         49500   5.949615e-01   7.819050e+01              2             49              0              8   1.319903e+01   1.917608e-01   8.012640e-01
         50000   5.786016e-01   7.917923e+01              2             49              0              8   1.298269e+01   1.884824e-01   7.857904e-01
         50500   5.745246e-01   5.559937e+01              1             53              1              8   1.292997e+01   1.764380e-01   7.933619e-01
         51000   5.709304e-01   5.655363e+01              1             51              0              5   1.287794e+01   1.919511e-01   7.787276e-01
         51500   5.865041e-01   8.212208e+01              1             49              0              8   1.326347e+01   2.193471e-01   7.776241e-01
         52000   6.047460e-01   8.311669e+01              1             47              0              8   1.284493e+01   1.994053e-01   7.727035e-01
         52500   5.825473e-01   8.411345e+01              1             50              0              7   1.282165e+01   2.131017e-01   7.720551e-01
         53000   5.866739e-01   8.510839e+01              1             49              0              7   1.292547e+01   1.887717e-01   7.854873e-01
         53500   6.002378e-01   8.610151e+01              2             47              0              6   1.292026e+01   1.845233e-01   7.932253e-01
         54000   5.901256e-01   8.709474e+01              1             52              0              5   1.284720e+01   1.816815e-01   7.914212e-01
         54500   6.131488e-01   1.001454e+02              1             51              0             10   1.292646e+01   1.858988e-01   7.919661e-01
         55000   6.033897e-01   8.904737e+01              2             50              0             10   1.299344e+01   1.725466e-01   8.027294e-01
         55500   6.329876e-01   1.020382e+02              1             48              0              9   1.324795e+01   1.726867e-01   8.081884e-01
         56000   6.412245e-01   1.030046e+02              1             47              1              8   1.315830e+01   1.639836e-01   8.213274e-01
         56500   6.694762e-01   9.567212e+01              2             49              0              7   1.297416e+01   1.724369e-01   8.183754e-01
         57000   6.935556e-01   7.228703e+01              1             45              0             10   1.345715e+01   1.716035e-01   8.400188e-01
         57500   7.019354e-01   7.328324e+01              1             45              0              8   1.331333e+01   1.595453e-01   8.320908e-01
         58000   7.022332e-01   7.427924e+01              1             47              0              8   1.297961e+01   1.531501e-01   8.433298e-01
         58500   7.122812e-01   7.527108e+01              1             46              1              8   1.314846e+01   1.482972e-01   8.703900e-01
         59000   7.170235e-01   7.625148e+01              1             45              0              8   1.333242e+01   1.457244e-01   8.794439e-01
         59500   7.174204e-01   7.723791e+01              1             46              0              9   1.319804e+01   1.204337e-01   8.642771e-01
         60000   6.989377e-01   7.820902e+01              1             50              0              7   1.306088e+01   1.294944e-01   8.671507e-01
         60500   7.008918e-01   7.920045e+01              1             45              0             10   1.298842e+01   1.432869e-01   8.455147e-01
         61000   7.312868e-01   5.108249e+01              1             48              0              8   1.302787e+01   1.479878e-01   8.554381e-01
         61500   7.372849e-01   5.207740e+01              1             49              1              5   1.315825e+01   1.250791e-01   8.639835e-01
         62000   7.456909e-01   5.305203e+01              2             47              0              7   1.287667e+01   1.505913e-01   8.436913e-01
         62500   7.480953e-01   5.404755e+01              1             46              1              8   1.318989e+01   1.255773e-01   8.614525e-01
         63000   7.632862e-01   5.503126e+01              1             46              0              8   1.308645e+01   1.561902e-01   8.709211e-01
         63500   7.553978e-01   5.602335e+01              1             47              0              6   1.288469e+01   1.517472e-01   8.730427e-01
         64000   7.859871e-01   3.188019e+01              1             43              0              7   1.302554e+01   1.394162e-01   8.805849e-01
         64500   7.833212e-01   3.285525e+01              1             42              0              7   1.329860e+01   1.551642e-01   8.865077e-01
         65000   7.805817e-01   3.383266e+01              2             47              0              8   1.281248e+01   1.514590e-01   8.743876e-01
         65500   7.883299e-01   3.481169e+01              2             42              0              7   1.290200e+01   1.548062e-01   8.661443e-01
         66000   8.282853e-01   3.579070e+01              1             43              0              6   1.302573e+01   1.560260e-01   8.701861e-01
         66500   7.896605e-01   3.678070e+01              2             48              0              7   1.315162e+01   1.549847e-01   8.911121e-01
         67000   7.842603e-01   3.775197e+01              2             46              0              8   1.328273e+01   1.541634e-01   8.922508e-01
         67500   7.916883e-01   3.874369e+01              1             44              0              6   1.352576e+01   1.569492e-01   9.027900e-01
         68000   7.756854e-01   6.448670e+01              2             44              1              7   1.348024e+01   1.656257e-01   9.104984e-01
         68500   7.894886e-01   4.070141e+01              1             46              1              7   1.309876e+01   1.388956e-01   8.731355e-01
         69000   8.040639e-01   4.169466e+01              1             43              0              6   1.318499e+01   1.637314e-01   8.839484e-01
         69500   7.677540e-01   6.724679e+01              2             41              0              6   1.325879e+01   1.518100e-01   8.798663e-01
         70000   8.068269e-01   4.365249e+01              1             42              0              7   1.312419e+01   1.652904e-01   8.731270e-01
         70500   7.826690e-01   4.461903e+01              1             44              0              8   1.292388e+01   1.492527e-01   8.593077e-01
         71000   7.881475e-01   7.011179e+01              1             42              0              6   1.314157e+01   1.483910e-01   8.647963e-01
         71500   7.796806e-01   7.106742e+01              2             45              0              7   1.309129e+01   1.575179e-01   8.897069e-01
         72000   7.646347e-01   7.205049e+01              1             41              0              8   1.309280e+01   1.350505e-01   8.725392e-01
         72500   7.668040e-01   7.303903e+01              1             43              1              5   1.318915e+01   1.436260e-01   8.842618e-01
         73000   7.731381e-01   7.401836e+01              2             45              0              7   1.316861e+01   1.507460e-01   8.907742e-01
         73500   8.075162e-01   5.036978e+01              1             43              0              6   1.290879e+01   1.602031e-01   8.895726e-01
         74000   7.850290e-01   5.136038e+01              2             46              0              8   1.320687e+01   1.632012e-01   8.911176e-01
         74500   7.869857e-01   5.229558e+01              1             42              0              8   1.311310e+01   1.488100e-01   8.972557e-01
         75000   7.757978e-01   7.782052e+01              1             47              0              6   1.292779e+01   1.571109e-01   8.849689e-01
         75500   8.130830e-01   5.420955e+01              1             39              0              4   1.286969e+01   1.622165e-01   8.805750e-01
         76000   8.032352e-01   5.520216e+01              2             43              0              5   1.290671e+01   1.654974e-01   8.910064e-01
         76500   8.095262e-01   5.619381e+01              1             38              0              6   1.293841e+01   1.554401e-01   8.702624e-01
         77000   8.010722e-01   5.718831e+01              3             43              0              7   1.299084e+01   1.598545e-01   8.682140e-01
         77500   8.023131e-01   5.818117e+01              1             43              0              6   1.295474e+01   1.643361e-01   9.002344e-01
         78000   8.104188e-01   5.917017e+01              1             42              0              6   1.282233e+01   1.527966e-01   8.808479e-01
         78500   8.122676e-01   6.015595e+01              1             44              0              6   1.290138e+01   1.502683e-01   8.862883e-01
         79000   8.060297e-01   6.114726e+01              1             39              0              5   1.284836e+01   1.486356e-01   8.588417e-01
         79500   7.602705e-01   8.579681e+01              1             48              0              6   1.325662e+01   1.347560e-01   8.852769e-01
         80000   7.761181e-01   8.678461e+01              1             49              0              6   1.333343e+01   1.614033e-01   8.860708e-01
         80500   7.782658e-01   8.772091e+01              1             47              1              7   1.303016e+01   1.569395e-01   8.824214e-01
         81000   8.007092e-01   6.501441e+01              1             44              0              7   1.301703e+01   1.675624e-01   8.911550e-01
         81500   7.905862e-01   6.599041e+01              1             46              0              7   1.299734e+01   1.576418e-01   8.822371e-01
         82000   7.787895e-01   6.694377e+01              2             44              0              7   1.302850e+01   1.507460e-01   8.850972e-01
         82500   7.881654e-01   6.790549e+01              2             44              1              7   1.316058e+01   1.718803e-01   8.900291e-01
         83000   8.197408e-01   6.889542e+01              1             42              0              7   1.308617e+01   1.672879e-01   8.790074e-01
         83500   8.054085e-01   6.989269e+01              2             45              0              7   1.295892e+01   1.508023e-01   8.668389e-01
         84000   8.163717e-01   7.088524e+01              1             41              0              4   1.314430e+01   1.590975e-01   8.786967e-01
         84500   8.420883e-01   4.809778e+01              1             39              0              5   1.290978e+01   1.703645e-01   8.774587e-01
         85000   8.306344e-01   4.907425e+01              1             42              0              5   1.321801e+01   1.679797e-01   8.779348e-01
         85500   8.739443e-01   5.005568e+01              1             37              0              5   1.309961e+01   1.808812e-01   8.928359e-01
         86000   8.817823e-01   5.102910e+01              2             43              0              6   1.329860e+01   1.879207e-01   8.808749e-01
         86500   9.025233e-01   3.104970e+01              1             42              0              5   1.327865e+01   1.789148e-01   8.898169e-01
         87000   8.583042e-01   5.291329e+01              2             42              0              5   1.308274e+01   1.837014e-01   8.735498e-01
         87500   8.794064e-01   5.389675e+01              2             41              0              5   1.312163e+01   1.885517e-01   8.819400e-01
         88000   8.887120e-01   3.388216e+01              1             39              0              5   1.310737e+01   1.805032e-01   8.680288e-01
         88500   8.795648e-01   5.583185e+01              1             39              0              4   1.301143e+01   2.060060e-01   8.895249e-01
         89000   8.785285e-01   5.680212e+01              2             38              0              5   1.320020e+01   2.021268e-01   8.887578e-01
         89500   8.918408e-01   3.678985e+01              1             40              0              4   1.308531e+01   1.968744e-01   8.759950e-01
         90000   9.261843e-01   3.777606e+01              1             36              0              6   1.311557e+01   2.104331e-01   8.866634e-01
         90500   9.213927e-01   3.873854e+01              2             43              0              6   1.319823e+01   2.157257e-01   8.808424e-01
         91000   9.123768e-01   3.973764e+01              1             41              0              4   1.297632e+01   2.238275e-01   8.468410e-01
         91500   9.195726e-01   4.073225e+01              1             42              0              5   1.304681e+01   2.022822e-01   8.596187e-01
         92000   9.178833e-01   4.172489e+01              2             42              0              7   1.338108e+01   2.231376e-01   8.788807e-01
         92500   9.216234e-01   4.271150e+01              1             39              0              7   1.351771e+01   2.255546e-01   8.834427e-01
         93000   9.204658e-01   4.366714e+01              2             40              0              7   1.334097e+01   2.389496e-01   8.848076e-01
         93500   9.270924e-01   4.465729e+01              2             39              0              6   1.324151e+01   2.105065e-01   8.760181e-01
         94000   9.080968e-01   4.564024e+01              2             39              0              7   1.333061e+01   2.205105e-01   8.879669e-01
         94500   8.966343e-01   4.663496e+01              1             41              0              6   1.333539e+01   1.970801e-01   8.749879e-01
         95000   8.931709e-01   6.706527e+01              2             42              0              7   1.318984e+01   2.192633e-01   8.760112e-01
         95500   9.201214e-01   4.860623e+01              2             42              0              6   1.329046e+01   2.187997e-01   8.865933e-01
         96000   9.300009e-01   4.958246e+01              1             38              0              6   1.317799e+01   2.243325e-01   8.715332e-01
         96500   9.188308e-01   5.057051e+01              1             40              0              4   1.326108e+01   2.472105e-01   8.834202e-01
         97000   9.245981e-01   5.154450e+01              1             38              0              5   1.299843e+01   2.377147e-01   8.922082e-01
         97500   9.558828e-01   3.453536e+01              1             37              0              5   1.289792e+01   2.309301e-01   8.832946e-01
         98000   9.491945e-01   3.552317e+01              1             40              0              3   1.318128e+01   2.551702e-01   8.830086e-01
         98500   9.572122e-01   3.651627e+01              1             41              0              7   1.333780e+01   2.598614e-01   8.771946e-01
         99000   9.399031e-01   3.750848e+01              2             44              0              6   1.318412e+01   2.345416e-01   8.891667e-01
         99500   9.284902e-01   5.625136e+01              1             44              0              6   1.327164e+01   2.492259e-01   8.974339e-01
        100000   9.281772e-01   5.724176e+01              1             46              0              6   1.307903e+01   2.224286e-01   8.684518e-01
        100500   9.166089e-01   5.823521e+01              1             43              0              5   1.323049e+01   2.358102e-01   8.968864e-01
        101000   9.092254e-01   5.923240e+01              0             40              0              4   1.323149e+01   2.410999e-01   8.767836e-01
        101500   9.106008e-01   6.021548e+01              2             41              0              6   1.341242e+01   2.514632e-01   8.761927e-01
        102000   9.327101e-01   4.294178e+01              1             43              0              5   1.306228e+01   2.344568e-01   8.867260e-01
        102500   9.427807e-01   4.392377e+01              2             44              0              5   1.319664e+01   2.510564e-01   8.998166e-01
        103000   9.478194e-01   4.491266e+01              1             39              0              6   1.312328e+01   2.595660e-01   9.131957e-01
        103500   9.337698e-01   6.403523e+01              2             43              0              7   1.319909e+01   2.649256e-01   9.001978e-01
        104000   9.667490e-01   4.685936e+01              1             41              0              4   1.297232e+01   2.572195e-01   9.063241e-01
        104500   9.190586e-01   6.589815e+01              1             43              0              7   1.313530e+01   2.436741e-01   8.961963e-01
        105000   9.113357e-01   6.688947e+01              2             46              0              7   1.297203e+01   2.405238e-01   8.895273e-01
        105500   9.308073e-01   6.786416e+01              1             45              0              8   1.332646e+01   2.352331e-01   9.048400e-01
        106000   9.293006e-01   6.884534e+01              1             46              0              7   1.321823e+01   2.310612e-01   8.827888e-01
        106500   9.274219e-01   5.151161e+01              1             44              0              5   1.348914e+01   2.292441e-01   8.850041e-01
        107000   9.316897e-01   7.081257e+01              1             49              0              4   1.354758e+01   2.174619e-01   9.010250e-01
        107500   9.165027e-01   7.177048e+01              2             44              0              6   1.338828e+01   2.343906e-01   8.933618e-01
        108000   9.365755e-01   5.430826e+01              2             45              0              5   1.336989e+01   2.133121e-01   8.911673e-01
        108500   9.300648e-01   7.373915e+01              1             43              0              6   1.314266e+01   2.044563e-01   8.731308e-01
        109000   9.239411e-01   7.470157e+01              1             46              0              5   1.320613e+01   2.116850e-01   8.927883e-01
        109500   9.455859e-01   5.714695e+01              1             43              0              5   1.312692e+01   2.312466e-01   8.859231e-01
        110000   9.469483e-01   5.814034e+01              1             40              0              6   1.306648e+01   1.903302e-01   8.862999e-01
        110500   9.245699e-01   7.757853e+01              1             44              0              6   1.287819e+01   1.849415e-01   8.904121e-01
        111000   9.753658e-01   6.005374e+01              1             43              0              4   1.302959e+01   2.055991e-01   9.001624e-01
        111500   9.800441e-01   6.100104e+01              1             43              0              4   1.325250e+01   2.022436e-01   8.870117e-01
        112000   9.600424e-01   6.197465e+01              1             44              0              5   1.330856e+01   2.116028e-01   8.912905e-01
        112500   9.734659e-01   6.295896e+01              1             43              0              5   1.318531e+01   2.189179e-01   9.048510e-01
        113000   9.885854e-01   4.313914e+01              1             45              0              6   1.307660e+01   2.294985e-01   9.050989e-01
        113500   9.942681e-01   4.412766e+01              1             46              0              5   1.333712e+01   2.321974e-01   9.038003e-01
        114000   9.943429e-01   4.511433e+01              1             45              0              6   1.324197e+01   2.195866e-01   9.058064e-01
        114500   1.012075e+00   4.611148e+01              1             44              0              5   1.346376e+01   2.504710e-01   9.251042e-01
        115000   1.056261e+00   2.783393e+01              0             42              0              5   1.321634e+01   2.586365e-01   9.261624e-01
        115500   1.085047e+00   2.882797e+01              0             43              0              5   1.334301e+01   2.470816e-01   9.294418e-01
        116000   1.121642e+00   1.559966e+01              1             38              0              3   1.342620e+01   2.031073e-01   8.945590e-01
        116500   1.142599e+00   8.024901e+00              1             40              0              2   1.343506e+01   2.393072e-01   9.154390e-01
        117000   1.139272e+00   8.989258e+00              0             34              0              4   1.363064e+01   2.262660e-01   8.982222e-01
        117500   1.096540e+00   1.855246e+01              1             41              0              4   1.321094e+01   2.266546e-01   9.028587e-01
        118000   1.098994e+00   1.951595e+01              1             43              0              3   1.329278e+01   2.140662e-01   8.915233e-01
        118500   1.112259e+00   2.051245e+01              0             36              0              2   1.316032e+01   1.981608e-01   8.506848e-01
        119000   1.133132e+00   2.150889e+01              1             37              0              4   1.332331e+01   2.027313e-01   8.581276e-01
        119500   1.138268e+00   2.248882e+01              1             35              0              4   1.323544e+01   2.050349e-01   8.811281e-01
        120000   1.159589e+00   1.432384e+01              1             34              0              4   1.316557e+01   1.981907e-01   8.584505e-01
        120500   1.160578e+00   1.531683e+01              1             39              0              4   1.341717e+01   1.988983e-01   8.746172e-01
        121000   1.136756e+00   2.527941e+01              0             37              0              4   1.338474e+01   2.000867e-01   8.876635e-01
        121500   1.172570e+00   1.726108e+01              0             36              0              4   1.359093e+01   2.279152e-01   9.127135e-01
        122000   1.158473e+00   1.825295e+01              1             36              0              3   1.339547e+01   2.146078e-01   8.971249e-01
        122500   1.202213e+00   1.229817e+01              0             33              0              3   1.335006e+01   1.834148e-01   8.809830e-01
        123000   1.169120e+00   2.021847e+01              0             36              0              3   1.325667e+01   2.196836e-01   8.873068e-01
        123500   1.181938e+00   2.120534e+01              0             35              0              3   1.352601e+01   2.053327e-01   8.904419e-01
        124000   1.147919e+00   2.218654e+01              0             38              0              4   1.334431e+01   2.376585e-01   8.693689e-01
        124500   1.140414e+00   3.149208e+01              1             35              0              3   1.349246e+01   2.122457e-01   8.605049e-01
        125000   1.146435e+00   3.244750e+01              1             43              0              3   1.344850e+01   2.246188e-01   8.778849e-01
        125500   1.163327e+00   2.510780e+01              1             40              0              3   1.329194e+01   2.267432e-01   8.705406e-01
        126000   1.207778e+00   1.821563e+01              1             44              0              5   1.332367e+01   2.224206e-01   8.955521e-01
        126500   1.236256e+00   1.920340e+01              0             40              0              3   1.343800e+01   2.259890e-01   8.987396e-01
        127000   1.230003e+00   2.019731e+01              1             42              0              3   1.329378e+01   2.353080e-01   8.967149e-01
        127500   1.230289e+00   2.116513e+01              2             41              0              5   1.346485e+01   2.437280e-01   8.963864e-01
        128000   1.207735e+00   2.216254e+01              1             41              0              5   1.310095e+01   2.467605e-01   8.659848e-01
        128500   1.266523e+00   1.551490e+01              0             41              0              6   1.329107e+01   2.684673e-01   8.811076e-01
        129000   1.248915e+00   2.403224e+01              2             39              0              6   1.300999e+01   2.657217e-01   8.678632e-01
        129500   1.303100e+00   1.746396e+01              0             40              0              5   1.347517e+01   2.615856e-01   8.835565e-01
        130000   1.299327e+00   1.131821e+01              0             41              0              4   1.325606e+01   2.590588e-01   8.752289e-01
        130500   1.286457e+00   1.939775e+01              0             44              0              5   1.329377e+01   2.686712e-01   8.697027e-01
        131000   1.304589e+00   1.325223e+01              0             42              0              5   1.320634e+01   2.799551e-01   8.651310e-01
        131500   1.281081e+00   2.135532e+01              0             39              0              4   1.319532e+01   2.660548e-01   8.739002e-01
        132000   1.277500e+00   2.233801e+01              1             41              0              3   1.326264e+01   2.696363e-01   8.777831e-01
        132500   1.271462e+00   2.332742e+01              1             39              0              4   1.345094e+01   2.659678e-01   8.980728e-01
        133000   1.275483e+00   2.431093e+01              1             40              0              3   1.325299e+01   2.717888e-01   8.745553e-01
        133500   1.251696e+00   3.142246e+01              0             40              0              3   1.335362e+01   2.577588e-01   8.954185e-01
        134000   1.263165e+00   2.626734e+01              1             41              0              3   1.316014e+01   2.599255e-01   8.980885e-01
        134500   1.215158e+00   3.335136e+01              0             39              0              5   1.315105e+01   2.511081e-01   8.805421e-01
        135000   1.234930e+00   2.806376e+01              0             43              0              4   1.326275e+01   2.376624e-01   8.871073e-01
        135500   1.248731e+00   2.901323e+01              1             40              0              3   1.323879e+01   2.395494e-01   8.850064e-01
        136000   1.283203e+00   3.000637e+01              1             38              0              3   1.328580e+01   2.651123e-01   9.010800e-01
        136500   1.317367e+00   2.246290e+01              0             40              0              3   1.339626e+01   2.699973e-01   8.948428e-01
        137000   1.353280e+00   1.467995e+01              0             38              0              4   1.323090e+01   2.744210e-01   8.912696e-01
        137500   1.319893e+00   2.441769e+01              0             40              0              3   1.340419e+01   2.687171e-01   8.928651e-01
        138000   1.265396e+00   3.351134e+01              1             39              0              3   1.332214e+01   2.605625e-01   8.972384e-01
        138500   1.244416e+00   3.962176e+01              1             37              0              3   1.316948e+01   2.600180e-01   8.923957e-01
        139000   1.234567e+00   3.546258e+01              1             42              0              4   1.332155e+01   2.516843e-01   8.982434e-01
        139500   1.272929e+00   3.643192e+01              1             40              0              4   1.334117e+01   2.519010e-01   9.063871e-01
        140000   1.268201e+00   3.740275e+01              0             37              0              3   1.339052e+01   2.581870e-01   9.078928e-01
        140500   1.253036e+00   3.839001e+01              0             38              0              4   1.323235e+01   2.432432e-01   8.901799e-01
        141000   1.235852e+00   4.410933e+01              1             39              0              5   1.330788e+01   2.460957e-01   8.737055e-01
        141500   1.220486e+00   4.510328e+01              0             36              0              3   1.320735e+01   2.470665e-01   8.717429e-01
        142000   1.245732e+00   4.608828e+01              0             34              0              4   1.328972e+01   2.610893e-01   8.708530e-01
        142500   1.197171e+00   4.705019e+01              1             35              0              4   1.301752e+01   2.587757e-01   8.556718e-01
        143000   1.248993e+00   4.293600e+01              1             35              0              3   1.328331e+01   2.670915e-01   8.765837e-01
        143500   1.242190e+00   4.383900e+01              0             32              0              2   1.315344e+01   2.508869e-01   8.685951e-01
        144000   1.242616e+00   5.000493e+01              0             33              0              3   1.315916e+01   2.573960e-01   8.737040e-01
        144500   1.203643e+00   5.077833e+01              1             35              0              3   1.304572e+01   2.316087e-01   8.624325e-01
        145000   1.219916e+00   5.197398e+01              0             37              0              3   1.286993e+01   2.437417e-01   8.590991e-01
        145500   1.241520e+00   5.296671e+01              1             38              0              4   1.311069e+01   2.402851e-01   8.885064e-01
        146000   1.240591e+00   5.395783e+01              0             37              0              4   1.349804e+01   2.261756e-01   8.859237e-01
        146500   1.195653e+00   5.493840e+01              1             40              0              4   1.335027e+01   2.259350e-01   8.836375e-01
        147000   1.271943e+00   5.005016e+01              1             42              0              4   1.328060e+01   2.320733e-01   8.952806e-01
        147500   1.267085e+00   5.102598e+01              1             40              0              3   1.324333e+01   2.312413e-01   8.872530e-01
        148000   1.273321e+00   5.202117e+01              0             38              0              2   1.343063e+01   2.346813e-01   8.868390e-01
        148500   1.256005e+00   5.301502e+01              0             38              0              3   1.350312e+01   2.250833e-01   8.931333e-01
        149000   1.256698e+00   5.399268e+01              1             40              0              3   1.337179e+01   2.382920e-01   9.077578e-01
        149500   1.301413e+00   4.252722e+01              0             37              0              2   1.330350e+01   2.233411e-01   9.236703e-01
        150000   1.307213e+00   4.351471e+01              0             40              0              2   1.342647e+01   2.365364e-01   9.369969e-01
        150500   1.280449e+00   5.685112e+01              1             42              0              2   1.331397e+01   2.366339e-01   9.335670e-01
        151000   1.239002e+00   6.235772e+01              1             44              0              3   1.336973e+01   2.170874e-01   9.089801e-01
        151500   1.220778e+00   6.008642e+01              1             43              0              3   1.335239e+01   2.237945e-01   9.101495e-01
        152000   1.217414e+00   6.432180e+01              1             46              0              2   1.323977e+01   2.307440e-01   9.097664e-01
        152500   1.227627e+00   6.531831e+01              1             48              0              3   1.334049e+01   2.166399e-01   9.124076e-01
        153000   1.222281e+00   6.630558e+01              0             44              0              3   1.333180e+01   2.065691e-01   9.059582e-01
        153500   1.224001e+00   6.729685e+01              1             44              0              3   1.352292e+01   2.121263e-01   8.868113e-01
        154000   1.208413e+00   6.444314e+01              1             44              0              2   1.313657e+01   2.195032e-01   8.893909e-01
        154500   1.246038e+00   6.399002e+01              0             44              0              4   1.311147e+01   2.115477e-01   8.703335e-01
        155000   1.256567e+00   6.497800e+01              0             40              0              3   1.327164e+01   2.207481e-01   8.910992e-01
        155500   1.291065e+00   5.138147e+01              0             37              0              3   1.300022e+01   2.044061e-01   8.605835e-01
        156000   1.322270e+00   5.235008e+01              0             37              0              4   1.330328e+01   2.156932e-01   8.864102e-01
        156500   1.297875e+00   5.334421e+01              0             36              0              1   1.328284e+01   2.248339e-01   8.647537e-01
        157000   1.335876e+00   5.433520e+01              0             34              0              3   1.321019e+01   2.042260e-01   8.580778e-01
        157500   1.339235e+00   3.652214e+01              0             37              0              2   1.325989e+01   2.180956e-01   8.837256e-01
        158000   1.366241e+00   3.751497e+01              0             35              0              3   1.346778e+01   2.043936e-01   8.882520e-01
        158500   1.363589e+00   3.851098e+01              0             33              0              2   1.339241e+01   2.228927e-01   8.766424e-01
        159000   1.405118e+00   2.248128e+01              0             28              0              2   1.334488e+01   1.985531e-01   8.739050e-01
        159500   1.453610e+00   1.162716e+01              0             24              0              3   1.362994e+01   2.022879e-01   8.875147e-01
        160000   1.479562e+00   5.882424e+00              0             24              0              1   1.331804e+01   1.995292e-01   8.990298e-01
        160500   1.483046e+00   1.359682e+01              0             22              0              2   1.329739e+01   2.081491e-01   8.986319e-01
        161000   1.454585e+00   1.458302e+01              0             20              0              2   1.378136e+01   1.889324e-01   9.148567e-01
        161500   1.469491e+00   1.557619e+01              0             21              0              2   1.365202e+01   1.956940e-01   9.234084e-01
        162000   1.495325e+00   9.478299e+00              0             26              0              2   1.366512e+01   1.869275e-01   9.193965e-01
        162500   1.454031e+00   2.853345e+01              0             22              0              0   1.350603e+01   1.890066e-01   9.083660e-01
        163000   1.432891e+00   2.947892e+01              0             30              0              1   1.356716e+01   1.902160e-01   9.118234e-01
        163500   1.423932e+00   3.045372e+01              0             27              0              1   1.348797e+01   1.721993e-01   8.961661e-01
        164000   1.443489e+00   2.040199e+01              0             22              0              1   1.364687e+01   1.691611e-01   9.049445e-01
        164500   1.421828e+00   3.237795e+01              0             24              0              1   1.371164e+01   1.872378e-01   9.141606e-01
        165000   1.461472e+00   2.234339e+01              0             21              0              1   1.352900e+01   1.892287e-01   9.142022e-01
        165500   1.482926e+00   2.333565e+01              0             21              0              1   1.401279e+01   1.896205e-01   9.064139e-01
        166000   1.452195e+00   2.432143e+01              0             23              0              1   1.366601e+01   2.088999e-01   8.987459e-01
        166500   1.434303e+00   3.591087e+01              0             24              0              1   1.362326e+01   1.885262e-01   8.805199e-01
        167000   1.458451e+00   2.627540e+01              0             23              0              2   1.369343e+01   1.787383e-01   8.902168e-01
        167500   1.463789e+00   2.726514e+01              0             26              0              2   1.346970e+01   1.899588e-01   8.821069e-01
        168000   1.494530e+00   1.931323e+01              0             24              0              3   1.361785e+01   1.824710e-01   8.957419e-01
        168500   1.508231e+00   2.030812e+01              0             28              0              3   1.359063e+01   1.964417e-01   9.033992e-01
        169000   1.534477e+00   2.129583e+01              0             25              0              2   1.340360e+01   1.770368e-01   8.775510e-01
        169500   1.533529e+00   2.228734e+01              0             25              0              3   1.370237e+01   1.652291e-01   8.990600e-01
        170000   1.554614e+00   1.519568e+01              0             24              0              3   1.342823e+01   1.624508e-01   8.889543e-01
        170500   1.529017e+00   2.420356e+01              0             25              0              3   1.365935e+01   1.826696e-01   8.883150e-01
        171000   1.536024e+00   2.519435e+01              0             26              0              2   1.342204e+01   1.634904e-01   8.814875e-01
        171500   1.531239e+00   2.617795e+01              0             25              0              3   1.335562e+01   1.940959e-01   9.110914e-01
        172000   1.517978e+00   2.715776e+01              0             28              0              3   1.337406e+01   1.859129e-01   8.960199e-01
        172500   1.567786e+00   1.980832e+01              0             27              0              3   1.343462e+01   1.989054e-01   9.016002e-01
        173000   1.557204e+00   2.080338e+01              0             27              0              2   1.374379e+01   1.959166e-01   9.006640e-01
        173500   1.564723e+00   2.179920e+01              0             28              0              3   1.399431e+01   2.018699e-01   9.134286e-01
        174000   1.560237e+00   2.279773e+01              0             24              0              3   1.360886e+01   2.005297e-01   8.964867e-01
        174500   1.556340e+00   2.375539e+01              0             27              0              3   1.320058e+01   2.021886e-01   8.824756e-01
        175000   1.570574e+00   2.474573e+01              0             27              0              3   1.335084e+01   2.141956e-01   8.772476e-01
        175500   1.622472e+00   1.707055e+01              0             21              0              2   1.323813e+01   2.076512e-01   8.684431e-01
        176000   1.616287e+00   1.805513e+01              0             23              0              3   1.304658e+01   1.925926e-01   8.663697e-01
        176500   1.606568e+00   1.904125e+01              0             24              0              3   1.315066e+01   2.017904e-01   8.843784e-01
        177000   1.588296e+00   2.846103e+01              0             27              0              3   1.341230e+01   2.024608e-01   8.696700e-01
        177500   1.569928e+00   2.944618e+01              0             26              0              3   1.322390e+01   2.048762e-01   8.584356e-01
        178000   1.545754e+00   3.706951e+01              0             24              0              3   1.335795e+01   1.975009e-01   8.806698e-01
        178500   1.541021e+00   3.800914e+01              0             25              0              2   1.315637e+01   2.123638e-01   8.933191e-01
        179000   1.528718e+00   3.900448e+01              0             22              0              2   1.323997e+01   1.895213e-01   8.973000e-01
        179500   1.557626e+00   3.323248e+01              0             24              0              3   1.305422e+01   1.880386e-01   8.910191e-01
        180000   1.576151e+00   3.422925e+01              0             22              0              3   1.327508e+01   2.035467e-01   9.037659e-01
        180500   1.577159e+00   3.522358e+01              0             22              0              3   1.302554e+01   2.155044e-01   9.024864e-01
        181000   1.622405e+00   2.665856e+01              0             24              0              2   1.310285e+01   1.988928e-01   9.058965e-01
        181500   1.658904e+00   1.750060e+01              0             23              0              2   1.320062e+01   1.815874e-01   9.018293e-01
        182000   1.685893e+00   1.849371e+01              0             24              0              3   1.315768e+01   1.769917e-01   8.871023e-01
        182500   1.681044e+00   1.948388e+01              0             22              0              2   1.332340e+01   2.045998e-01   9.014879e-01
        183000   1.662722e+00   2.048050e+01              0             24              0              1   1.337291e+01   1.836207e-01   8.838898e-01
        183500   1.685467e+00   2.146884e+01              0             26              0              1   1.332051e+01   1.838296e-01   8.872173e-01
        184000   1.746807e+00   7.395776e+00              0             25              0              1   1.348844e+01   1.822038e-01   9.126913e-01
        184500   1.734184e+00   1.476057e+01              0             20              0              1   1.341555e+01   1.776415e-01   8.973491e-01
        185000   1.697451e+00   1.575068e+01              0             20              0              1   1.319982e+01   1.984061e-01   9.039473e-01
        185500   1.716097e+00   1.672789e+01              0             21              0              1   1.318621e+01   1.935984e-01   8.885110e-01
        186000   1.690752e+00   1.769303e+01              0             21              0              2   1.342286e+01   1.866802e-01   8.968986e-01
        186500   1.633506e+00   3.518908e+01              0             20              0              2   1.307833e+01   1.840274e-01   8.932427e-01
        187000   1.652710e+00   2.789036e+01              0             20              0              1   1.346026e+01   1.774735e-01   9.092817e-01
        187500   1.683547e+00   2.019106e+01              0             24              0              2   1.338050e+01   1.804437e-01   9.083313e-01
        188000   1.754587e+00   1.327824e+01              0             17              0              1   1.351921e+01   1.832350e-01   9.162582e-01
        188500   1.768056e+00   1.423288e+01              0             15              0              1   1.332915e+01   1.939723e-01   9.089238e-01
        189000   1.772808e+00   1.522849e+01              0             18              0              1   1.318968e+01   1.778613e-01   8.796642e-01
        189500   1.804076e+00   9.769900e+00              0             17              0              1   1.329751e+01   1.869327e-01   8.935687e-01
        190000   1.743161e+00   2.455210e+01              0             20              0              1   1.350133e+01   2.015825e-01   9.063182e-01
        190500   1.769213e+00   1.814537e+01              0             17              0              1   1.338071e+01   2.015298e-01   8.935613e-01
        191000   1.760626e+00   1.914243e+01              0             16              0              0   1.338150e+01   2.104659e-01   8.958577e-01
        191500   1.809851e+00   1.329314e+01              0             17              0              1   1.339028e+01   2.150561e-01   8.933674e-01
        192000   1.847391e+00   8.494425e+00              0             14              0              1   1.276954e+01   2.158168e-01   8.587659e-01
        192500   1.857933e+00   9.486501e+00              0             12              0              1   1.333905e+01   2.165560e-01   8.689518e-01
        193000   1.882182e+00   1.047569e+01              0             15              0              1   1.318640e+01   2.112007e-01   8.693018e-01
        193500   1.860483e+00   1.146858e+01              0             14              0              1   1.315021e+01   2.379947e-01   8.680653e-01
        194000   1.869952e+00   1.246130e+01              0             13              0              1   1.333435e+01   2.418104e-01   8.767714e-01
        194500   1.848724e+00   1.345239e+01              0             10              0              1   1.329711e+01   2.378952e-01   8.620432e-01
        195000   1.811919e+00   1.972613e+01              0             10              0              1   1.342506e+01   2.253147e-01   8.751220e-01
        195500   1.842865e+00   2.071091e+01              0             10              0              1   1.355413e+01   2.497965e-01   8.816109e-01
        196000   1.892125e+00   1.620294e+01              0              8              0              0   1.344335e+01   2.259890e-01   8.687006e-01
        196500   1.990994e+00   6.902716e+00              0              7              0              0   1.337637e+01   2.282186e-01   8.870782e-01
        197000   2.002876e+00   4.466960e+00              0              8              0              0   1.372529e+01   2.513234e-01   9.126475e-01
        197500   2.024418e+00   5.459653e+00              0              8              0              0   1.343678e+01   2.582960e-01   9.117032e-01
        198000   2.032493e+00   6.451541e+00              0              9              0              0   1.341322e+01   2.443078e-01   9.221646e-01
        198500   2.065137e+00   4.986102e+00              0              9              0              0   1.328634e+01   2.452923e-01   9.150159e-01
        199000   2.006685e+00   8.341581e+00              0             15              0              0   1.356052e+01   2.259763e-01   9.015887e-01
        199500   2.009377e+00   9.330228e+00              0             10              0              0   1.351430e+01   2.591622e-01   9.124411e-01
        200000   2.033593e+00   1.032521e+01              0             10              0              0   1.350317e+01   2.487667e-01   9.178643e-01
        200500   2.089184e+00   8.576609e+00              0             13              0              0   1.339065e+01   2.447693e-01   8.937027e-01
        201000   2.113264e+00   6.720394e+00              0             10              0              0   1.357694e+01   2.428969e-01   9.066570e-01
        201500   2.135870e+00   7.716878e+00              0             12              0              0   1.351779e+01   2.238594e-01   9.085946e-01
        202000   2.159213e+00   5.850756e+00              0              8              0              0   1.356027e+01   2.528982e-01   9.248677e-01
        202500   2.172807e+00   6.846299e+00              0              9              0              0   1.333829e+01   2.524308e-01   9.213192e-01
        203000   2.166548e+00   7.839026e+00              0              8              0              0   1.346658e+01   2.351461e-01   9.258801e-01
        203500   2.151364e+00   1.138779e+01              0              4              0              0   1.336786e+01   2.199373e-01   9.120907e-01
        204000   2.177110e+00   9.795271e+00              0              6              0              0   1.351538e+01   2.525792e-01   9.306202e-01
        204500   2.157937e+00   1.078313e+01              0              6              0              0   1.340528e+01   2.502669e-01   9.168427e-01
        205000   2.113363e+00   1.418933e+01              0              7              0              0   1.341410e+01   2.703640e-01   9.285226e-01
        205500   2.148474e+00   1.517606e+01              0              8              0              0   1.326982e+01   2.752629e-01   9.086291e-01
        206000   2.138107e+00   1.612923e+01              0             10              0              0   1.335040e+01   2.988840e-01   9.401852e-01
        206500   2.140725e+00   1.711928e+01              0              9              0              0   1.341960e+01   2.927105e-01   9.307852e-01
        207000   2.115090e+00   1.810177e+01              0              9              0              0   1.333887e+01   2.913838e-01   9.342242e-01
        207500   2.122990e+00   1.907578e+01              0              9              0              0   1.343052e+01   2.902997e-01   9.390248e-01
        208000   2.159458e+00   1.716239e+01              0              8              0              0   1.323985e+01   2.738283e-01   9.061184e-01
        208500   2.181656e+00   1.815167e+01              0             10              0              0   1.346023e+01   2.874664e-01   9.385559e-01
        209000   2.198893e+00   1.402752e+01              0              9              0              0   1.325454e+01   3.186272e-01   9.261842e-01
        209500   2.234826e+00   1.500292e+01              0              9              0              0   1.344298e+01   3.153766e-01   9.317908e-01
        210000   2.204550e+00   1.599583e+01              0             12              0              0   1.328948e+01   2.946106e-01   9.208351e-01
        210500   2.244353e+00   1.697919e+01              0             12              0              0   1.344078e+01   3.305897e-01   9.344868e-01
        211000   2.189908e+00   1.796312e+01              0             16              0              0   1.320075e+01   3.302559e-01   9.184065e-01
        211500   2.220262e+00   1.893693e+01              0             18              0              0   1.334133e+01   3.230085e-01   9.231587e-01
        212000   2.215347e+00   1.992675e+01              0             11              0              0   1.336000e+01   3.231218e-01   9.285470e-01
        212500   2.245073e+00   2.091200e+01              0             11              0              0   1.353264e+01   3.192987e-01   9.142056e-01
        213000   2.243382e+00   1.527751e+01              0             10              0              0   1.340440e+01   3.347196e-01   9.064794e-01
        213500   2.218473e+00   2.289301e+01              0             12              0              1   1.339669e+01   3.075102e-01   9.020184e-01
        214000   2.240051e+00   2.388899e+01              0              8              0              0   1.337752e+01   3.027396e-01   8.993442e-01
        214500   2.284531e+00   1.804493e+01              0              9              0              0   1.311685e+01   3.220252e-01   8.950242e-01
        215000   2.294138e+00   1.902405e+01              0              8              0              1   1.321231e+01   3.133736e-01   8.933726e-01
        215500   2.317645e+00   1.284169e+01              0              7              0              0   1.317774e+01   3.228405e-01   9.169470e-01
        216000   2.300738e+00   1.381691e+01              0             10              0              0   1.315017e+01   3.306347e-01   8.867493e-01
        216500   2.331996e+00   1.480948e+01              0              8              0              0   1.332355e+01   3.258770e-01   9.172959e-01
        217000   2.346005e+00   1.579260e+01              0              5              0              0   1.317159e+01   3.099224e-01   9.306973e-01
        217500   2.371770e+00   1.056469e+01              0              3              0              0   1.340887e+01   2.821033e-01   9.336427e-01
        218000   2.331031e+00   1.769863e+01              0              3              0              0   1.360661e+01   2.591989e-01   9.222991e-01
        218500   2.361251e+00   1.249775e+01              0              2              0              0   1.338703e+01   2.552376e-01   9.200881e-01
        219000   2.363635e+00   1.346713e+01              0              2              0              0   1.361318e+01   2.457016e-01   9.031021e-01
        219500   2.329262e+00   2.051504e+01              0              4              0              0   1.327812e+01   2.481666e-01   9.053461e-01
        220000   2.352384e+00   1.535607e+01              0              2              0              0   1.331044e+01   2.706844e-01   9.091473e-01
        220500   2.341426e+00   2.244557e+01              0              4              0              0   1.366542e+01   2.517943e-01   9.100869e-01
        221000   2.345985e+00   2.339983e+01              0              3              0              0   1.320186e+01   2.711169e-01   9.115412e-01
        221500   2.366258e+00   1.828193e+01              0              1              0              0   1.356243e+01   2.809256e-01   9.173159e-01
        222000   2.365368e+00   1.927685e+01              0              4              0              0   1.346967e+01   2.813602e-01   9.136654e-01
        222500   2.396862e+00   1.371155e+01              0              4              0              0   1.321207e+01   2.747104e-01   9.246095e-01
        223000   2.380426e+00   2.121377e+01              0              4              0              0   1.331591e+01   2.865527e-01   9.390778e-01
        223500   2.378174e+00   2.220746e+01              0              4              0              0   1.363152e+01   2.672869e-01   9.228071e-01
        224000   2.417976e+00   1.656753e+01              0              4              0              0   1.355089e+01   2.530698e-01   9.225155e-01
        224500   2.442886e+00   1.093427e+01              0              4              0              0   1.363625e+01   2.626185e-01   9.481425e-01
        225000   2.414093e+00   1.854619e+01              0              4              0              0   1.364709e+01   2.464729e-01   9.370196e-01
        225500   2.384941e+00   2.576969e+01              0              4              0              0   1.377186e+01   2.490122e-01   9.327948e-01
        226000   2.423011e+00   2.051047e+01              0              4              0              0   1.346012e+01   2.377792e-01   9.220075e-01
        226500   2.455967e+00   1.437378e+01              0              4              0              0   1.349241e+01   2.336993e-01   9.390327e-01
        227000   2.465687e+00   1.536932e+01              0              4              0              0   1.345879e+01   2.334257e-01   9.457473e-01
        227500   2.498525e+00   9.817998e+00              0              3              0              0   1.380681e+01   1.999206e-01   9.232791e-01
        228000   2.484407e+00   1.733707e+01              0              3              0              0   1.351241e+01   2.166416e-01   9.121257e-01
        228500   2.512754e+00   1.170973e+01              0              3              0              0   1.357359e+01   2.315193e-01   9.166528e-01
        229000   2.526106e+00   1.270113e+01              0              3              0              0   1.369371e+01   2.275624e-01   9.264455e-01
        229500   2.568724e+00   8.220487e+00              0              2              0              0   1.346076e+01   2.260873e-01   9.232941e-01
