          step              r      E_metad_r      n_cont_CA   n_cont_heavy       n_saltbr        n_hbond           SASA           RMSD             Rg 
             0   6.420666e-01   0.000000e+00              1             50              1              8   1.306298e+01   0.000000e+00   8.332359e-01
           500   6.733269e-01   9.940676e-01              1             47              0              9   1.328605e+01   8.326674e-02   8.555571e-01
          1000   6.670577e-01   1.991239e+00              1             48              0              9   1.316676e+01   1.011766e-01   8.439446e-01
          1500   6.686030e-01   2.981305e+00              1             53              1              7   1.329913e+01   9.699463e-02   8.490700e-01
          2000   6.668471e-01   3.975736e+00              2             52              0              9   1.327310e+01   1.050739e-01   8.450565e-01
          2500   6.828223e-01   4.964377e+00              1             50              0              9   1.285695e+01   1.059077e-01   8.381291e-01
          3000   6.754370e-01   5.959551e+00              1             50              1              9   1.308499e+01   1.264655e-01   8.557303e-01
          3500   6.756092e-01   6.956229e+00              1             49              1              9   1.315139e+01   1.180334e-01   8.499290e-01
          4000   6.743092e-01   7.951759e+00              2             48              1              9   1.315204e+01   1.278221e-01   8.488017e-01
          4500   6.773075e-01   8.949662e+00              1             49              1              7   1.311554e+01   1.329595e-01   8.482909e-01
          5000   6.711363e-01   9.944641e+00              1             49              0              6   1.279807e+01   1.589643e-01   8.217374e-01
          5500   6.724318e-01   1.093919e+01              2             50              0              8   1.286954e+01   1.530744e-01   8.265899e-01
          6000   6.756994e-01   1.193124e+01              2             50              0              7   1.278636e+01   1.329682e-01   8.323623e-01
          6500   7.064081e-01   1.154345e+01              1             49              0              8   1.323471e+01   1.344558e-01   8.625584e-01
          7000   6.746306e-01   1.388878e+01              2             51              0              9   1.307017e+01   1.387092e-01   8.530844e-01
          7500   6.825813e-01   1.488234e+01              2             51              1              8   1.298606e+01   1.293841e-01   8.523861e-01
          8000   6.964312e-01   1.428877e+01              1             52              1              7   1.305182e+01   1.202328e-01   8.749527e-01
          8500   6.793272e-01   1.684370e+01              1             52              1              7   1.298867e+01   1.220687e-01   8.575576e-01
          9000   7.100098e-01   1.619919e+01              1             53              1              8   1.288527e+01   1.618218e-01   8.723181e-01
          9500   6.886224e-01   1.876338e+01              1             53              1              8   1.308883e+01   1.398979e-01   8.704427e-01
         10000   6.951299e-01   1.810301e+01              1             51              0              9   1.307393e+01   1.388196e-01   8.658366e-01
         10500   6.849329e-01   1.899251e+01              2             50              0              8   1.301288e+01   1.389426e-01   8.643175e-01
         11000   6.915329e-01   1.990789e+01              2             53              1              8   1.306516e+01   1.345702e-01   8.589963e-01
         11500   6.866827e-01   2.265716e+01              1             53              1              7   1.303149e+01   1.374827e-01   8.616564e-01
         12000   7.046928e-01   2.178323e+01              2             53              1              7   1.285379e+01   1.386621e-01   8.341669e-01
         12500   6.933686e-01   2.458973e+01              1             52              1              7   1.302888e+01   1.348235e-01   8.494385e-01
         13000   6.779159e-01   2.557284e+01              1             53              1              9   1.311572e+01   1.291229e-01   8.603719e-01
         13500   6.658345e-01   2.655880e+01              2             52              2              7   1.295556e+01   1.523862e-01   8.603530e-01
         14000   6.640834e-01   2.753927e+01              2             53              1              8   1.283305e+01   1.497006e-01   8.547902e-01
         14500   6.748210e-01   2.852718e+01              2             50              0              7   1.293066e+01   1.588379e-01   8.664640e-01
         15000   6.905141e-01   2.716381e+01              1             53              2              8   1.296009e+01   1.626742e-01   8.710289e-01
         15500   7.062090e-01   2.809742e+01              1             50              1              5   1.296269e+01   1.399738e-01   8.668101e-01
         16000   6.707478e-01   3.145072e+01              1             53              0              8   1.304333e+01   1.383298e-01   8.514289e-01
         16500   6.689719e-01   3.242370e+01              2             53              0              9   1.283732e+01   1.450859e-01   8.580847e-01
         17000   6.857282e-01   3.340964e+01              1             52              1              6   1.300402e+01   1.259621e-01   8.500973e-01
         17500   6.714207e-01   3.440760e+01              1             52              1              7   1.306786e+01   1.528242e-01   8.569655e-01
         18000   6.483395e-01   3.539613e+01              1             51              1              8   1.301729e+01   1.460411e-01   8.586786e-01
         18500   6.637136e-01   3.637083e+01              2             51              1              8   1.289550e+01   1.617406e-01   8.539232e-01
         19000   6.488810e-01   3.220832e+01              1             52              1              8   1.303730e+01   1.580143e-01   8.755579e-01
         19500   6.690425e-01   3.833407e+01              2             52              2              9   1.313652e+01   1.709663e-01   8.750397e-01
         20000   6.418801e-01   3.408006e+01              2             52              1              6   1.289036e+01   1.654923e-01   8.651006e-01
         20500   6.622773e-01   4.025962e+01              2             52              2              6   1.289770e+01   1.654156e-01   8.419843e-01
         21000   6.422679e-01   3.602339e+01              1             53              1              7   1.284434e+01   1.615209e-01   8.209076e-01
         21500   6.466294e-01   3.700759e+01              2             53              1              8   1.313288e+01   1.776024e-01   8.470520e-01
         22000   6.492135e-01   4.306011e+01              1             53              1              6   1.322288e+01   1.851282e-01   8.378470e-01
         22500   6.394483e-01   3.898018e+01              2             51              1              5   1.320763e+01   1.649100e-01   8.590159e-01
         23000   6.466793e-01   3.994831e+01              2             52              2              7   1.298103e+01   1.576360e-01   8.552938e-01
         23500   6.527503e-01   4.091763e+01              1             52              1              8   1.294624e+01   1.459989e-01   8.614467e-01
         24000   6.680829e-01   4.684686e+01              1             53              1              9   1.320551e+01   1.487525e-01   8.697770e-01
         24500   6.596886e-01   4.783465e+01              1             53              2              8   1.313811e+01   1.553328e-01   8.678978e-01
         25000   6.782805e-01   4.881195e+01              2             53              2              8   1.306097e+01   1.509637e-01   8.701036e-01
         25500   6.728364e-01   4.980732e+01              3             53              2              8   1.321409e+01   1.543790e-01   8.867909e-01
         26000   7.017933e-01   4.477102e+01              1             53              0              9   1.301264e+01   1.200199e-01   8.591233e-01
         26500   6.677862e-01   5.175423e+01              1             53              1              6   1.283165e+01   1.321592e-01   8.561222e-01
         27000   6.797355e-01   5.274409e+01              2             53              1              9   1.298297e+01   1.437394e-01   8.622515e-01
         27500   6.677795e-01   5.374095e+01              1             51              1              5   1.305158e+01   1.396455e-01   8.645581e-01
         28000   7.041845e-01   4.835244e+01              1             52              0              9   1.327167e+01   1.398970e-01   8.861697e-01
         28500   6.861210e-01   5.567816e+01              1             53              1              9   1.289388e+01   1.437441e-01   8.553923e-01
         29000   6.733119e-01   5.667544e+01              1             53              2              6   1.347863e+01   1.340398e-01   8.749983e-01
         29500   6.791009e-01   5.766962e+01              2             52              1              9   1.323143e+01   1.229445e-01   8.761847e-01
         30000   6.845309e-01   5.199909e+01              1             53              0              9   1.297752e+01   1.329742e-01   8.711499e-01
         30500   6.653383e-01   5.965314e+01              1             53              1             10   1.322993e+01   1.387611e-01   8.752084e-01
         31000   6.829240e-01   6.064971e+01              2             52              0              8   1.306914e+01   1.430865e-01   8.650877e-01
         31500   6.789739e-01   6.164797e+01              1             53              0              8   1.348708e+01   1.620705e-01   8.828369e-01
         32000   6.790311e-01   6.263626e+01              2             53              1              6   1.311819e+01   1.577367e-01   8.725153e-01
         32500   6.670469e-01   6.363024e+01              1             53              1              8   1.302384e+01   1.587903e-01   8.544902e-01
         33000   6.925201e-01   6.462520e+01              3             50              0              9   1.313349e+01   1.527942e-01   8.781827e-01
         33500   6.725020e-01   6.560175e+01              1             53              0              9   1.329292e+01   1.515097e-01   8.561029e-01
         34000   6.759202e-01   6.658587e+01              2             51              0              8   1.316155e+01   1.580212e-01   8.603053e-01
         34500   6.546750e-01   6.757646e+01              1             53              0              8   1.326145e+01   1.407521e-01   8.678262e-01
         35000   6.384406e-01   6.092840e+01              2             52              0              7   1.302413e+01   1.467058e-01   8.487820e-01
         35500   6.703429e-01   6.945843e+01              1             50              0              8   1.320534e+01   1.767808e-01   8.656013e-01
         36000   6.695039e-01   7.045273e+01              1             50              0              8   1.331206e+01   1.567196e-01   8.869758e-01
         36500   6.793591e-01   7.144677e+01              1             52              1              9   1.303136e+01   1.464522e-01   8.651060e-01
         37000   6.714007e-01   7.244129e+01              2             51              0              7   1.324761e+01   1.449445e-01   8.671459e-01
         37500   6.507734e-01   6.551558e+01              1             51              0              6   1.334447e+01   1.479255e-01   8.836917e-01
         38000   6.879827e-01   7.438712e+01              1             53              1              7   1.328747e+01   1.526595e-01   8.660904e-01
         38500   6.801200e-01   7.538322e+01              1             53              1              8   1.324869e+01   1.555119e-01   8.674942e-01
         39000   6.721887e-01   7.638001e+01              1             52              2              7   1.330101e+01   1.556728e-01   8.505477e-01
         39500   6.660754e-01   7.737654e+01              2             52              2              8   1.304188e+01   1.466279e-01   8.366721e-01
         40000   6.745337e-01   7.837299e+01              1             51              1              7   1.325053e+01   1.550485e-01   8.528567e-01
         40500   6.711738e-01   7.937032e+01              1             52              1              9   1.313706e+01   1.365740e-01   8.591563e-01
         41000   7.288035e-01   4.929147e+01              1             51              1              9   1.333048e+01   1.445633e-01   8.848836e-01
         41500   7.324241e-01   5.025943e+01              3             50              0              7   1.359893e+01   1.563176e-01   8.909557e-01
         42000   7.570134e-01   5.123885e+01              1             52              0              7   1.309261e+01   1.509722e-01   8.840308e-01
         42500   7.483857e-01   5.222815e+01              2             53              1              8   1.308197e+01   1.583719e-01   8.909013e-01
         43000   7.762427e-01   5.321874e+01              1             52              2              7   1.339379e+01   1.814731e-01   8.911109e-01
         43500   7.912703e-01   3.130084e+01              1             50              0              8   1.351944e+01   2.031391e-01   9.112982e-01
         44000   7.594014e-01   5.517972e+01              1             52              0              9   1.331048e+01   1.896157e-01   8.907942e-01
         44500   7.869511e-01   3.315953e+01              1             47              0              8   1.307938e+01   1.937100e-01   9.044580e-01
         45000   7.976853e-01   3.413498e+01              1             47              0              8   1.317322e+01   1.771802e-01   8.998324e-01
         45500   7.972745e-01   3.511054e+01              1             44              0              7   1.322445e+01   1.590342e-01   8.925927e-01
         46000   8.227465e-01   3.610280e+01              3             46              0              8   1.301930e+01   1.945749e-01   9.000951e-01
         46500   8.103724e-01   3.708691e+01              1             44              0              9   1.327519e+01   1.794540e-01   8.895688e-01
         47000   7.891836e-01   3.807173e+01              1             43              0              9   1.327471e+01   1.517585e-01   8.944680e-01
         47500   7.925628e-01   3.906185e+01              1             41              0              9   1.324723e+01   1.687938e-01   8.912669e-01
         48000   7.984292e-01   4.005383e+01              1             42              0              8   1.316955e+01   1.655030e-01   8.859969e-01
         48500   8.247547e-01   4.103993e+01              1             46              0              7   1.310222e+01   1.831544e-01   8.865407e-01
         49000   8.508337e-01   2.371939e+01              1             48              0              6   1.313581e+01   2.003973e-01   8.909936e-01
         49500   8.197188e-01   4.295373e+01              1             47              0              7   1.358240e+01   1.733206e-01   8.820220e-01
         50000   8.356680e-01   2.562549e+01              1             44              0              6   1.336910e+01   1.661467e-01   8.839012e-01
         50500   8.067023e-01   4.491635e+01              1             42              0              8   1.320560e+01   1.868125e-01   8.805028e-01
         51000   8.045586e-01   4.590596e+01              2             47              0              7   1.314774e+01   1.707252e-01   8.709936e-01
         51500   8.172385e-01   4.689283e+01              1             44              0              8   1.318721e+01   1.767404e-01   8.637134e-01
         52000   7.918376e-01   6.902326e+01              1             44              0              8   1.331510e+01   1.737982e-01   8.723762e-01
         52500   8.170369e-01   3.015128e+01              1             46              0              7   1.273456e+01   1.844647e-01   8.723445e-01
         53000   8.117637e-01   4.987089e+01              1             44              0              8   1.318015e+01   1.831604e-01   8.649416e-01
         53500   8.229841e-01   5.086430e+01              1             42              0              9   1.333023e+01   1.946784e-01   8.578911e-01
         54000   8.184028e-01   5.185935e+01              1             49              0              7   1.340008e+01   2.050075e-01   8.750480e-01
         54500   8.132360e-01   5.285093e+01              1             45              0              5   1.340314e+01   2.081362e-01   8.725017e-01
         55000   8.088542e-01   5.383055e+01              1             48              0              7   1.376149e+01   1.985227e-01   8.823316e-01
         55500   8.590145e-01   3.555765e+01              2             47              0              8   1.368827e+01   2.192183e-01   8.953171e-01
         56000   8.429344e-01   3.654810e+01              3             50              0              7   1.373508e+01   2.100990e-01   9.012265e-01
         56500   8.298684e-01   3.751947e+01              1             47              0              7   1.366548e+01   2.008156e-01   8.946666e-01
         57000   8.309664e-01   3.846259e+01              2             50              0              8   1.396920e+01   2.100464e-01   8.654454e-01
         57500   8.466433e-01   3.941962e+01              2             44              0              8   1.377859e+01   2.338661e-01   8.890307e-01
         58000   8.469579e-01   4.040283e+01              1             45              0              9   1.372960e+01   2.409801e-01   8.865089e-01
         58500   8.285793e-01   6.051344e+01              2             40              0              6   1.365447e+01   2.497973e-01   8.814966e-01
         59000   8.058450e-01   6.149471e+01              1             41              0              8   1.396401e+01   2.270778e-01   8.791133e-01
         59500   8.490002e-01   4.325681e+01              1             37              0              9   1.386426e+01   2.217069e-01   8.694108e-01
         60000   8.392933e-01   4.424110e+01              1             38              0              8   1.362056e+01   2.525539e-01   8.568275e-01
         60500   8.301951e-01   4.518475e+01              1             38              0              9   1.372413e+01   2.568799e-01   8.722708e-01
         61000   8.273240e-01   6.534124e+01              2             40              0              9   1.371013e+01   2.255486e-01   8.724109e-01
         61500   8.390658e-01   6.628928e+01              2             39              0              8   1.378452e+01   2.461838e-01   8.723765e-01
         62000   8.664553e-01   4.812142e+01              1             32              0              8   1.388246e+01   2.369716e-01   8.702316e-01
         62500   8.299910e-01   6.808963e+01              1             37              0              6   1.383571e+01   2.396067e-01   8.716289e-01
         63000   8.235959e-01   6.902352e+01              1             39              0              7   1.391963e+01   2.565880e-01   8.522827e-01
         63500   8.117737e-01   7.000540e+01              1             35              0              8   1.378666e+01   2.337314e-01   8.527123e-01
         64000   8.235438e-01   7.098934e+01              1             35              0              8   1.375370e+01   2.433804e-01   8.648678e-01
         64500   8.648166e-01   5.279818e+01              1             34              0              8   1.329600e+01   2.378277e-01   9.069263e-01
         65000   8.751322e-01   5.378233e+01              2             35              0              8   1.367541e+01   2.354608e-01   8.888266e-01
         65500   8.584425e-01   5.477337e+01              1             33              0              6   1.364015e+01   2.470636e-01   8.759951e-01
         66000   8.434549e-01   5.576220e+01              1             39              0              9   1.348079e+01   2.361596e-01   8.985661e-01
         66500   8.641523e-01   5.673811e+01              1             35              0              9   1.375418e+01   2.483198e-01   8.963050e-01
         67000   8.518776e-01   5.773258e+01              1             35              0              9   1.355939e+01   2.427672e-01   9.104593e-01
         67500   8.317837e-01   7.717451e+01              1             42              0              8   1.344213e+01   2.398094e-01   8.923251e-01
         68000   8.222690e-01   7.815249e+01              1             42              0              6   1.322648e+01   2.224088e-01   8.849410e-01
         68500   8.321573e-01   6.055867e+01              2             42              1              8   1.328834e+01   2.220477e-01   8.992415e-01
         69000   8.410506e-01   6.154202e+01              1             42              1              9   1.314280e+01   2.106755e-01   9.040020e-01
         69500   8.302142e-01   8.100669e+01              1             43              0              9   1.307937e+01   1.989545e-01   8.962305e-01
         70000   8.195201e-01   8.199285e+01              2             41              0              8   1.341366e+01   2.258356e-01   8.990947e-01
         70500   8.078587e-01   8.298603e+01              2             42              1              8   1.347261e+01   2.305953e-01   9.176999e-01
         71000   8.151330e-01   8.398399e+01              1             38              0              7   1.309833e+01   1.920315e-01   8.920930e-01
         71500   8.444078e-01   6.619759e+01              1             39              0              8   1.320116e+01   2.129949e-01   9.150910e-01
         72000   8.401769e-01   8.584518e+01              1             37              0              7   1.316818e+01   2.170807e-01   9.025497e-01
         72500   8.396798e-01   6.815645e+01              1             37              0              8   1.360274e+01   2.156867e-01   9.051415e-01
         73000   8.568939e-01   6.912369e+01              1             37              0              7   1.355193e+01   2.186738e-01   9.101286e-01
         73500   8.482155e-01   7.010821e+01              1             39              0              7   1.318818e+01   2.262355e-01   9.036249e-01
         74000   8.322818e-01   7.109528e+01              1             39              0              8   1.337078e+01   2.312373e-01   8.944645e-01
         74500   8.312232e-01   9.059387e+01              1             43              0              8   1.312512e+01   2.295708e-01   9.001553e-01
         75000   8.674868e-01   7.300426e+01              2             34              0              8   1.358775e+01   2.303896e-01   8.966462e-01
         75500   8.927465e-01   5.123763e+01              1             33              0              8   1.356710e+01   2.545528e-01   9.269666e-01
         76000   8.567819e-01   7.495866e+01              1             35              0              7   1.333047e+01   2.140588e-01   9.099818e-01
         76500   8.360676e-01   7.593569e+01              1             37              0              7   1.333066e+01   2.297547e-01   9.090234e-01
         77000   8.580043e-01   7.690294e+01              1             36              0              8   1.335536e+01   2.312310e-01   9.007900e-01
         77500   8.589736e-01   7.788529e+01              1             38              0              7   1.340565e+01   2.262090e-01   9.052440e-01
         78000   8.429987e-01   7.887306e+01              1             43              0              9   1.305145e+01   2.076009e-01   8.944842e-01
         78500   8.694681e-01   7.986654e+01              1             39              0              9   1.336344e+01   2.121179e-01   9.076610e-01
         79000   8.837894e-01   5.726124e+01              1             35              0              8   1.342767e+01   2.129720e-01   9.096372e-01
         79500   8.654569e-01   8.181551e+01              1             35              0              8   1.296042e+01   2.022206e-01   8.879651e-01
         80000   8.788036e-01   8.280687e+01              1             36              0              7   1.320031e+01   2.316661e-01   9.100941e-01
         80500   8.985046e-01   6.008530e+01              1             33              0              5   1.326743e+01   2.201681e-01   9.122405e-01
         81000   9.027503e-01   6.108313e+01              1             34              0              7   1.333363e+01   2.290121e-01   9.172098e-01
         81500   9.165033e-01   6.207091e+01              1             32              0              6   1.321463e+01   2.553579e-01   9.193933e-01
         82000   9.206032e-01   6.304809e+01              1             32              0              9   1.319343e+01   2.614425e-01   9.201745e-01
         82500   9.583231e-01   3.956228e+01              2             30              0              7   1.328149e+01   2.642647e-01   9.341228e-01
         83000   9.291227e-01   4.053324e+01              1             31              0              8   1.330822e+01   2.578033e-01   9.226612e-01
         83500   9.227477e-01   6.591697e+01              1             31              0              6   1.342877e+01   2.528340e-01   9.130090e-01
         84000   9.887267e-01   2.251450e+01              1             30              0              6   1.294022e+01   2.412112e-01   9.087928e-01
         84500   9.678610e-01   4.341924e+01              1             29              0              6   1.342696e+01   2.490201e-01   9.082998e-01
         85000   9.463727e-01   4.441366e+01              2             30              0              5   1.318933e+01   2.689532e-01   9.098202e-01
         85500   9.506933e-01   4.540644e+01              1             30              0              6   1.351977e+01   2.498698e-01   9.000348e-01
         86000   9.362833e-01   4.638565e+01              1             31              0              6   1.334163e+01   2.422744e-01   9.005588e-01
         86500   9.331238e-01   7.127393e+01              1             31              0              7   1.328665e+01   2.306043e-01   9.035717e-01
         87000   9.267883e-01   7.225062e+01              1             29              0              8   1.321180e+01   2.329823e-01   9.068046e-01
         87500   8.964915e-01   7.324420e+01              2             32              0              9   1.349283e+01   2.225973e-01   9.107377e-01
         88000   9.173527e-01   7.423925e+01              1             30              0              8   1.352594e+01   2.442350e-01   9.370956e-01
         88500   9.373056e-01   7.520970e+01              1             29              0              6   1.334590e+01   2.400617e-01   9.246240e-01
         89000   9.356657e-01   7.614759e+01              1             28              0              7   1.340943e+01   2.347513e-01   9.206647e-01
         89500   9.077445e-01   7.710315e+01              2             31              0              8   1.325832e+01   2.433904e-01   9.061014e-01
         90000   9.565905e-01   5.394631e+01              1             30              0              8   1.311653e+01   2.649373e-01   9.126455e-01
         90500   9.561649e-01   5.493961e+01              1             31              0              6   1.319844e+01   2.771165e-01   9.228014e-01
         91000   9.877653e-01   3.350328e+01              1             30              0              7   1.302717e+01   2.894836e-01   9.201165e-01
         91500   9.879125e-01   3.447829e+01              1             31              0              7   1.324906e+01   2.923360e-01   9.241232e-01
         92000   9.733491e-01   5.785894e+01              1             28              0              5   1.301139e+01   2.895800e-01   8.951811e-01
         92500   9.558603e-01   5.885316e+01              1             31              0              7   1.294371e+01   2.980788e-01   9.003511e-01
         93000   9.451411e-01   5.985228e+01              1             30              0              8   1.296175e+01   2.888973e-01   8.927470e-01
         93500   9.747373e-01   6.083430e+01              1             29              0              6   1.327253e+01   2.701989e-01   9.048297e-01
         94000   9.519885e-01   6.182202e+01              1             30              0              5   1.349996e+01   2.901569e-01   9.154632e-01
         94500   9.983659e-01   3.985259e+01              1             31              0              6   1.353101e+01   3.083811e-01   9.090838e-01
         95000   9.767337e-01   6.375402e+01              1             31              0              7   1.321391e+01   3.235877e-01   9.064985e-01
         95500   9.868841e-01   6.472643e+01              1             30              0              7   1.340861e+01   2.884844e-01   9.255029e-01
         96000   9.282055e-01   8.805578e+01              1             31              0              6   1.336217e+01   2.801994e-01   9.056770e-01
         96500   9.813946e-01   4.342686e+01              1             30              0              6   1.305491e+01   3.070668e-01   8.984532e-01
         97000   9.851446e-01   4.437688e+01              1             28              0              5   1.315576e+01   3.116498e-01   8.936615e-01
         97500   9.726708e-01   6.862150e+01              1             29              0              5   1.278416e+01   3.436370e-01   8.803035e-01
         98000   9.666822e-01   6.958681e+01              1             30              0              7   1.337244e+01   3.749583e-01   8.866427e-01
         98500   1.006476e+00   4.726208e+01              1             28              0              8   1.292136e+01   3.637289e-01   8.863765e-01
         99000   1.029793e+00   4.824678e+01              1             29              0              6   1.296324e+01   3.435127e-01   8.893277e-01
         99500   9.963358e-01   4.923088e+01              1             29              0              6   1.320184e+01   3.380947e-01   8.726221e-01
        100000   1.035439e+00   2.985609e+01              1             26              0              4   1.291521e+01   3.583780e-01   8.646438e-01
        100500   1.009766e+00   5.120299e+01              1             28              0              6   1.320079e+01   3.549390e-01   8.775572e-01
        101000   1.003713e+00   5.220215e+01              1             30              0              6   1.281289e+01   3.497802e-01   8.652519e-01
        101500   1.009419e+00   5.319735e+01              1             27              0              3   1.290738e+01   3.460879e-01   8.659703e-01
        102000   9.847096e-01   5.417945e+01              1             28              0              6   1.297060e+01   3.308466e-01   8.649251e-01
        102500   1.012780e+00   5.516485e+01              1             27              0              5   1.297418e+01   3.424193e-01   8.627770e-01
        103000   1.033416e+00   5.614646e+01              1             27              0              5   1.290482e+01   3.403471e-01   8.646403e-01
        103500   1.034755e+00   3.601617e+01              1             25              0              6   1.318920e+01   3.378693e-01   8.851069e-01
        104000   1.039929e+00   3.699710e+01              1             24              0              4   1.279665e+01   3.123377e-01   8.496229e-01
        104500   1.046816e+00   3.799096e+01              1             23              0              5   1.292667e+01   3.451654e-01   8.467047e-01
        105000   1.079126e+00   3.898255e+01              1             22              0              4   1.288495e+01   3.437573e-01   8.714994e-01
        105500   1.040459e+00   3.996539e+01              1             23              0              4   1.284673e+01   3.471142e-01   8.557549e-01
        106000   1.050327e+00   4.093055e+01              1             26              0              2   1.300052e+01   3.658969e-01   8.624554e-01
        106500   1.084159e+00   4.191701e+01              1             24              0              3   1.304309e+01   3.691370e-01   8.733466e-01
        107000   1.066151e+00   4.287165e+01              1             24              0              3   1.286066e+01   3.460110e-01   8.673675e-01
        107500   1.095550e+00   2.640714e+01              1             23              0              5   1.307658e+01   3.351138e-01   8.748368e-01
        108000   1.118778e+00   2.739440e+01              1             24              0              4   1.306487e+01   3.406422e-01   9.014492e-01
        108500   1.158362e+00   1.548472e+01              1             22              0              2   1.312864e+01   3.353833e-01   8.951640e-01
        109000   1.155024e+00   1.643421e+01              1             22              0              2   1.322234e+01   3.398980e-01   8.870785e-01
        109500   1.152383e+00   3.021423e+01              1             20              0              1   1.338682e+01   3.156432e-01   8.746713e-01
        110000   1.158758e+00   1.841726e+01              1             21              0              2   1.322241e+01   3.379108e-01   8.800601e-01
        110500   1.182464e+00   1.940979e+01              1             22              0              1   1.304625e+01   3.293394e-01   8.763752e-01
        111000   1.160496e+00   2.039891e+01              1             22              0              3   1.302631e+01   3.488867e-01   8.461778e-01
        111500   1.174478e+00   2.139117e+01              1             22              0              3   1.319021e+01   3.464743e-01   8.579105e-01
        112000   1.181872e+00   2.238613e+01              1             21              0              2   1.303871e+01   3.431717e-01   8.661467e-01
        112500   1.183119e+00   2.337606e+01              1             20              0              2   1.293141e+01   3.362105e-01   8.661553e-01
        113000   1.158826e+00   2.436878e+01              1             21              0              2   1.329055e+01   3.246114e-01   8.669072e-01
        113500   1.152624e+00   2.535860e+01              1             21              0              2   1.290456e+01   3.285895e-01   8.687569e-01
        114000   1.206391e+00   1.680690e+01              0             21              0              3   1.301225e+01   3.341531e-01   8.880671e-01
        114500   1.217252e+00   1.780222e+01              1             22              0              2   1.329128e+01   3.140436e-01   8.982993e-01
        115000   1.206943e+00   1.879508e+01              1             22              0              2   1.289203e+01   3.112212e-01   8.814042e-01
        115500   1.189798e+00   1.977420e+01              0             19              0              2   1.287013e+01   3.300995e-01   8.905714e-01
        116000   1.175411e+00   3.008041e+01              1             22              0              1   1.285364e+01   3.360585e-01   8.951870e-01
        116500   1.167534e+00   3.107549e+01              1             22              0              3   1.291335e+01   3.469786e-01   8.795745e-01
        117000   1.148271e+00   3.206801e+01              1             22              0              3   1.272558e+01   3.207037e-01   8.749065e-01
        117500   1.151446e+00   3.305942e+01              1             22              0              2   1.292456e+01   3.150313e-01   8.830853e-01
        118000   1.160706e+00   3.405190e+01              1             22              0              3   1.296765e+01   3.043303e-01   8.849273e-01
        118500   1.128998e+00   4.546597e+01              1             23              0              3   1.271406e+01   2.801565e-01   8.718935e-01
        119000   1.158033e+00   3.599950e+01              1             20              0              1   1.300954e+01   2.683989e-01   8.775637e-01
        119500   1.171534e+00   3.699524e+01              1             22              0              2   1.317148e+01   2.993854e-01   8.606130e-01
        120000   1.142840e+00   3.798670e+01              1             22              0              4   1.296567e+01   3.033176e-01   8.621048e-01
        120500   1.192160e+00   3.897315e+01              0             19              0              2   1.286578e+01   2.930783e-01   8.672866e-01
        121000   1.171670e+00   3.992184e+01              1             21              0              2   1.315912e+01   2.913082e-01   8.827161e-01
        121500   1.158357e+00   4.091220e+01              1             22              0              2   1.298956e+01   2.889282e-01   8.593930e-01
        122000   1.114111e+00   5.167517e+01              1             22              0              2   1.281519e+01   2.734569e-01   8.554918e-01
        122500   1.117774e+00   5.267133e+01              1             23              0              3   1.300813e+01   2.907197e-01   8.704459e-01
        123000   1.131169e+00   5.365618e+01              1             22              0              2   1.330898e+01   3.051817e-01   8.660140e-01
        123500   1.133279e+00   5.464254e+01              1             19              0              2   1.363777e+01   3.089199e-01   8.885823e-01
        124000   1.144332e+00   4.555503e+01              1             20              0              2   1.341458e+01   3.073039e-01   8.853311e-01
        124500   1.155205e+00   4.653820e+01              0             18              0              1   1.325557e+01   2.999388e-01   8.832824e-01
        125000   1.163758e+00   4.752540e+01              1             23              1              2   1.327703e+01   2.981019e-01   8.775288e-01
        125500   1.195372e+00   3.604775e+01              0             17              0              2   1.342164e+01   2.827469e-01   8.811185e-01
        126000   1.155262e+00   4.950209e+01              1             20              0              2   1.312894e+01   2.926648e-01   8.821370e-01
        126500   1.206446e+00   3.788177e+01              0             18              0              1   1.280691e+01   2.947353e-01   8.730743e-01
        127000   1.177148e+00   3.883274e+01              1             23              0              2   1.296910e+01   2.844349e-01   8.856496e-01
        127500   1.166820e+00   5.239912e+01              1             23              0              2   1.281427e+01   2.824577e-01   8.842797e-01
        128000   1.197976e+00   4.068936e+01              1             21              0              2   1.301163e+01   2.795201e-01   8.761681e-01
        128500   1.244571e+00   4.166197e+01              1             19              0              1   1.306725e+01   2.830336e-01   8.714400e-01
        129000   1.250996e+00   2.804497e+01              0             17              0              2   1.305761e+01   2.814663e-01   8.809477e-01
        129500   1.231674e+00   4.357373e+01              1             22              0              1   1.301560e+01   2.785484e-01   8.762680e-01
        130000   1.190919e+00   4.456077e+01              1             21              0              2   1.286334e+01   2.678801e-01   8.657722e-01
        130500   1.178306e+00   5.756246e+01              1             23              0              2   1.298553e+01   2.733254e-01   8.652585e-01
        131000   1.205029e+00   4.646927e+01              1             23              0              1   1.307607e+01   2.752913e-01   8.596401e-01
        131500   1.161250e+00   5.947062e+01              1             22              0              3   1.309409e+01   2.831528e-01   8.655705e-01
        132000   1.139670e+00   6.764372e+01              1             26              1              5   1.295680e+01   2.797469e-01   8.614839e-01
        132500   1.129996e+00   6.862963e+01              1             25              2              5   1.320316e+01   2.887460e-01   8.780681e-01
        133000   1.141054e+00   6.961759e+01              1             27              2              2   1.303220e+01   2.790679e-01   8.583223e-01
        133500   1.148637e+00   6.329279e+01              1             26              1              3   1.303183e+01   2.871231e-01   8.558951e-01
        134000   1.095086e+00   7.154946e+01              1             27              2              5   1.309617e+01   2.706381e-01   8.510683e-01
        134500   1.079712e+00   7.692234e+01              1             26              2              3   1.305412e+01   2.712797e-01   8.538095e-01
        135000   1.106248e+00   7.342167e+01              1             25              2              2   1.315574e+01   2.823602e-01   8.670273e-01
        135500   1.133048e+00   7.440343e+01              1             24              2              3   1.301822e+01   2.464955e-01   8.414596e-01
        136000   1.069103e+00   7.978546e+01              1             27              2              3   1.316265e+01   2.523834e-01   8.478492e-01
        136500   1.075934e+00   8.077731e+01              1             26              2              4   1.341983e+01   2.679335e-01   8.538395e-01
        137000   1.129239e+00   7.720413e+01              1             25              1              2   1.327105e+01   2.680979e-01   8.414682e-01
        137500   1.089871e+00   8.262579e+01              1             26              2              4   1.303742e+01   2.538668e-01   8.425223e-01
        138000   1.133123e+00   7.915172e+01              1             27              2              4   1.299927e+01   2.725369e-01   8.506845e-01
        138500   1.128714e+00   8.014043e+01              1             27              2              3   1.297972e+01   2.664537e-01   8.536590e-01
        139000   1.110670e+00   8.113434e+01              1             27              2              4   1.323359e+01   2.965189e-01   8.584151e-01
        139500   1.133789e+00   8.211961e+01              1             25              2              3   1.291313e+01   2.914657e-01   8.500210e-01
        140000   1.106929e+00   8.310676e+01              1             27              2              3   1.274274e+01   2.934717e-01   8.172033e-01
        140500   1.139552e+00   8.409197e+01              1             26              2              4   1.297969e+01   3.159261e-01   8.412676e-01
        141000   1.105187e+00   8.508254e+01              1             25              2              3   1.263640e+01   3.156909e-01   8.178796e-01
        141500   1.067372e+00   8.970306e+01              1             27              2              4   1.283678e+01   3.122872e-01   8.160007e-01
        142000   1.089548e+00   9.069186e+01              1             26              2              4   1.277460e+01   3.007283e-01   8.186864e-01
        142500   1.103041e+00   8.787766e+01              1             27              2              3   1.304947e+01   2.917930e-01   8.353447e-01
        143000   1.109219e+00   8.886763e+01              1             27              2              2   1.307222e+01   2.947138e-01   8.578765e-01
        143500   1.064055e+00   9.355105e+01              1             26              2              4   1.317289e+01   2.833757e-01   8.559152e-01
        144000   1.107992e+00   9.066417e+01              1             27              2              3   1.325292e+01   2.692920e-01   8.609008e-01
        144500   1.091603e+00   9.164811e+01              1             26              1              5   1.335077e+01   3.108586e-01   8.379277e-01
        145000   1.088057e+00   9.643253e+01              1             26              1              4   1.389132e+01   3.160642e-01   8.572399e-01
        145500   1.088592e+00   9.736169e+01              1             25              1              5   1.376254e+01   3.339511e-01   8.646221e-01
        146000   1.065313e+00   9.835217e+01              1             26              1              4   1.372242e+01   3.336331e-01   8.344638e-01
        146500   1.087792e+00   9.934629e+01              1             25              2              3   1.356975e+01   3.106066e-01   8.349083e-01
        147000   1.073729e+00   1.003434e+02              1             25              2              3   1.340697e+01   3.014941e-01   8.347762e-01
        147500   1.072325e+00   1.013349e+02              1             22              0              3   1.379373e+01   3.210129e-01   8.236064e-01
        148000   1.046649e+00   1.023074e+02              1             24              0              3   1.382288e+01   3.054823e-01   8.434628e-01
        148500   1.077587e+00   1.032933e+02              1             24              0              2   1.385316e+01   3.038502e-01   8.509220e-01
        149000   1.066335e+00   1.042886e+02              1             23              0              4   1.376908e+01   2.941362e-01   8.516244e-01
        149500   1.076151e+00   1.052868e+02              1             22              0              2   1.379153e+01   2.836579e-01   8.453253e-01
        150000   1.068547e+00   1.062829e+02              1             24              0              3   1.356464e+01   2.686369e-01   8.371669e-01
        150500   1.061063e+00   1.072792e+02              1             23              0              3   1.345727e+01   2.499216e-01   8.435672e-01
        151000   1.035609e+00   1.084594e+02              1             24              0              4   1.369185e+01   2.445123e-01   8.476605e-01
        151500   1.068398e+00   1.092290e+02              1             24              0              2   1.362406e+01   2.591829e-01   8.435355e-01
        152000   1.090145e+00   1.102210e+02              1             24              0              2   1.373232e+01   2.697633e-01   8.642488e-01
        152500   1.045219e+00   1.110893e+02              1             22              0              3   1.353859e+01   2.534450e-01   8.340282e-01
        153000   1.099423e+00   1.064598e+02              1             24              0              4   1.343028e+01   2.556648e-01   8.540174e-01
        153500   1.091363e+00   1.131048e+02              1             22              0              2   1.359148e+01   2.704892e-01   8.534771e-01
        154000   1.066338e+00   1.140828e+02              1             22              0              3   1.355631e+01   2.640701e-01   8.250573e-01
        154500   1.091258e+00   1.091621e+02              1             22              0              2   1.366684e+01   2.751396e-01   8.350116e-01
        155000   1.062335e+00   1.160541e+02              1             23              0              3   1.365180e+01   2.713923e-01   8.439990e-01
        155500   1.063732e+00   1.170321e+02              1             22              0              3   1.376665e+01   3.034550e-01   8.403219e-01
        156000   1.056146e+00   1.180133e+02              1             23              0              2   1.365284e+01   2.812222e-01   8.467641e-01
        156500   1.027725e+00   1.179631e+02              1             23              0              2   1.363146e+01   2.947835e-01   8.269820e-01
        157000   1.024326e+00   1.189495e+02              1             23              0              2   1.364703e+01   2.956738e-01   8.192800e-01
        157500   1.046006e+00   1.207555e+02              1             23              0              3   1.381677e+01   2.965652e-01   8.391819e-01
        158000   1.024931e+00   1.209228e+02              1             24              0              3   1.383834e+01   3.121009e-01   8.469227e-01
        158500   1.030299e+00   1.219156e+02              1             24              0              3   1.369312e+01   3.237135e-01   8.363178e-01
        159000   1.023842e+00   1.229117e+02              1             23              0              4   1.364605e+01   3.388714e-01   8.424655e-01
        159500   1.015634e+00   1.239019e+02              1             24              0              2   1.365095e+01   3.372766e-01   8.323304e-01
        160000   1.028022e+00   1.248947e+02              1             22              0              2   1.357425e+01   3.426280e-01   8.149009e-01
        160500   1.003277e+00   1.258833e+02              1             24              0              2   1.351503e+01   3.229478e-01   8.231725e-01
        161000   1.001013e+00   1.268403e+02              1             23              0              2   1.343634e+01   2.988060e-01   8.284356e-01
        161500   1.030258e+00   1.278352e+02              1             23              0              3   1.356379e+01   3.219215e-01   8.276917e-01
        162000   1.028563e+00   1.288209e+02              1             23              0              1   1.322720e+01   2.955910e-01   8.166142e-01
        162500   1.024726e+00   1.298199e+02              1             23              0              3   1.344155e+01   3.113283e-01   8.110930e-01
        163000   1.002183e+00   1.272802e+02              1             23              0              2   1.334720e+01   3.159010e-01   8.115648e-01
        163500   9.831920e-01   1.282390e+02              1             24              0              4   1.366629e+01   3.464952e-01   8.092788e-01
        164000   1.014792e+00   1.326840e+02              1             23              0              2   1.366974e+01   3.744182e-01   8.044471e-01
        164500   1.001176e+00   1.301637e+02              1             23              0              4   1.361691e+01   3.840762e-01   8.007653e-01
        165000   1.039952e+00   1.346414e+02              1             22              0              3   1.357871e+01   3.862135e-01   7.990693e-01
        165500   1.069262e+00   1.340999e+02              1             24              0              2   1.355900e+01   3.659739e-01   8.244618e-01
        166000   1.057263e+00   1.350870e+02              1             23              0              2   1.354574e+01   3.656071e-01   8.251418e-01
        166500   1.068194e+00   1.360805e+02              1             24              0              3   1.360515e+01   3.509750e-01   8.144397e-01
        167000   1.073105e+00   1.370578e+02              1             24              0              3   1.348639e+01   3.439866e-01   8.295847e-01
        167500   1.129570e+00   1.029565e+02              1             21              0              3   1.361436e+01   3.403020e-01   8.352111e-01
        168000   1.150043e+00   1.039461e+02              1             22              0              3   1.345193e+01   3.153981e-01   8.449746e-01
        168500   1.204464e+00   7.497828e+01              1             20              0              1   1.389653e+01   3.079984e-01   8.568365e-01
        169000   1.223808e+00   7.595728e+01              1             20              0              1   1.359371e+01   3.010279e-01   8.672747e-01
        169500   1.271380e+00   4.764414e+01              0             20              0              1   1.380055e+01   3.063160e-01   8.716553e-01
        170000   1.290803e+00   2.594997e+01              0             17              0              1   1.358115e+01   2.849531e-01   8.837146e-01
        170500   1.327464e+00   2.692886e+01              0             20              0              2   1.342270e+01   2.685724e-01   8.873283e-01
        171000   1.363025e+00   1.359414e+01              0             16              0              0   1.342004e+01   2.509722e-01   8.889553e-01
        171500   1.364871e+00   1.459069e+01              0             17              0              1   1.333706e+01   2.689382e-01   8.994425e-01
        172000   1.378947e+00   1.557060e+01              0             17              0              0   1.336222e+01   2.495328e-01   8.729964e-01
        172500   1.388999e+00   1.651855e+01              0             17              0              0   1.323280e+01   2.461689e-01   8.710300e-01
        173000   1.440809e+00   9.667835e+00              0             13              0              0   1.330850e+01   2.118199e-01   9.013789e-01
        173500   1.458967e+00   6.193150e+00              0             14              0              0   1.322969e+01   2.097269e-01   8.915127e-01
        174000   1.466518e+00   7.184167e+00              0             12              0              0   1.332625e+01   2.300165e-01   9.113865e-01
        174500   1.474170e+00   8.178070e+00              0             12              0              0   1.314561e+01   2.279499e-01   8.992326e-01
        175000   1.458644e+00   9.171414e+00              0             15              0              1   1.313697e+01   2.080359e-01   8.735944e-01
        175500   1.478605e+00   1.016500e+01              0              9              0              0   1.326215e+01   2.033115e-01   9.018910e-01
        176000   1.489061e+00   1.113738e+01              0              9              0              0   1.325187e+01   2.077734e-01   9.190349e-01
        176500   1.536788e+00   5.366950e+00              0              9              0              0   1.312380e+01   2.136798e-01   8.846626e-01
        177000   1.478542e+00   1.298174e+01              0              9              0              0   1.332621e+01   2.130350e-01   8.738393e-01
        177500   1.462226e+00   1.397723e+01              0             10              0              0   1.321060e+01   2.481172e-01   8.876313e-01
        178000   1.483543e+00   1.497264e+01              0             11              0              0   1.344872e+01   2.492261e-01   8.953200e-01
        178500   1.473114e+00   1.596456e+01              0             14              0              0   1.350437e+01   2.487270e-01   8.999492e-01
        179000   1.484109e+00   1.695051e+01              0             10              0              0   1.305960e+01   2.238919e-01   8.734575e-01
        179500   1.458375e+00   1.793959e+01              0              8              0              0   1.348240e+01   2.053142e-01   8.744833e-01
        180000   1.406948e+00   2.177732e+01              0             13              0              0   1.352537e+01   2.205470e-01   9.074345e-01
        180500   1.430183e+00   2.276874e+01              0             10              0              0   1.337641e+01   2.130158e-01   9.193204e-01
        181000   1.431181e+00   2.371192e+01              0             12              0              0   1.352292e+01   2.154429e-01   9.039599e-01
        181500   1.460947e+00   2.163559e+01              0             10              0              0   1.335214e+01   2.032911e-01   8.904498e-01
        182000   1.483069e+00   2.263129e+01              0             13              0              0   1.328012e+01   1.975089e-01   8.748066e-01
        182500   1.463744e+00   2.361858e+01              0             13              0              0   1.307928e+01   1.955355e-01   8.930105e-01
        183000   1.459068e+00   2.461314e+01              0             12              0              0   1.320811e+01   2.173499e-01   8.901290e-01
        183500   1.449577e+00   2.559777e+01              0             14              0              0   1.313129e+01   2.111810e-01   8.984525e-01
        184000   1.475396e+00   2.656994e+01              0             15              0              0   1.332846e+01   2.273542e-01   9.103428e-01
        184500   1.424255e+00   3.016529e+01              0             16              0              1   1.335464e+01   2.382707e-01   9.172460e-01
        185000   1.432319e+00   3.115060e+01              0             15              0              1   1.323060e+01   2.457180e-01   9.152142e-01
        185500   1.452056e+00   2.941731e+01              0             16              0              0   1.343112e+01   2.256255e-01   9.210696e-01
        186000   1.432416e+00   3.308466e+01              0             15              0              0   1.337348e+01   1.836270e-01   8.907442e-01
        186500   1.447072e+00   3.407157e+01              0             12              0              0   1.322109e+01   2.087716e-01   8.806891e-01
        187000   1.408438e+00   3.504532e+01              0             17              0              0   1.336107e+01   1.980681e-01   8.870197e-01
        187500   1.404967e+00   3.602848e+01              0             15              0              0   1.350969e+01   1.944129e-01   9.031274e-01
        188000   1.428617e+00   3.699768e+01              0             13              0              1   1.325540e+01   2.246751e-01   9.026045e-01
        188500   1.373015e+00   3.914195e+01              0             13              0              1   1.334954e+01   2.392991e-01   9.056764e-01
        189000   1.324297e+00   4.513776e+01              0             15              1              1   1.326478e+01   2.436749e-01   8.828889e-01
        189500   1.384511e+00   4.109450e+01              0             11              0              1   1.338915e+01   2.386828e-01   9.003750e-01
        190000   1.371467e+00   4.207835e+01              0             10              0              0   1.321410e+01   2.434310e-01   9.034375e-01
        190500   1.408418e+00   4.135531e+01              0             16              0              0   1.312975e+01   2.532547e-01   8.993769e-01
        191000   1.388228e+00   4.398267e+01              0              9              0              0   1.342275e+01   2.655347e-01   8.974272e-01
        191500   1.348352e+00   4.931290e+01              0             13              0              0   1.319462e+01   2.648680e-01   8.701178e-01
        192000   1.364110e+00   4.596147e+01              0             11              0              1   1.316620e+01   2.625384e-01   8.750692e-01
        192500   1.382004e+00   4.695232e+01              0             12              0              0   1.310770e+01   2.695039e-01   8.577130e-01
        193000   1.383543e+00   4.794243e+01              0             13              0              0   1.329289e+01   2.572563e-01   8.576568e-01
        193500   1.365092e+00   4.894064e+01              0             12              0              0   1.327799e+01   2.603727e-01   8.895549e-01
        194000   1.357533e+00   4.992710e+01              0             11              0              0   1.330523e+01   2.394961e-01   8.735297e-01
        194500   1.344822e+00   5.471649e+01              0             11              0              0   1.324036e+01   2.511373e-01   8.797735e-01
        195000   1.329511e+00   5.567896e+01              0             12              0              0   1.334108e+01   2.559006e-01   8.661719e-01
        195500   1.298296e+00   5.666812e+01              0             15              0              1   1.303297e+01   2.443727e-01   8.545671e-01
        196000   1.296376e+00   5.764698e+01              0             17              0              0   1.299870e+01   2.731650e-01   8.410615e-01
        196500   1.298924e+00   5.861960e+01              0             17              0              1   1.316219e+01   2.738165e-01   8.428646e-01
        197000   1.278440e+00   7.042010e+01              1             16              0              1   1.308660e+01   2.737931e-01   8.245241e-01
        197500   1.297145e+00   7.139426e+01              0             16              0              1   1.314151e+01   3.034371e-01   8.270242e-01
        198000   1.303998e+00   6.152514e+01              0             15              0              0   1.309237e+01   3.027690e-01   8.243124e-01
        198500   1.304678e+00   6.250508e+01              0             17              0              0   1.310960e+01   3.055193e-01   8.148050e-01
        199000   1.315041e+00   6.349949e+01              0             15              0              1   1.308581e+01   2.863607e-01   8.349948e-01
        199500   1.332182e+00   6.449295e+01              0             12              0              0   1.326018e+01   2.564883e-01   8.264220e-01
        200000   1.303862e+00   6.548411e+01              0             13              0              0   1.330983e+01   2.659336e-01   8.252387e-01
        200500   1.312230e+00   6.648004e+01              0             15              0              0   1.330138e+01   2.753793e-01   8.084313e-01
        201000   1.329901e+00   6.746937e+01              0             13              0              0   1.327184e+01   2.569189e-01   8.110603e-01
        201500   1.355134e+00   6.271033e+01              0             11              0              0   1.325588e+01   2.840454e-01   8.482794e-01
        202000   1.350259e+00   6.369707e+01              0             13              0              1   1.306515e+01   2.637396e-01   8.577281e-01
        202500   1.392593e+00   6.468798e+01              0             10              0              0   1.307094e+01   2.567481e-01   8.475690e-01
        203000   1.394181e+00   5.896033e+01              0             10              0              1   1.312018e+01   2.755585e-01   8.438599e-01
        203500   1.349337e+00   7.182905e+01              0             12              0              1   1.296754e+01   2.864615e-01   8.496195e-01
        204000   1.297683e+00   7.278552e+01              0             14              0              0   1.306155e+01   2.890437e-01   8.332932e-01
        204500   1.301118e+00   7.375978e+01              0             14              0              0   1.331513e+01   2.872128e-01   8.109248e-01
        205000   1.299672e+00   8.341183e+01              0             14              0              1   1.319219e+01   2.739197e-01   8.408166e-01
        205500   1.281998e+00   8.438269e+01              0             11              0              1   1.332501e+01   3.019563e-01   8.214203e-01
        206000   1.290072e+00   7.667516e+01              0             11              1              0   1.331523e+01   3.052615e-01   8.112657e-01
        206500   1.322926e+00   7.766940e+01              0             12              1              1   1.351150e+01   2.907919e-01   8.272114e-01
        207000   1.333907e+00   7.866674e+01              0             10              0              1   1.329482e+01   2.957761e-01   8.153368e-01
        207500   1.348998e+00   7.962894e+01              0              8              0              1   1.315573e+01   2.719686e-01   8.062378e-01
        208000   1.349538e+00   8.053426e+01              0              9              0              1   1.314648e+01   2.778057e-01   7.776583e-01
        208500   1.355099e+00   7.538745e+01              0              8              0              0   1.327119e+01   2.881548e-01   8.142677e-01
        209000   1.396691e+00   7.637646e+01              0              7              0              1   1.310626e+01   2.771320e-01   7.912716e-01
        209500   1.451779e+00   5.356661e+01              0              8              0              1   1.306612e+01   2.986017e-01   7.848914e-01
        210000   1.499778e+00   3.734713e+01              0              7              0              0   1.311579e+01   2.728225e-01   8.191919e-01
        210500   1.485202e+00   5.548105e+01              0              6              0              0   1.330480e+01   2.992897e-01   8.302245e-01
        211000   1.583150e+00   2.329263e+01              0              4              0              0   1.337813e+01   2.882802e-01   8.189197e-01
        211500   1.614886e+00   1.254910e+01              0              3              0              0   1.364095e+01   3.131289e-01   8.240840e-01
        212000   1.633266e+00   1.354193e+01              0              2              0              0   1.344367e+01   3.146845e-01   8.276307e-01
        212500   1.653859e+00   7.409068e+00              0              2              0              0   1.362548e+01   3.215792e-01   8.341634e-01
        213000   1.635701e+00   1.548232e+01              0              3              0              0   1.325264e+01   3.029717e-01   8.239179e-01
        213500   1.652574e+00   9.344156e+00              0              3              0              0   1.309614e+01   3.179621e-01   8.087039e-01
        214000   1.585656e+00   2.820943e+01              0              5              0              0   1.345087e+01   3.203680e-01   8.285604e-01
        214500   1.627745e+00   1.839916e+01              0              2              0              0   1.344588e+01   2.964979e-01   8.266129e-01
        215000   1.670131e+00   1.205167e+01              0              3              0              0   1.335748e+01   2.862535e-01   8.433719e-01
        215500   1.699306e+00   1.303045e+01              0              3              0              0   1.331150e+01   3.011309e-01   8.362569e-01
        216000   1.697955e+00   8.896803e+00              0              5              0              0   1.315981e+01   3.165033e-01   8.251427e-01
        216500   1.697128e+00   9.853341e+00              0              3              0              0   1.316518e+01   3.207573e-01   8.292103e-01
        217000   1.683942e+00   1.592061e+01              0              2              0              0   1.325549e+01   3.187094e-01   8.158830e-01
        217500   1.699661e+00   1.176675e+01              0              4              0              0   1.318675e+01   3.270251e-01   8.133613e-01
        218000   1.705336e+00   1.271075e+01              0              4              0              0   1.336387e+01   3.103681e-01   8.369476e-01
        218500   1.733180e+00   8.863966e+00              0              2              0              0   1.326558e+01   2.773378e-01   8.380490e-01
        219000   1.736402e+00   9.791855e+00              0              3              0              0   1.321046e+01   2.958727e-01   8.350722e-01
        219500   1.746122e+00   1.072642e+01              0              2              0              0   1.333027e+01   2.845726e-01   8.315074e-01
        220000   1.747769e+00   1.169192e+01              0              4              0              0   1.328033e+01   2.995144e-01   8.331384e-01
        220500   1.748545e+00   1.266768e+01              0              3              0              0   1.316344e+01   2.844741e-01   8.409732e-01
        221000   1.722441e+00   1.856595e+01              0              4              0              0   1.324082e+01   2.865105e-01   8.507585e-01
        221500   1.739669e+00   1.956014e+01              0              2              0              0   1.320105e+01   2.942109e-01   8.466345e-01
        222000   1.728104e+00   2.053578e+01              0              4              0              0   1.324556e+01   2.784972e-01   8.453356e-01
        222500   1.752455e+00   1.639321e+01              0              5              0              0   1.325949e+01   2.686382e-01   8.527597e-01
        223000   1.757818e+00   1.738386e+01              0              5              0              0   1.318253e+01   2.650518e-01   8.392343e-01
        223500   1.755276e+00   1.836605e+01              0              3              0              0   1.340216e+01   2.798236e-01   8.507977e-01
        224000   1.793572e+00   1.295762e+01              0              4              0              0   1.330479e+01   2.599152e-01   8.538601e-01
        224500   1.810309e+00   1.392716e+01              0              5              0              0   1.335098e+01   2.706268e-01   8.555925e-01
        225000   1.837490e+00   1.491657e+01              0              3              0              0   1.347141e+01   3.043004e-01   8.447699e-01
        225500   1.834735e+00   1.587725e+01              0              2              0              0   1.328285e+01   2.896811e-01   8.293958e-01
        226000   1.790730e+00   2.286297e+01              0              3              0              0   1.294601e+01   2.813726e-01   8.062337e-01
        226500   1.815345e+00   1.782426e+01              0              1              0              0   1.305663e+01   2.972955e-01   8.137657e-01
        227000   1.821918e+00   1.882120e+01              0              2              0              0   1.314985e+01   2.745509e-01   8.241366e-01
        227500   1.847309e+00   1.980898e+01              0              4              0              0   1.323896e+01   2.686555e-01   8.295888e-01
        228000   1.831894e+00   2.078124e+01              0              4              0              0   1.333701e+01   2.700348e-01   8.519727e-01
        228500   1.858846e+00   1.502289e+01              0              1              0              0   1.335659e+01   2.761610e-01   8.424961e-01
        229000   1.905296e+00   9.674683e+00              0              1              0              0   1.325169e+01   2.687436e-01   8.584194e-01
        229500   1.907136e+00   1.065585e+01              0              1              0              0   1.316490e+01   2.731583e-01   8.747976e-01
        230000   1.942768e+00   6.651869e+00              0              1              0              0   1.310231e+01   2.803738e-01   8.750100e-01
        230500   1.955690e+00   7.636940e+00              0              1              0              0   1.350486e+01   2.896487e-01   8.792587e-01
        231000   1.933528e+00   1.354666e+01              0              1              0              0   1.336644e+01   2.587823e-01   8.726780e-01
        231500   1.928511e+00   1.453226e+01              0              1              0              0   1.338764e+01   2.741802e-01   8.735887e-01
        232000   1.943452e+00   1.550852e+01              0              2              0              0   1.340004e+01   2.531829e-01   8.798726e-01
        232500   1.987901e+00   7.105995e+00              0              0              0              0   1.351271e+01   2.393875e-01   8.934538e-01
        233000   2.001881e+00   8.067999e+00              0              1              0              0   1.330700e+01   2.316801e-01   8.963869e-01
        233500   2.015593e+00   9.025184e+00              0              0              0              0   1.334775e+01   2.365650e-01   9.007449e-01
        234000   2.045610e+00   6.230339e+00              0              0              0              0   1.337314e+01   2.120874e-01   9.027471e-01
        234500   2.076007e+00   7.198189e+00              0              0              0              0   1.327963e+01   1.921700e-01   8.929031e-01
        235000   2.068742e+00   8.191966e+00              0              0              0              0   1.347350e+01   2.183587e-01   9.138006e-01
        235500   2.067346e+00   9.188949e+00              0              1              0              0   1.342694e+01   1.993057e-01   9.179712e-01
        236000   2.082929e+00   1.018195e+01              0              0              0              0   1.332443e+01   1.945604e-01   9.186735e-01
        236500   2.083588e+00   1.117922e+01              0              0              0              0   1.317609e+01   1.926772e-01   9.087607e-01
        237000   2.081553e+00   1.215720e+01              0              0              0              0   1.335323e+01   2.008390e-01   9.172077e-01
        237500   2.055356e+00   1.314344e+01              0              1              0              0   1.342420e+01   1.886417e-01   8.990027e-01
        238000   2.018340e+00   1.708723e+01              0              1              0              0   1.322115e+01   1.927250e-01   9.176286e-01
        238500   2.033924e+00   1.807510e+01              0              1              0              0   1.336119e+01   2.071268e-01   9.263672e-01
        239000   2.063368e+00   1.590349e+01              0              0              0              0   1.324710e+01   2.169659e-01   9.168274e-01
        239500   1.998781e+00   2.167311e+01              0              1              0              0   1.327612e+01   2.071491e-01   9.355549e-01
        240000   2.050386e+00   2.100745e+01              0              0              0              0   1.340222e+01   2.213043e-01   9.324736e-01
        240500   2.023481e+00   2.198314e+01              0              1              0              0   1.352242e+01   2.171788e-01   9.257417e-01
        241000   2.009880e+00   2.297812e+01              0              1              0              0   1.313054e+01   2.254688e-01   9.188877e-01
        241500   1.998115e+00   2.517825e+01              0              1              0              0   1.341446e+01   2.290382e-01   9.127546e-01
        242000   1.981208e+00   2.617065e+01              0              1              0              0   1.349297e+01   2.178082e-01   9.111499e-01
        242500   2.009360e+00   2.580644e+01              0              0              0              0   1.365120e+01   2.214278e-01   9.087072e-01
        243000   2.048104e+00   2.250143e+01              0              0              0              0   1.362827e+01   2.207517e-01   9.215513e-01
        243500   2.063336e+00   2.347972e+01              0              1              0              0   1.351073e+01   2.139376e-01   9.326109e-01
        244000   2.052181e+00   2.444164e+01              0              1              0              0   1.317215e+01   1.923342e-01   9.061268e-01
        244500   2.054150e+00   2.539753e+01              0              1              0              0   1.348173e+01   2.148378e-01   9.174362e-01
        245000   2.110518e+00   1.912740e+01              0              1              0              0   1.329447e+01   1.920210e-01   9.031618e-01
        245500   2.091725e+00   2.011585e+01              0              0              0              0   1.327679e+01   1.936914e-01   8.964755e-01
        246000   2.101671e+00   2.102425e+01              0              0              0              0   1.321755e+01   1.990535e-01   9.080573e-01
        246500   2.111451e+00   2.200912e+01              0              0              0              0   1.336493e+01   2.205086e-01   9.372891e-01
        247000   2.167996e+00   1.466990e+01              0              0              0              0   1.343881e+01   2.383883e-01   9.329711e-01
        247500   2.161616e+00   1.565975e+01              0              0              0              0   1.330667e+01   2.122488e-01   9.172912e-01
        248000   2.230281e+00   9.515202e+00              0              0              0              0   1.316505e+01   2.299523e-01   9.197229e-01
        248500   2.213608e+00   1.049960e+01              0              0              0              0   1.354649e+01   2.333093e-01   9.353184e-01
        249000   2.204545e+00   1.148106e+01              0              0              0              0   1.349416e+01   2.013547e-01   9.212266e-01
        249500   2.213689e+00   1.246860e+01              0              0              0              0   1.363538e+01   2.339661e-01   9.262987e-01
        250000   2.218392e+00   1.346385e+01              0              0              0              0   1.328344e+01   2.216174e-01   9.249221e-01
        250500   2.230408e+00   1.443173e+01              0              0              0              0   1.326773e+01   1.882443e-01   8.823901e-01
        251000   2.223143e+00   1.539828e+01              0              0              0              0   1.319610e+01   1.996548e-01   8.682218e-01
        251500   2.248248e+00   1.637043e+01              0              1              0              0   1.341550e+01   1.893693e-01   8.832281e-01
        252000   2.243444e+00   1.733577e+01              0              1              0              0   1.379171e+01   2.056985e-01   9.121203e-01
        252500   2.255397e+00   1.284479e+01              0              0              0              0   1.349288e+01   2.293178e-01   8.976495e-01
        253000   2.338849e+00   4.978105e+00              0              0              0              0   1.332591e+01   2.373275e-01   9.109140e-01
        253500   2.336825e+00   9.887924e+00              0              0              0              0   1.316320e+01   2.105462e-01   8.815977e-01
        254000   2.356849e+00   6.923717e+00              0              0              0              0   1.315131e+01   2.060934e-01   8.760047e-01
        254500   2.373703e+00   7.916899e+00              0              0              0              0   1.355828e+01   2.240783e-01   9.032300e-01
        255000   2.386090e+00   8.900192e+00              0              0              0              0   1.313304e+01   2.049402e-01   8.767473e-01
        255500   2.378949e+00   9.896564e+00              0              0              0              0   1.368737e+01   2.068333e-01   8.888223e-01
        256000   2.378191e+00   1.088920e+01              0              1              0              0   1.345368e+01   2.050938e-01   9.073897e-01
        256500   2.330253e+00   1.522064e+01              0              1              0              0   1.349868e+01   2.007849e-01   9.097139e-01
        257000   2.357168e+00   1.282050e+01              0              0              0              0   1.360057e+01   1.903613e-01   9.016808e-01
        257500   2.307083e+00   1.715391e+01              0              0              0              0   1.347259e+01   1.981127e-01   8.958082e-01
        258000   2.283106e+00   2.083017e+01              0              0              0              0   1.346644e+01   1.879565e-01   8.891978e-01
        258500   2.334748e+00   1.903216e+01              0              0              0              0   1.351599e+01   1.964172e-01   8.930179e-01
        259000   2.376881e+00   1.620027e+01              0              0              0              0   1.333168e+01   1.849933e-01   8.936586e-01
        259500   2.418992e+00   1.237511e+01              0              0              0              0   1.339727e+01   2.069245e-01   9.005739e-01
        260000   2.475977e+00   8.469466e+00              0              0              0              0   1.345243e+01   2.093695e-01   9.209562e-01
        260500   2.544125e+00   5.489081e+00              0              0              0              0   1.364740e+01   1.932961e-01   9.103667e-01
