          step              r      E_metad_r      n_cont_CA   n_cont_heavy       n_saltbr        n_hbond           SASA           RMSD             Rg 
             0   9.347975e-01   0.000000e+00              0             33              0              2   1.478202e+01   0.000000e+00   7.886082e-01
           500   9.115634e-01   9.969173e-01              0             31              0              1   1.447865e+01   8.967055e-02   7.696992e-01
          1000   8.889188e-01   1.869791e+00              0             35              0              3   1.461123e+01   1.017532e-01   7.731527e-01
          1500   9.116890e-01   2.891505e+00              0             30              0              1   1.463969e+01   1.448572e-01   7.635759e-01
          2000   9.082686e-01   3.882827e+00              0             26              0              1   1.454371e+01   1.480867e-01   7.769434e-01
          2500   8.784627e-01   4.721941e+00              0             27              0              1   1.446430e+01   1.484420e-01   7.626362e-01
          3000   9.043248e-01   5.691555e+00              0             30              0              1   1.422350e+01   1.648730e-01   7.714552e-01
          3500   8.969131e-01   6.668637e+00              0             31              0              0   1.431104e+01   1.495537e-01   7.721136e-01
          4000   8.856519e-01   7.656291e+00              0             33              0              1   1.461245e+01   1.519716e-01   7.889745e-01
          4500   8.634541e-01   8.603481e+00              0             35              0              1   1.435700e+01   1.475566e-01   7.784957e-01
          5000   8.931538e-01   9.581565e+00              0             33              0              2   1.442950e+01   1.614962e-01   7.796567e-01
          5500   9.009649e-01   1.031790e+01              0             30              0              2   1.443411e+01   1.585683e-01   7.632937e-01
          6000   8.758679e-01   1.151771e+01              0             34              0              1   1.451266e+01   1.788730e-01   7.797867e-01
          6500   8.998275e-01   1.218335e+01              0             27              0              2   1.433038e+01   1.641856e-01   7.604816e-01
          7000   9.091409e-01   1.313610e+01              0             29              0              1   1.445210e+01   1.702016e-01   7.625925e-01
          7500   9.156308e-01   1.413005e+01              0             29              0              1   1.470684e+01   1.897789e-01   7.817125e-01
          8000   8.778023e-01   1.530096e+01              0             32              0              2   1.419737e+01   1.858270e-01   7.528226e-01
          8500   9.274784e-01   1.606445e+01              0             28              0              2   1.439759e+01   1.911820e-01   7.670327e-01
          9000   9.185763e-01   1.705765e+01              0             29              0              1   1.421165e+01   2.061917e-01   7.549341e-01
          9500   9.215514e-01   1.805097e+01              0             33              0              1   1.434429e+01   1.973421e-01   7.554415e-01
         10000   9.256626e-01   1.904300e+01              0             32              0              1   1.414197e+01   1.971667e-01   7.524077e-01
         10500   9.629196e-01   1.611691e+01              0             26              0              1   1.452747e+01   1.941910e-01   7.571296e-01
         11000   9.183290e-01   2.096104e+01              0             28              0              1   1.424454e+01   2.352300e-01   7.342709e-01
         11500   9.046563e-01   2.131431e+01              0             30              0              1   1.390688e+01   2.426833e-01   7.280256e-01
         12000   9.715236e-01   1.879569e+01              0             26              0              1   1.438988e+01   2.470176e-01   7.426746e-01
         12500   9.289810e-01   2.387585e+01              0             28              0              2   1.389503e+01   2.495926e-01   7.296755e-01
         13000   9.522167e-01   2.072606e+01              0             23              0              0   1.375361e+01   2.624324e-01   7.209296e-01
         13500   9.199930e-01   2.580071e+01              0             24              0              2   1.389389e+01   2.563787e-01   7.330569e-01
         14000   9.159809e-01   2.679606e+01              0             25              0              1   1.405162e+01   2.683381e-01   7.447634e-01
         14500   8.534995e-01   1.966839e+01              0             29              0              2   1.375215e+01   2.836900e-01   7.298017e-01
         15000   8.945592e-01   2.720327e+01              0             26              0              2   1.356535e+01   3.059589e-01   7.232711e-01
         15500   8.927714e-01   2.819681e+01              0             27              0              1   1.368246e+01   2.881984e-01   7.211341e-01
         16000   9.006607e-01   2.918915e+01              0             30              0              2   1.383944e+01   2.864756e-01   7.264969e-01
         16500   9.018190e-01   3.015481e+01              0             26              0              1   1.393458e+01   2.943376e-01   7.287415e-01
         17000   9.198471e-01   3.230032e+01              0             27              0              2   1.429881e+01   2.905525e-01   7.361537e-01
         17500   9.486673e-01   2.754723e+01              0             25              0              3   1.415042e+01   3.067449e-01   7.254228e-01
         18000   9.131273e-01   3.425620e+01              0             30              0              3   1.376934e+01   2.943968e-01   7.209091e-01
         18500   9.773173e-01   2.941549e+01              0             28              0              1   1.399277e+01   2.876821e-01   7.439153e-01
         19000   9.963062e-01   2.048781e+01              0             32              0              1   1.425440e+01   3.023265e-01   7.452151e-01
         19500   1.037844e+00   1.191454e+01              0             24              0              2   1.403757e+01   2.978119e-01   7.342569e-01
         20000   1.046104e+00   2.244928e+01              0             31              0              2   1.381074e+01   2.949685e-01   7.321587e-01
         20500   1.055277e+00   2.336299e+01              0             32              0              1   1.375894e+01   2.857582e-01   7.302559e-01
         21000   1.046834e+00   1.482058e+01              0             33              0              1   1.405004e+01   2.814274e-01   7.379725e-01
         21500   1.109885e+00   8.599508e+00              0             32              0              3   1.397269e+01   2.563058e-01   7.382897e-01
         22000   1.137001e+00   9.569309e+00              0             29              0              1   1.416308e+01   2.687025e-01   7.561921e-01
         22500   1.171645e+00   6.015239e+00              0             27              0              3   1.402201e+01   2.512307e-01   7.459448e-01
         23000   1.147033e+00   1.139050e+01              0             29              0              3   1.405097e+01   2.584935e-01   7.307134e-01
         23500   1.123867e+00   1.237506e+01              0             27              0              2   1.395397e+01   2.825233e-01   7.398683e-01
         24000   1.148879e+00   8.892346e+00              0             28              0              2   1.394069e+01   2.803635e-01   7.366831e-01
         24500   1.143705e+00   1.429618e+01              0             23              0              3   1.385381e+01   2.941176e-01   7.297464e-01
         25000   1.097401e+00   1.528295e+01              0             26              0              1   1.393519e+01   2.866719e-01   7.389920e-01
         25500   1.107481e+00   1.624530e+01              0             27              0              2   1.417726e+01   2.832362e-01   7.595693e-01
         26000   1.147805e+00   1.721939e+01              0             28              0              1   1.423660e+01   2.974274e-01   7.561840e-01
         26500   1.132580e+00   1.819086e+01              0             26              0              1   1.436185e+01   2.955270e-01   7.500303e-01
         27000   1.140854e+00   1.916182e+01              0             28              0              2   1.409356e+01   2.954164e-01   7.329830e-01
         27500   1.133337e+00   2.015350e+01              0             30              0              2   1.427025e+01   2.803558e-01   7.366671e-01
         28000   1.145702e+00   1.611607e+01              0             26              0              1   1.447990e+01   3.021953e-01   7.452426e-01
         28500   1.182465e+00   1.708862e+01              0             26              0              1   1.425993e+01   3.059909e-01   7.300830e-01
         29000   1.140196e+00   2.301361e+01              0             24              0              1   1.431412e+01   3.141634e-01   7.123339e-01
         29500   1.170416e+00   1.903696e+01              0             23              0              1   1.468541e+01   3.088353e-01   7.171436e-01
         30000   1.220946e+00   1.409215e+01              0             21              0              0   1.470429e+01   3.121231e-01   7.261784e-01
         30500   1.185902e+00   2.086667e+01              0             24              0              0   1.461694e+01   3.078354e-01   7.235123e-01
         31000   1.181690e+00   2.184808e+01              0             27              0              2   1.492354e+01   2.774527e-01   7.366231e-01
         31500   1.155722e+00   2.702569e+01              0             22              0              2   1.492100e+01   2.537354e-01   7.412850e-01
         32000   1.146068e+00   2.799800e+01              0             24              0              1   1.508499e+01   2.577315e-01   7.491550e-01
         32500   1.139327e+00   2.895878e+01              0             22              0              2   1.489387e+01   2.559220e-01   7.405337e-01
         33000   1.130781e+00   2.994807e+01              0             17              0              1   1.437248e+01   2.717118e-01   7.198739e-01
         33500   1.091027e+00   3.345368e+01              0             25              0              2   1.446720e+01   2.831035e-01   7.283320e-01
         34000   1.100676e+00   3.443530e+01              0             22              0              1   1.459905e+01   2.721739e-01   7.267370e-01
         34500   1.107709e+00   3.286382e+01              0             24              0              2   1.446793e+01   2.798093e-01   7.215368e-01
         35000   1.090944e+00   3.383310e+01              0             27              0              2   1.455183e+01   2.654031e-01   7.269020e-01
         35500   1.113817e+00   3.476254e+01              0             23              0              1   1.461738e+01   2.743097e-01   7.265698e-01
         36000   1.101613e+00   3.574738e+01              0             21              0              2   1.469560e+01   2.621172e-01   7.217923e-01
         36500   1.060405e+00   3.922115e+01              0             27              0              2   1.486603e+01   2.861215e-01   7.288171e-01
         37000   1.103132e+00   3.758163e+01              0             25              0              1   1.516557e+01   3.050154e-01   7.428687e-01
         37500   1.078601e+00   4.116862e+01              0             25              0              2   1.481562e+01   3.104690e-01   7.197957e-01
         38000   1.065567e+00   4.216613e+01              0             25              0              1   1.459068e+01   3.192363e-01   7.138468e-01
         38500   1.088737e+00   4.315967e+01              0             25              0              1   1.523442e+01   3.191426e-01   7.334899e-01
         39000   1.119076e+00   4.121787e+01              0             24              0              2   1.470535e+01   3.298702e-01   7.087544e-01
         39500   1.087423e+00   4.504283e+01              0             26              0              2   1.481672e+01   3.422010e-01   7.151665e-01
         40000   1.089961e+00   4.314131e+01              0             27              0              1   1.489629e+01   3.340052e-01   7.136453e-01
         40500   1.059810e+00   4.701272e+01              0             27              0              1   1.481417e+01   3.041366e-01   7.031170e-01
         41000   1.055085e+00   4.799551e+01              0             27              0              2   1.496849e+01   3.075881e-01   7.109585e-01
         41500   1.058319e+00   4.898312e+01              0             28              0              2   1.483409e+01   3.001447e-01   7.198761e-01
         42000   1.017353e+00   5.007185e+01              0             26              0              2   1.495084e+01   3.122232e-01   7.250364e-01
         42500   1.060782e+00   5.082477e+01              0             25              0              2   1.496580e+01   3.053680e-01   7.280712e-01
         43000   1.123872e+00   4.793595e+01              0             22              0              1   1.471811e+01   3.193776e-01   7.303378e-01
         43500   1.144283e+00   4.889821e+01              0             20              0              1   1.513435e+01   3.188058e-01   7.306036e-01
         44000   1.106388e+00   4.987685e+01              0             23              0              2   1.504030e+01   3.141341e-01   7.259543e-01
         44500   1.097824e+00   5.425783e+01              0             26              0              2   1.483779e+01   3.115963e-01   7.344006e-01
         45000   1.089541e+00   5.523867e+01              0             24              0              2   1.482562e+01   3.180396e-01   7.151037e-01
         45500   1.101275e+00   5.278922e+01              0             20              0              2   1.481022e+01   3.241535e-01   7.084563e-01
         46000   1.112440e+00   5.376679e+01              0             21              0              2   1.488660e+01   3.109327e-01   7.269977e-01
         46500   1.084791e+00   5.808816e+01              0             25              0              2   1.504496e+01   3.016031e-01   7.272856e-01
         47000   1.126267e+00   5.570380e+01              0             25              0              1   1.487423e+01   3.086025e-01   7.324531e-01
         47500   1.113216e+00   5.670173e+01              0             22              0              2   1.514606e+01   3.014863e-01   7.251079e-01
         48000   1.114147e+00   5.769830e+01              0             25              0              1   1.508397e+01   3.014929e-01   7.327828e-01
         48500   1.194252e+00   4.827761e+01              0             22              0              2   1.521577e+01   2.894591e-01   7.172812e-01
         49000   1.253706e+00   1.968256e+01              0             18              0              1   1.493469e+01   2.898252e-01   7.220867e-01
         49500   1.261931e+00   2.068068e+01              0             23              0              1   1.493356e+01   3.038585e-01   7.419254e-01
         50000   1.290119e+00   1.117330e+01              0             25              0              1   1.488488e+01   3.329951e-01   7.183765e-01
         50500   1.284994e+00   2.263600e+01              0             19              0              2   1.492275e+01   3.350033e-01   7.256767e-01
         51000   1.283235e+00   2.358891e+01              0             26              0              2   1.504238e+01   3.223537e-01   7.387141e-01
         51500   1.319324e+00   1.409248e+01              0             16              0              1   1.464175e+01   3.318636e-01   7.261217e-01
         52000   1.327715e+00   1.508789e+01              0             24              0              2   1.488322e+01   3.095276e-01   7.450736e-01
         52500   1.375386e+00   9.179454e+00              0             18              0              1   1.493284e+01   3.056794e-01   7.467384e-01
         53000   1.361350e+00   1.697810e+01              0             24              0              1   1.522533e+01   3.191986e-01   7.424997e-01
         53500   1.364117e+00   1.112660e+01              0             24              0              1   1.534605e+01   3.214417e-01   7.542137e-01
         54000   1.310991e+00   1.886550e+01              0             24              0              1   1.524845e+01   3.082286e-01   7.520667e-01
         54500   1.329088e+00   1.985559e+01              0             20              0              1   1.520341e+01   3.124994e-01   7.396941e-01
         55000   1.298146e+00   2.082712e+01              0             19              0              2   1.504217e+01   3.206988e-01   7.265302e-01
         55500   1.343331e+00   2.180043e+01              0             22              0              1   1.545025e+01   3.224315e-01   7.679852e-01
         56000   1.367592e+00   1.551744e+01              0             18              0              1   1.535966e+01   3.123180e-01   7.514202e-01
         56500   1.409652e+00   1.050180e+01              0             21              0              2   1.503365e+01   3.326296e-01   7.525356e-01
         57000   1.449745e+00   6.701574e+00              0             22              0              1   1.499805e+01   3.347484e-01   7.510867e-01
         57500   1.430109e+00   1.247121e+01              0             25              0              2   1.506646e+01   3.434665e-01   7.420352e-01
         58000   1.410741e+00   1.343123e+01              0             20              0              1   1.525231e+01   3.444396e-01   7.578748e-01
         58500   1.411613e+00   1.441249e+01              0             17              0              1   1.502289e+01   3.317304e-01   7.398591e-01
         59000   1.484216e+00   1.025997e+01              0             16              0              1   1.497001e+01   3.274339e-01   7.465315e-01
         59500   1.424791e+00   1.627905e+01              0             15              0              1   1.492311e+01   3.122846e-01   7.286561e-01
         60000   1.445707e+00   1.726173e+01              0             12              0              1   1.499111e+01   3.221023e-01   7.286418e-01
         60500   1.479570e+00   1.313606e+01              0             11              0              1   1.525547e+01   3.110306e-01   7.437530e-01
         61000   1.485943e+00   1.411681e+01              0             13              0              1   1.497019e+01   3.159754e-01   7.353049e-01
         61500   1.461462e+00   1.510828e+01              0             16              0              1   1.519939e+01   3.294158e-01   7.388780e-01
         62000   1.483421e+00   1.608855e+01              0             13              0              1   1.541116e+01   3.234122e-01   7.414512e-01
         62500   1.457810e+00   1.706146e+01              0             16              0              1   1.531707e+01   3.110277e-01   7.521674e-01
         63000   1.475478e+00   1.805565e+01              0             24              0              2   1.526516e+01   3.020934e-01   7.520343e-01
         63500   1.451133e+00   1.905104e+01              0             24              0              1   1.528193e+01   3.101539e-01   7.615194e-01
         64000   1.432746e+00   2.426035e+01              0             24              0              2   1.531118e+01   3.155600e-01   7.575070e-01
         64500   1.466432e+00   2.099990e+01              0             19              0              1   1.541645e+01   2.999953e-01   7.573031e-01
         65000   1.511733e+00   1.609048e+01              0             23              0              1   1.525600e+01   2.892437e-01   7.691102e-01
         65500   1.516531e+00   1.708545e+01              0             17              0              1   1.516374e+01   2.967052e-01   7.606061e-01
         66000   1.550400e+00   1.166970e+01              0             16              0              1   1.509872e+01   2.970598e-01   7.473061e-01
         66500   1.578111e+00   1.264294e+01              0             14              0              1   1.500247e+01   2.898901e-01   7.614165e-01
         67000   1.614457e+00   8.005845e+00              0             14              0              2   1.508129e+01   2.947328e-01   7.749532e-01
         67500   1.618978e+00   9.002196e+00              0             10              0              1   1.505841e+01   2.729816e-01   7.881044e-01
         68000   1.538446e+00   2.121102e+01              0             15              0              1   1.533249e+01   2.864307e-01   7.952565e-01
         68500   1.545506e+00   1.640466e+01              0             17              0              1   1.538085e+01   2.822922e-01   7.949518e-01
         69000   1.540025e+00   2.317472e+01              0             19              0              1   1.529447e+01   2.906788e-01   7.952151e-01
         69500   1.523461e+00   2.414884e+01              0             22              0              1   1.527301e+01   2.823792e-01   8.016775e-01
         70000   1.534710e+00   2.510411e+01              0             23              0              2   1.515124e+01   2.922310e-01   7.803356e-01
         70500   1.507690e+00   2.609294e+01              0             23              0              2   1.551202e+01   2.806996e-01   7.792940e-01
         71000   1.523955e+00   2.708527e+01              0             24              0              2   1.517744e+01   2.796475e-01   7.981407e-01
         71500   1.554589e+00   2.195203e+01              0             24              0              2   1.529055e+01   2.717768e-01   7.946490e-01
         72000   1.588459e+00   2.293571e+01              0             25              0              2   1.505938e+01   2.698133e-01   7.985717e-01
         72500   1.607508e+00   1.657580e+01              0             19              0              1   1.517883e+01   2.884049e-01   8.069442e-01
         73000   1.620921e+00   1.757054e+01              0             16              0              1   1.533203e+01   2.803979e-01   8.150313e-01
         73500   1.579142e+00   2.573410e+01              0             20              0              1   1.517634e+01   2.867957e-01   8.143864e-01
         74000   1.562209e+00   2.672018e+01              0             21              0              2   1.528319e+01   2.977810e-01   8.227207e-01
         74500   1.560062e+00   2.770977e+01              0             23              0              1   1.528875e+01   2.844841e-01   8.401739e-01
         75000   1.548995e+00   2.870524e+01              0             20              0              1   1.514478e+01   2.787628e-01   8.173489e-01
         75500   1.552953e+00   2.965839e+01              0             15              0              1   1.518687e+01   2.909205e-01   8.344436e-01
         76000   1.566995e+00   3.064926e+01              0             20              0              1   1.498689e+01   2.905052e-01   8.341022e-01
         76500   1.526813e+00   3.651370e+01              0             19              0              1   1.514758e+01   3.059357e-01   8.342151e-01
         77000   1.534858e+00   3.749395e+01              0             21              0              1   1.504223e+01   3.135845e-01   8.393743e-01
         77500   1.563800e+00   3.350885e+01              0             20              0              1   1.504205e+01   3.149041e-01   8.488906e-01
         78000   1.517113e+00   3.940614e+01              0             24              0              1   1.501661e+01   3.000584e-01   8.293025e-01
         78500   1.487332e+00   4.052878e+01              0             22              0              1   1.492086e+01   3.031211e-01   8.229151e-01
         79000   1.502230e+00   4.131810e+01              0             21              0              1   1.520919e+01   3.180145e-01   8.325855e-01
         79500   1.451329e+00   3.890398e+01              0             24              0              2   1.491557e+01   3.382251e-01   8.222722e-01
         80000   1.440304e+00   3.987606e+01              0             25              0              2   1.508129e+01   3.291307e-01   8.136671e-01
         80500   1.468089e+00   4.438612e+01              0             21              0              1   1.493743e+01   3.369273e-01   8.076498e-01
         81000   1.472646e+00   4.536901e+01              0             21              0              1   1.533382e+01   3.551537e-01   8.512416e-01
         81500   1.457833e+00   4.636304e+01              0             21              0              2   1.502168e+01   3.404898e-01   8.270634e-01
         82000   1.438449e+00   4.364976e+01              0             19              0              2   1.489944e+01   3.276911e-01   8.103774e-01
         82500   1.409351e+00   4.464412e+01              0             22              0              2   1.504887e+01   3.360913e-01   8.241230e-01
         83000   1.423674e+00   4.561802e+01              0             22              0              1   1.464263e+01   3.369776e-01   8.126675e-01
         83500   1.411743e+00   4.657671e+01              0             21              0              2   1.486400e+01   3.639877e-01   8.073270e-01
         84000   1.410812e+00   4.756101e+01              0             23              0              2   1.494988e+01   3.662641e-01   8.104043e-01
         84500   1.412025e+00   4.854339e+01              0             20              0              1   1.478347e+01   3.623278e-01   8.011390e-01
         85000   1.372753e+00   4.402091e+01              0             21              0              1   1.480295e+01   3.579027e-01   7.996235e-01
         85500   1.397596e+00   5.040347e+01              0             21              0              2   1.481303e+01   3.395156e-01   8.061196e-01
         86000   1.328348e+00   4.141598e+01              0             23              0              2   1.477126e+01   3.488390e-01   8.122584e-01
         86500   1.304984e+00   4.240842e+01              0             24              0              2   1.484389e+01   3.398272e-01   7.961148e-01
         87000   1.321426e+00   4.339291e+01              0             23              0              2   1.476206e+01   3.381168e-01   7.967469e-01
         87500   1.317085e+00   4.438508e+01              0             22              0              1   1.462710e+01   3.473175e-01   7.764652e-01
         88000   1.278727e+00   4.494652e+01              0             20              0              1   1.494925e+01   3.222384e-01   7.856641e-01
         88500   1.244295e+00   4.593236e+01              0             19              0              1   1.424665e+01   3.324420e-01   7.723219e-01
         89000   1.242406e+00   5.137114e+01              0             21              0              2   1.492347e+01   3.249518e-01   7.825441e-01
         89500   1.254799e+00   4.788966e+01              0             21              0              2   1.493825e+01   3.249053e-01   7.838165e-01
         90000   1.267993e+00   4.887968e+01              0             24              0              2   1.494382e+01   3.139633e-01   7.884457e-01
         90500   1.253292e+00   4.987435e+01              0             20              0              1   1.507277e+01   3.106143e-01   7.969009e-01
         91000   1.224748e+00   5.506449e+01              0             21              0              1   1.498782e+01   3.106089e-01   7.866925e-01
         91500   1.251561e+00   5.165492e+01              0             22              0              1   1.519450e+01   3.376065e-01   7.912040e-01
         92000   1.235729e+00   5.700411e+01              0             22              0              1   1.570834e+01   3.455078e-01   7.997570e-01
         92500   1.194104e+00   6.358816e+01              0             24              0              1   1.519080e+01   3.452522e-01   7.823728e-01
         93000   1.168152e+00   6.456278e+01              0             24              0              1   1.516958e+01   3.416205e-01   7.869050e-01
         93500   1.200947e+00   5.986536e+01              0             21              0              0   1.510406e+01   3.369665e-01   7.796066e-01
         94000   1.189185e+00   6.650709e+01              0             20              0              1   1.487514e+01   3.304173e-01   7.570251e-01
         94500   1.232345e+00   6.181860e+01              0             22              0              2   1.514594e+01   3.187795e-01   7.938390e-01
         95000   1.221284e+00   6.280263e+01              0             22              0              1   1.507288e+01   3.080498e-01   7.890932e-01
         95500   1.264655e+00   5.835404e+01              0             21              0              2   1.490386e+01   3.218090e-01   7.769109e-01
         96000   1.254262e+00   6.468318e+01              0             20              0              2   1.488774e+01   3.078996e-01   7.777522e-01
         96500   1.295486e+00   6.033045e+01              0             18              0              1   1.503102e+01   3.033844e-01   7.878887e-01
         97000   1.269016e+00   6.131754e+01              0             20              0              1   1.490357e+01   3.178693e-01   7.831819e-01
         97500   1.244258e+00   6.229399e+01              0             21              0              1   1.503537e+01   3.126256e-01   7.921037e-01
         98000   1.263939e+00   6.327956e+01              0             18              0              1   1.507348e+01   3.137501e-01   7.814076e-01
         98500   1.268071e+00   6.426935e+01              0             20              0              1   1.493680e+01   2.928324e-01   7.893072e-01
         99000   1.252646e+00   6.526433e+01              0             24              0              2   1.500757e+01   2.927090e-01   7.948298e-01
         99500   1.243985e+00   7.090885e+01              0             22              0              2   1.522387e+01   2.925841e-01   7.923933e-01
        100000   1.246385e+00   7.183366e+01              0             25              0              2   1.515872e+01   2.995181e-01   7.912232e-01
        100500   1.294314e+00   6.387235e+01              0             19              0              1   1.484310e+01   3.026364e-01   7.819928e-01
        101000   1.268934e+00   6.916364e+01              0             20              0              1   1.496137e+01   3.062201e-01   7.877927e-01
        101500   1.293800e+00   6.573949e+01              0             23              0              2   1.488821e+01   2.978055e-01   7.974809e-01
        102000   1.270592e+00   7.112085e+01              0             19              0              1   1.526302e+01   3.084930e-01   7.979607e-01
        102500   1.267165e+00   7.210937e+01              0             21              0              2   1.491882e+01   3.180600e-01   7.907478e-01
        103000   1.332701e+00   6.853595e+01              0             22              0              2   1.515611e+01   3.152175e-01   8.152801e-01
        103500   1.323214e+00   6.953050e+01              0             21              0              1   1.495989e+01   3.274811e-01   8.097286e-01
        104000   1.346650e+00   6.633394e+01              0             17              0              1   1.496971e+01   3.112956e-01   8.047265e-01
        104500   1.350416e+00   6.729153e+01              0             17              0              1   1.493933e+01   3.163677e-01   8.088360e-01
        105000   1.325157e+00   7.239268e+01              0             18              0              1   1.535134e+01   3.282291e-01   8.139762e-01
        105500   1.343489e+00   7.337669e+01              0             18              0              1   1.511736e+01   3.172668e-01   8.189461e-01
        106000   1.383505e+00   7.014880e+01              0             15              0              1   1.525512e+01   3.143176e-01   8.238292e-01
        106500   1.348587e+00   7.510730e+01              0             18              0              1   1.518828e+01   3.261170e-01   8.244906e-01
        107000   1.341000e+00   7.607060e+01              0             19              0              1   1.498462e+01   3.131133e-01   8.198835e-01
        107500   1.370911e+00   7.304298e+01              0             20              0              1   1.487027e+01   3.256227e-01   8.093030e-01
        108000   1.432304e+00   6.903318e+01              0             16              0              1   1.508351e+01   3.323892e-01   8.445281e-01
        108500   1.474390e+00   6.360379e+01              0             19              0              1   1.484446e+01   3.366166e-01   8.270548e-01
        109000   1.448826e+00   7.085320e+01              0             20              0              1   1.474705e+01   3.327764e-01   8.251715e-01
        109500   1.392826e+00   7.182967e+01              0             19              0              1   1.501793e+01   3.238060e-01   8.109756e-01
        110000   1.385045e+00   7.717941e+01              0             17              0              1   1.462591e+01   3.310980e-01   8.033269e-01
        110500   1.407925e+00   7.375137e+01              0             16              0              1   1.489517e+01   3.342622e-01   8.129049e-01
        111000   1.368059e+00   7.908635e+01              0             19              0              1   1.468310e+01   3.293064e-01   8.025401e-01
        111500   1.332327e+00   8.242755e+01              0             19              0              1   1.504447e+01   3.389957e-01   8.119471e-01
        112000   1.350943e+00   8.339304e+01              0             24              0              1   1.513272e+01   3.345309e-01   8.104084e-01
        112500   1.332156e+00   8.438052e+01              0             25              0              2   1.526530e+01   3.446583e-01   8.134836e-01
        113000   1.336296e+00   8.537547e+01              0             25              0              2   1.486264e+01   3.442598e-01   7.960546e-01
        113500   1.365974e+00   8.379778e+01              0             22              0              2   1.509314e+01   3.409509e-01   8.085247e-01
        114000   1.376630e+00   8.479051e+01              0             24              0              2   1.502852e+01   3.493500e-01   8.019438e-01
        114500   1.433080e+00   8.010731e+01              0             21              0              1   1.511218e+01   3.527583e-01   8.026506e-01
        115000   1.460961e+00   7.215832e+01              0             21              0              1   1.500625e+01   3.508188e-01   7.998703e-01
        115500   1.472205e+00   7.315225e+01              0             21              0              1   1.516490e+01   3.721824e-01   8.048761e-01
        116000   1.480804e+00   7.413130e+01              0             22              0              2   1.499121e+01   3.552403e-01   7.999286e-01
        116500   1.510893e+00   6.272178e+01              0             22              0              2   1.515196e+01   3.850503e-01   8.060744e-01
        117000   1.502001e+00   6.370928e+01              0             21              0              2   1.532326e+01   4.083509e-01   8.160378e-01
        117500   1.564581e+00   4.922533e+01              0             19              0              1   1.521861e+01   4.136944e-01   8.172595e-01
        118000   1.597212e+00   3.391242e+01              0             21              0              1   1.491666e+01   4.183750e-01   8.226030e-01
        118500   1.604713e+00   3.489716e+01              0             22              0              1   1.506969e+01   4.363094e-01   8.128662e-01
        119000   1.638853e+00   3.588834e+01              0             18              0              1   1.495718e+01   4.311331e-01   8.366076e-01
        119500   1.607124e+00   3.686260e+01              0             24              0              2   1.535443e+01   4.342690e-01   8.495584e-01
        120000   1.621863e+00   3.785776e+01              0             22              0              1   1.508470e+01   4.226311e-01   8.440917e-01
        120500   1.642806e+00   3.883347e+01              0             23              0              2   1.506177e+01   4.130668e-01   8.440942e-01
        121000   1.647326e+00   2.511626e+01              0             20              0              2   1.509385e+01   4.320018e-01   8.280314e-01
        121500   1.658412e+00   2.610655e+01              0             16              0              1   1.510662e+01   4.130238e-01   8.535814e-01
        122000   1.672333e+00   2.708849e+01              0             15              0              0   1.506053e+01   4.087683e-01   8.341956e-01
        122500   1.663961e+00   2.807527e+01              0             18              0              1   1.505120e+01   4.007947e-01   8.511852e-01
        123000   1.643162e+00   2.906488e+01              0             22              0              1   1.507079e+01   3.976799e-01   8.415680e-01
        123500   1.636033e+00   2.996837e+01              0             22              0              2   1.540691e+01   4.160890e-01   8.568506e-01
        124000   1.655319e+00   3.096285e+01              0             19              0              1   1.531344e+01   4.191672e-01   8.416264e-01
        124500   1.659656e+00   3.195921e+01              0             15              0              1   1.533828e+01   4.100404e-01   8.283995e-01
        125000   1.634579e+00   4.706362e+01              0             19              0              1   1.528526e+01   4.143408e-01   8.452361e-01
        125500   1.632999e+00   4.804877e+01              0             17              0              1   1.536069e+01   4.302127e-01   8.458256e-01
        126000   1.667213e+00   3.485006e+01              0             16              0              1   1.506156e+01   4.432229e-01   8.387844e-01
        126500   1.685207e+00   2.260831e+01              0             18              0              1   1.502752e+01   4.500795e-01   8.368196e-01
        127000   1.696075e+00   2.356659e+01              0             15              0              1   1.491022e+01   4.410547e-01   8.207503e-01
        127500   1.723879e+00   2.455632e+01              0             14              0              1   1.503984e+01   4.520693e-01   8.286910e-01
        128000   1.726499e+00   2.552371e+01              0             15              0              1   1.510903e+01   4.509967e-01   8.436994e-01
        128500   1.701738e+00   2.651703e+01              0             16              0              1   1.517706e+01   4.448897e-01   8.428735e-01
        129000   1.708872e+00   2.750604e+01              0             14              0              0   1.534654e+01   4.384058e-01   8.318680e-01
        129500   1.747489e+00   1.742599e+01              0             17              0              1   1.535494e+01   4.436885e-01   8.432192e-01
        130000   1.799390e+00   1.841149e+01              0             15              0              1   1.518363e+01   4.451972e-01   8.280152e-01
        130500   1.758146e+00   1.938504e+01              0             14              0              1   1.553227e+01   4.443771e-01   8.246013e-01
        131000   1.773232e+00   2.036787e+01              0             16              0              1   1.564475e+01   4.500625e-01   8.525267e-01
        131500   1.711901e+00   3.186326e+01              0             14              0              1   1.534551e+01   4.168483e-01   8.329299e-01
        132000   1.720343e+00   3.285511e+01              0             20              0              1   1.526131e+01   4.478498e-01   8.498288e-01
        132500   1.770384e+00   2.312752e+01              0             12              0              0   1.470906e+01   4.249982e-01   8.142257e-01
        133000   1.820858e+00   1.499018e+01              0              9              0              0   1.520696e+01   3.997049e-01   8.216133e-01
        133500   1.843300e+00   1.595229e+01              0              9              0              0   1.486952e+01   4.083321e-01   8.163752e-01
        134000   1.868641e+00   1.008505e+01              0              8              0              0   1.506178e+01   3.960954e-01   8.315592e-01
        134500   1.851586e+00   1.107658e+01              0              5              0              0   1.524900e+01   4.053541e-01   8.113322e-01
        135000   1.860408e+00   1.206547e+01              0              3              0              0   1.539573e+01   3.961416e-01   8.231078e-01
        135500   1.875774e+00   1.304538e+01              0              4              0              0   1.522315e+01   4.280930e-01   8.138013e-01
        136000   1.931131e+00   8.830679e+00              0              3              0              0   1.520533e+01   4.309436e-01   8.152303e-01
        136500   1.940846e+00   9.798505e+00              0              1              0              0   1.523679e+01   4.156377e-01   8.069570e-01
        137000   1.953921e+00   6.859684e+00              0              2              0              0   1.538570e+01   4.366670e-01   8.196800e-01
        137500   1.973941e+00   7.849010e+00              0              1              0              0   1.504335e+01   4.245193e-01   7.979407e-01
        138000   1.927442e+00   1.259728e+01              0              0              0              0   1.532361e+01   4.419438e-01   8.112306e-01
        138500   2.000751e+00   6.304711e+00              0              0              0              0   1.537825e+01   4.381223e-01   8.127640e-01
        139000   2.029367e+00   7.301448e+00              0              0              0              0   1.527038e+01   4.263635e-01   8.149435e-01
        139500   2.029118e+00   8.290215e+00              0              0              0              0   1.492837e+01   4.378255e-01   8.221065e-01
        140000   2.016764e+00   9.283674e+00              0              0              0              0   1.506027e+01   4.425943e-01   8.175269e-01
        140500   2.005023e+00   1.027763e+01              0              2              0              0   1.511495e+01   4.410328e-01   8.181264e-01
        141000   2.044719e+00   1.125636e+01              0              2              0              0   1.497839e+01   4.596685e-01   8.347750e-01
        141500   2.029114e+00   1.224427e+01              0              0              0              0   1.545611e+01   4.642236e-01   8.315455e-01
        142000   2.072934e+00   9.777026e+00              0              1              0              0   1.494346e+01   4.792722e-01   8.238638e-01
        142500   2.091640e+00   7.105075e+00              0              3              0              0   1.484226e+01   4.669857e-01   8.039073e-01
        143000   2.135458e+00   4.756956e+00              0              3              0              0   1.500636e+01   4.680917e-01   8.138331e-01
        143500   2.155009e+00   5.737148e+00              0              1              0              0   1.506093e+01   4.661981e-01   8.136198e-01
        144000   2.173315e+00   6.722717e+00              0              1              0              0   1.513165e+01   4.714889e-01   8.114878e-01
        144500   2.134736e+00   1.082949e+01              0              3              0              0   1.530421e+01   4.706413e-01   8.104642e-01
        145000   2.191298e+00   5.646191e+00              0              4              0              0   1.512338e+01   4.719891e-01   8.108533e-01
        145500   2.210466e+00   6.618249e+00              0              2              0              0   1.515256e+01   4.472699e-01   8.116721e-01
        146000   2.166367e+00   1.060697e+01              0              4              0              0   1.479559e+01   4.668859e-01   7.885296e-01
        146500   2.153797e+00   1.157562e+01              0              7              0              0   1.463562e+01   4.612113e-01   7.829996e-01
        147000   2.158266e+00   1.254906e+01              0              7              0              0   1.508168e+01   4.578485e-01   7.999903e-01
        147500   2.176925e+00   1.354399e+01              0              6              0              0   1.514228e+01   4.684094e-01   8.088849e-01
        148000   2.143485e+00   1.702355e+01              0              8              0              0   1.477710e+01   4.738555e-01   7.948802e-01
        148500   2.103341e+00   1.800975e+01              0              7              0              0   1.499364e+01   4.833978e-01   7.828344e-01
        149000   2.093587e+00   1.991924e+01              0              7              0              0   1.495720e+01   4.922741e-01   7.890108e-01
        149500   2.111114e+00   1.994097e+01              0              7              0              0   1.465445e+01   5.025499e-01   7.674166e-01
        150000   2.159084e+00   1.780268e+01              0              7              0              0   1.481786e+01   4.950583e-01   7.781523e-01
        150500   2.164488e+00   1.880170e+01              0              7              0              0   1.492434e+01   4.935351e-01   7.688861e-01
        151000   2.155691e+00   1.978318e+01              0              7              0              0   1.489944e+01   4.942937e-01   7.850138e-01
        151500   2.160309e+00   2.077940e+01              0              7              0              0   1.529188e+01   4.846478e-01   7.937893e-01
        152000   2.217470e+00   1.630995e+01              0              5              0              0   1.509755e+01   4.905741e-01   7.912405e-01
        152500   2.230972e+00   1.730460e+01              0              6              0              0   1.486552e+01   4.758500e-01   7.887979e-01
        153000   2.260621e+00   1.193779e+01              0              7              0              0   1.521913e+01   4.879327e-01   7.885353e-01
        153500   2.268805e+00   1.293445e+01              0              6              0              0   1.510092e+01   4.792531e-01   8.082379e-01
        154000   2.276089e+00   1.392744e+01              0              6              0              0   1.502830e+01   4.743911e-01   8.023012e-01
        154500   2.298248e+00   9.066043e+00              0              6              0              0   1.501910e+01   4.631132e-01   8.003445e-01
        155000   2.262766e+00   1.588164e+01              0              6              0              0   1.476121e+01   4.362144e-01   7.998510e-01
        155500   2.320836e+00   1.088293e+01              0              6              0              0   1.495910e+01   4.436091e-01   8.069494e-01
        156000   2.339416e+00   6.978380e+00              0              5              0              0   1.513113e+01   4.536334e-01   7.920244e-01
        156500   2.360580e+00   7.946038e+00              0              4              0              0   1.532349e+01   4.608695e-01   8.057257e-01
        157000   2.388294e+00   8.926935e+00              0              4              0              0   1.543531e+01   4.584904e-01   8.036163e-01
        157500   2.399551e+00   6.221190e+00              0              3              0              0   1.536601e+01   4.784133e-01   7.949831e-01
        158000   2.455355e+00   7.201079e+00              0              3              0              0   1.514122e+01   4.680893e-01   8.159690e-01
        158500   2.506951e+00   3.230135e+00              0              4              0              0   1.512748e+01   4.637483e-01   8.200184e-01
        159000   2.473473e+00   6.295724e+00              0              2              0              0   1.520792e+01   4.496689e-01   8.017437e-01
        159500   2.515227e+00   5.128943e+00              0              0              0              0   1.501467e+01   4.503180e-01   8.109996e-01
        160000   2.499330e+00   6.102114e+00              0              2              0              0   1.495297e+01   4.703114e-01   8.037285e-01
        160500   2.493164e+00   9.170269e+00              0              3              0              0   1.523457e+01   4.572495e-01   8.197989e-01
        161000   2.522015e+00   8.024214e+00              0              2              0              0   1.538184e+01   4.630370e-01   8.099989e-01
        161500   2.512025e+00   9.020715e+00              0              3              0              0   1.550024e+01   4.624983e-01   8.227741e-01
        162000   2.513504e+00   1.001530e+01              0              6              0              0   1.496189e+01   4.550556e-01   8.081921e-01
        162500   2.543941e+00   8.028938e+00              0              4              0              0   1.536665e+01   4.619488e-01   7.989573e-01
        163000   2.555252e+00   9.011039e+00              0              6              0              0   1.544493e+01   4.711540e-01   8.251669e-01
        163500   2.576324e+00   9.993904e+00              0              3              0              0   1.548719e+01   4.749780e-01   8.174907e-01
        164000   2.553867e+00   1.097933e+01              0              4              0              0   1.524385e+01   4.657119e-01   8.136322e-01
        164500   2.554094e+00   1.195976e+01              0              6              0              0   1.517863e+01   4.493591e-01   8.089318e-01
        165000   2.569714e+00   1.294877e+01              0              4              0              0   1.505849e+01   4.659231e-01   8.093556e-01
        165500   2.558070e+00   1.394586e+01              0              6              0              0   1.515679e+01   4.628588e-01   8.155483e-01
        166000   2.581163e+00   1.058615e+01              0              6              0              0   1.517498e+01   4.571711e-01   7.945944e-01
        166500   2.572953e+00   1.592245e+01              0              4              0              0   1.533896e+01   4.664278e-01   8.228859e-01
        167000   2.574776e+00   1.691356e+01              0              3              0              0   1.529684e+01   4.697019e-01   8.095133e-01
        167500   2.646871e+00   8.238575e+00              0              4              0              0   1.513164e+01   4.544532e-01   8.039474e-01
        168000   2.698081e+00   9.229051e+00              0              2              0              0   1.529636e+01   4.712633e-01   8.083191e-01
        168500   2.674029e+00   1.017953e+01              0              2              0              0   1.542269e+01   4.565160e-01   8.199165e-01
        169000   2.652586e+00   1.116747e+01              0              0              0              0   1.514012e+01   4.612192e-01   7.827702e-01
        169500   2.671209e+00   1.216207e+01              0              3              0              0   1.544556e+01   4.657217e-01   8.009663e-01
        170000   2.729536e+00   8.644458e+00              0              2              0              0   1.521007e+01   4.736862e-01   7.832251e-01
        170500   2.715937e+00   9.642075e+00              0              2              0              0   1.569224e+01   5.003035e-01   8.084242e-01
        171000   2.692780e+00   1.493560e+01              0              2              0              0   1.492679e+01   5.081832e-01   7.757075e-01
        171500   2.721573e+00   1.158304e+01              0              1              0              0   1.516516e+01   5.282131e-01   7.863530e-01
        172000   2.695002e+00   1.681425e+01              0              1              0              0   1.519607e+01   5.247136e-01   7.711694e-01
        172500   2.752703e+00   9.127225e+00              0              0              0              0   1.512256e+01   5.339246e-01   7.745094e-01
        173000   2.812336e+00   6.135265e+00              0              0              0              0   1.510580e+01   5.259957e-01   7.733782e-01
        173500   2.846998e+00   4.065450e+00              0              0              0              0   1.499179e+01   5.407372e-01   7.584846e-01
        174000   2.850657e+00   5.031121e+00              0              0              0              0   1.490453e+01   5.327232e-01   7.540799e-01
        174500   2.861222e+00   5.994134e+00              0              0              0              0   1.504494e+01   5.619471e-01   7.516538e-01
