          step              r      E_metad_r      n_cont_CA   n_cont_heavy       n_saltbr        n_hbond           SASA           RMSD             Rg 
             0   9.347975e-01   0.000000e+00              0             33              0              2   1.478202e+01   0.000000e+00   7.886082e-01
           500   9.177715e-01   9.944166e-01              0             30              0              3   1.453127e+01   8.994304e-02   7.703157e-01
          1000   8.844811e-01   1.846025e+00              0             31              0              2   1.461509e+01   1.172857e-01   7.782115e-01
          1500   9.043494e-01   2.835433e+00              0             29              0              1   1.486216e+01   1.311821e-01   7.819587e-01
          2000   9.166615e-01   3.805770e+00              0             27              0              2   1.519136e+01   1.584917e-01   8.080809e-01
          2500   8.933166e-01   4.727499e+00              0             21              0              2   1.515563e+01   1.549604e-01   7.915030e-01
          3000   9.037053e-01   5.745861e+00              0             25              0              1   1.510710e+01   1.424583e-01   7.968542e-01
          3500   8.935458e-01   6.729840e+00              0             24              0              2   1.522641e+01   1.559426e-01   7.893916e-01
          4000   8.758250e-01   7.610148e+00              0             28              0              1   1.532715e+01   1.743067e-01   7.907906e-01
          4500   8.604471e-01   8.605941e+00              0             30              0              1   1.552859e+01   1.687090e-01   8.013290e-01
          5000   8.722769e-01   9.579043e+00              0             27              0              1   1.485764e+01   1.835611e-01   7.957214e-01
          5500   8.653719e-01   1.057518e+01              0             25              0              1   1.521539e+01   2.253274e-01   8.029364e-01
          6000   8.705063e-01   1.152917e+01              0             25              0              1   1.493907e+01   2.135022e-01   8.005953e-01
          6500   9.126008e-01   1.183724e+01              0             23              0              1   1.527809e+01   2.188989e-01   8.272679e-01
          7000   8.868446e-01   1.342613e+01              0             22              0              1   1.491519e+01   2.072932e-01   8.045137e-01
          7500   8.726773e-01   1.441816e+01              0             28              0              1   1.496492e+01   2.363335e-01   7.977096e-01
          8000   8.414333e-01   1.294332e+01              0             30              0              1   1.483695e+01   2.175451e-01   8.000238e-01
          8500   9.015223e-01   1.529242e+01              0             24              0              1   1.469983e+01   2.472335e-01   7.914935e-01
          9000   8.790767e-01   1.731815e+01              0             24              0              2   1.512358e+01   2.621957e-01   8.004727e-01
          9500   8.647623e-01   1.830909e+01              0             26              0              1   1.501680e+01   2.465194e-01   7.930171e-01
         10000   8.757573e-01   1.930165e+01              0             23              0              2   1.532130e+01   2.449011e-01   8.121622e-01
         10500   9.204969e-01   1.884366e+01              0             22              0              1   1.502712e+01   2.523798e-01   7.967270e-01
         11000   8.986940e-01   1.983314e+01              0             27              0              2   1.553565e+01   2.534888e-01   8.246205e-01
         11500   8.752756e-01   2.207707e+01              0             26              0              1   1.502701e+01   2.550280e-01   7.987650e-01
         12000   8.818040e-01   2.307405e+01              0             23              0              1   1.520921e+01   2.361563e-01   8.110312e-01
         12500   8.705477e-01   2.406985e+01              0             26              0              1   1.514718e+01   2.562835e-01   8.033289e-01
         13000   8.721794e-01   2.506387e+01              0             25              0              1   1.545122e+01   2.701907e-01   8.131660e-01
         13500   8.843373e-01   2.605705e+01              0             26              0              1   1.513834e+01   2.611669e-01   8.023561e-01
         14000   9.059158e-01   2.704506e+01              0             23              0              1   1.512873e+01   2.547982e-01   8.093271e-01
         14500   8.910885e-01   2.803131e+01              0             25              0              2   1.502707e+01   2.575194e-01   7.998997e-01
         15000   8.752692e-01   2.902398e+01              0             24              0              1   1.520828e+01   2.583673e-01   8.129020e-01
         15500   8.747230e-01   3.001466e+01              0             26              0              1   1.502684e+01   2.454059e-01   8.046648e-01
         16000   8.657890e-01   3.099758e+01              0             26              0              1   1.494900e+01   2.154199e-01   7.922829e-01
         16500   8.630174e-01   3.198907e+01              0             25              0              2   1.487986e+01   2.202609e-01   7.981585e-01
         17000   8.756393e-01   3.298530e+01              0             29              0              1   1.506053e+01   1.994722e-01   8.004072e-01
         17500   8.171541e-01   2.929387e+01              0             30              0              1   1.503432e+01   2.307523e-01   8.074007e-01
         18000   8.238954e-01   3.028816e+01              0             28              0              1   1.489615e+01   2.254221e-01   8.018653e-01
         18500   8.263905e-01   3.128553e+01              0             28              0              2   1.504368e+01   2.285209e-01   8.299622e-01
         19000   8.814379e-01   3.656613e+01              0             27              0              1   1.517407e+01   2.197547e-01   8.333617e-01
         19500   8.888586e-01   3.384057e+01              0             26              0              2   1.488706e+01   2.425156e-01   8.253833e-01
         20000   8.665916e-01   3.855013e+01              0             26              0              2   1.496274e+01   2.598499e-01   8.428194e-01
         20500   8.641886e-01   3.954303e+01              0             26              0              2   1.478295e+01   2.399800e-01   8.098107e-01
         21000   8.760091e-01   4.053181e+01              0             24              0              1   1.503991e+01   2.378368e-01   8.237230e-01
         21500   9.023633e-01   4.151066e+01              0             30              0              1   1.475490e+01   2.390125e-01   7.986262e-01
         22000   8.678271e-01   4.250136e+01              0             24              0              1   1.479931e+01   2.457945e-01   7.965753e-01
         22500   9.088832e-01   3.918540e+01              0             30              0              1   1.509780e+01   2.666590e-01   8.170707e-01
         23000   8.871466e-01   4.440333e+01              0             29              0              2   1.504782e+01   2.469274e-01   8.111669e-01
         23500   8.674787e-01   4.539813e+01              0             31              0              2   1.501134e+01   2.573099e-01   8.074932e-01
         24000   8.696653e-01   4.638340e+01              0             26              0              2   1.491745e+01   2.420234e-01   8.095852e-01
         24500   8.413991e-01   4.165897e+01              0             29              0              1   1.488053e+01   2.317744e-01   8.022636e-01
         25000   8.659958e-01   4.826465e+01              0             29              0              3   1.499707e+01   2.407239e-01   8.123718e-01
         25500   8.649606e-01   4.924209e+01              0             28              0              2   1.503457e+01   2.333164e-01   8.152072e-01
         26000   9.103020e-01   4.499227e+01              0             22              0              1   1.504184e+01   2.664500e-01   8.075137e-01
         26500   9.313766e-01   4.598967e+01              0             27              0              1   1.506184e+01   2.443605e-01   8.023091e-01
         27000   9.414881e-01   3.377617e+01              0             18              0              2   1.489549e+01   2.653684e-01   8.110009e-01
         27500   9.419661e-01   3.476212e+01              0             21              0              2   1.497736e+01   2.678406e-01   8.247787e-01
         28000   9.481109e-01   3.571244e+01              0             20              0              1   1.495702e+01   2.714097e-01   8.182659e-01
         28500   9.981571e-01   2.177191e+01              0             18              0              2   1.456954e+01   2.594124e-01   7.997601e-01
         29000   1.032568e+00   2.275994e+01              0             19              0              2   1.486424e+01   2.835856e-01   8.246471e-01
         29500   1.044099e+00   2.367345e+01              0             18              0              1   1.480562e+01   2.869486e-01   8.325487e-01
         30000   1.044511e+00   1.325270e+01              0             19              0              2   1.499836e+01   2.937833e-01   8.161196e-01
         30500   1.079613e+00   1.423842e+01              0             16              0              1   1.487381e+01   2.837768e-01   8.207305e-01
         31000   1.090045e+00   1.518935e+01              0             15              0              1   1.497058e+01   2.848618e-01   8.137757e-01
         31500   1.072418e+00   1.618018e+01              0             13              0              1   1.472914e+01   3.065662e-01   7.947431e-01
         32000   1.058664e+00   1.716636e+01              0             14              0              2   1.494436e+01   3.358516e-01   7.914471e-01
         32500   1.110553e+00   1.073138e+01              0             15              0              1   1.475772e+01   3.445684e-01   8.051155e-01
         33000   1.161536e+00   6.813584e+00              0             14              0              1   1.487412e+01   3.346373e-01   8.042993e-01
         33500   1.165468e+00   7.803573e+00              0             14              0              2   1.484027e+01   3.393906e-01   7.967690e-01
         34000   1.185063e+00   8.792590e+00              0             13              0              2   1.469773e+01   3.780894e-01   8.027907e-01
         34500   1.182830e+00   9.786809e+00              0             15              0              2   1.457657e+01   3.753534e-01   7.932376e-01
         35000   1.177925e+00   1.077528e+01              0             13              0              2   1.488695e+01   3.714082e-01   8.061462e-01
         35500   1.189097e+00   1.174604e+01              0             13              0              2   1.491435e+01   3.761793e-01   8.202254e-01
         36000   1.204596e+00   9.072643e+00              0             13              0              2   1.491371e+01   3.740989e-01   8.088228e-01
         36500   1.208197e+00   1.364023e+01              0             12              0              2   1.478338e+01   3.540313e-01   8.080796e-01
         37000   1.243371e+00   1.103461e+01              0             13              0              1   1.499635e+01   3.275359e-01   8.167903e-01
         37500   1.272593e+00   8.361773e+00              0             12              0              1   1.512577e+01   3.330432e-01   8.306573e-01
         38000   1.280986e+00   9.339626e+00              0             10              0              2   1.468883e+01   3.317424e-01   8.003284e-01
         38500   1.283877e+00   1.033566e+01              0              9              0              1   1.469154e+01   3.331406e-01   7.900778e-01
         39000   1.265148e+00   1.132730e+01              0             11              0              1   1.483549e+01   3.498930e-01   7.991395e-01
         39500   1.220570e+00   1.546739e+01              0             12              0              1   1.470163e+01   3.389182e-01   7.925410e-01
         40000   1.231441e+00   1.646162e+01              0             14              0              1   1.488078e+01   3.385838e-01   8.004037e-01
         40500   1.178387e+00   1.935513e+01              0             15              0              1   1.471479e+01   3.251668e-01   7.861616e-01
         41000   1.172745e+00   2.035148e+01              0             16              0              2   1.460553e+01   3.405711e-01   7.876873e-01
         41500   1.179731e+00   2.133672e+01              0             16              0              1   1.451627e+01   3.576254e-01   7.797498e-01
         42000   1.181817e+00   2.233015e+01              0             15              0              2   1.446242e+01   3.450018e-01   7.803796e-01
         42500   1.195061e+00   2.332220e+01              0             17              0              2   1.488496e+01   3.784817e-01   8.151742e-01
         43000   1.213867e+00   2.420655e+01              0             16              0              2   1.499365e+01   3.715216e-01   8.113439e-01
         43500   1.196143e+00   2.514393e+01              0             15              0              1   1.508713e+01   3.584525e-01   8.224831e-01
         44000   1.190644e+00   2.606951e+01              0             16              0              2   1.498415e+01   3.443432e-01   8.325229e-01
         44500   1.209721e+00   2.488719e+01              0             17              0              2   1.523447e+01   3.567126e-01   8.379872e-01
         45000   1.225068e+00   2.588080e+01              0             17              0              1   1.515429e+01   3.572487e-01   8.448410e-01
         45500   1.229623e+00   2.687803e+01              0             15              0              1   1.496081e+01   3.619961e-01   8.471300e-01
         46000   1.202310e+00   2.783741e+01              0             16              0              1   1.511221e+01   3.522402e-01   8.398991e-01
         46500   1.218612e+00   2.883344e+01              0             15              0              2   1.519183e+01   3.644937e-01   8.355322e-01
         47000   1.241765e+00   2.401183e+01              0             16              0              1   1.486605e+01   3.542187e-01   8.071401e-01
         47500   1.177686e+00   3.233710e+01              0             18              0              1   1.506870e+01   3.711493e-01   8.088783e-01
         48000   1.198922e+00   3.162746e+01              0             16              0              2   1.482907e+01   3.735296e-01   7.974915e-01
         48500   1.215308e+00   3.255035e+01              0             16              0              1   1.536044e+01   3.779143e-01   8.437297e-01
         49000   1.202127e+00   3.354512e+01              0             20              0              2   1.519795e+01   3.989786e-01   8.278202e-01
         49500   1.214321e+00   3.450428e+01              0             17              0              2   1.484257e+01   3.707781e-01   8.121669e-01
         50000   1.222883e+00   3.549704e+01              0             18              0              1   1.483024e+01   3.692246e-01   8.207549e-01
         50500   1.219468e+00   3.645665e+01              0             18              0              1   1.486747e+01   3.619670e-01   8.139558e-01
         51000   1.181398e+00   3.878323e+01              0             16              0              1   1.523869e+01   3.590914e-01   8.196140e-01
         51500   1.177548e+00   3.978167e+01              0             19              0              1   1.502904e+01   3.361159e-01   8.358507e-01
         52000   1.169948e+00   4.077411e+01              0             16              0              2   1.472111e+01   3.045536e-01   8.333148e-01
         52500   1.114961e+00   3.855169e+01              0             16              0              2   1.457533e+01   3.143584e-01   8.193432e-01
         53000   1.140420e+00   3.954398e+01              0             16              0              2   1.475914e+01   2.968991e-01   8.359068e-01
         53500   1.125253e+00   4.053151e+01              0             15              0              1   1.481001e+01   3.036250e-01   8.161066e-01
         54000   1.141206e+00   4.152914e+01              0             15              0              2   1.479512e+01   3.216299e-01   8.269347e-01
         54500   1.105948e+00   3.888888e+01              0             15              0              1   1.467292e+01   3.103352e-01   8.049881e-01
         55000   1.079105e+00   3.987591e+01              0             14              0              1   1.473060e+01   2.995513e-01   7.991338e-01
         55500   1.096375e+00   4.082320e+01              0             15              0              1   1.484541e+01   3.182418e-01   8.069274e-01
         56000   1.073921e+00   4.180950e+01              0             17              0              2   1.481659e+01   3.226013e-01   8.151708e-01
         56500   1.058248e+00   4.279703e+01              0             18              0              2   1.468397e+01   3.549070e-01   7.936108e-01
         57000   1.071872e+00   4.378435e+01              0             18              0              2   1.456925e+01   3.552406e-01   7.798776e-01
         57500   1.031024e+00   4.506707e+01              0             19              0              2   1.456112e+01   3.568859e-01   8.086316e-01
         58000   1.073000e+00   4.569210e+01              0             17              0              2   1.478886e+01   3.748289e-01   8.131654e-01
         58500   1.058652e+00   4.667640e+01              0             16              0              2   1.449799e+01   3.367396e-01   8.006752e-01
         59000   1.099025e+00   4.765948e+01              0             16              0              2   1.460282e+01   3.574947e-01   8.034452e-01
         59500   1.081432e+00   4.862200e+01              0             17              0              1   1.488165e+01   3.573714e-01   8.106175e-01
         60000   1.098099e+00   4.961203e+01              0             16              0              1   1.458687e+01   3.600869e-01   8.074840e-01
         60500   1.108171e+00   5.058606e+01              0             19              0              2   1.451644e+01   3.419795e-01   8.122646e-01
         61000   1.111720e+00   5.151264e+01              0             15              0              1   1.449121e+01   3.449717e-01   8.163839e-01
         61500   1.117570e+00   5.470287e+01              0             15              0              1   1.456088e+01   3.581465e-01   7.982016e-01
         62000   1.107784e+00   5.567341e+01              0             15              0              2   1.457906e+01   3.499958e-01   7.975040e-01
         62500   1.094011e+00   5.438691e+01              0             15              0              2   1.446550e+01   3.533837e-01   8.101081e-01
         63000   1.081504e+00   5.538191e+01              0             16              0              1   1.445210e+01   3.269712e-01   8.151225e-01
         63500   1.124861e+00   5.848278e+01              0             14              0              1   1.470846e+01   3.546411e-01   8.093368e-01
         64000   1.117633e+00   5.948088e+01              0             14              0              2   1.455264e+01   3.556065e-01   8.064137e-01
         64500   1.141394e+00   6.047541e+01              0             14              0              2   1.488713e+01   3.525091e-01   8.034330e-01
         65000   1.113960e+00   6.146650e+01              0             14              0              2   1.494738e+01   3.440058e-01   8.232227e-01
         65500   1.105009e+00   5.983958e+01              0             15              0              1   1.484961e+01   3.190193e-01   8.079908e-01
         66000   1.067640e+00   6.081185e+01              0             16              0              2   1.473595e+01   3.129416e-01   8.107106e-01
         66500   1.046879e+00   5.898526e+01              0             16              0              1   1.460670e+01   3.100756e-01   8.149030e-01
         67000   1.047915e+00   6.272127e+01              0             16              0              1   1.465215e+01   2.922623e-01   8.072071e-01
         67500   1.054272e+00   6.090921e+01              0             15              0              2   1.460446e+01   3.036275e-01   7.937290e-01
         68000   1.057248e+00   6.467552e+01              0             16              0              2   1.452706e+01   2.927382e-01   7.958090e-01
         68500   1.061816e+00   6.566701e+01              0             15              0              2   1.440188e+01   2.910676e-01   7.792962e-01
         69000   1.037695e+00   6.375770e+01              0             16              0              2   1.449032e+01   2.763654e-01   7.948055e-01
         69500   1.058614e+00   6.758884e+01              0             16              0              2   1.470662e+01   2.952057e-01   7.955206e-01
         70000   1.086429e+00   6.857831e+01              0             16              0              2   1.462912e+01   2.996575e-01   7.992487e-01
         70500   1.070453e+00   6.956067e+01              0             16              0              2   1.494780e+01   2.897484e-01   8.132141e-01
         71000   1.029211e+00   6.733177e+01              0             17              0              2   1.453820e+01   2.944807e-01   8.010875e-01
         71500   1.007250e+00   6.832191e+01              0             16              0              2   1.449318e+01   3.110734e-01   7.793227e-01
         72000   1.022261e+00   6.930975e+01              0             15              0              1   1.445749e+01   3.022496e-01   7.961302e-01
         72500   1.034413e+00   7.029805e+01              0             15              0              2   1.468643e+01   3.005832e-01   7.952269e-01
         73000   1.051403e+00   7.127931e+01              0             19              0              1   1.473880e+01   2.820053e-01   8.090069e-01
         73500   1.061346e+00   7.510007e+01              0             18              0              1   1.448018e+01   2.946001e-01   7.963195e-01
         74000   1.021568e+00   7.317361e+01              0             22              0              2   1.435853e+01   2.960255e-01   7.926724e-01
         74500   1.074133e+00   7.702009e+01              0             19              0              1   1.463885e+01   2.902694e-01   8.055433e-01
         75000   1.135665e+00   7.724603e+01              0             17              0              1   1.452230e+01   2.813936e-01   8.105993e-01
         75500   1.150354e+00   7.084222e+01              0             16              0              1   1.457047e+01   2.802103e-01   8.176935e-01
         76000   1.208285e+00   5.789277e+01              0             14              0              1   1.455891e+01   3.006740e-01   8.200338e-01
         76500   1.212497e+00   5.888827e+01              0             15              0              1   1.478606e+01   2.842849e-01   8.053087e-01
         77000   1.263047e+00   4.238735e+01              0             13              0              1   1.453558e+01   3.171964e-01   8.093456e-01
         77500   1.259731e+00   4.336849e+01              0             15              0              1   1.447778e+01   3.035249e-01   8.087958e-01
         78000   1.305339e+00   2.739887e+01              0             14              0              1   1.453118e+01   2.995978e-01   8.109500e-01
         78500   1.272314e+00   4.526035e+01              0             16              0              1   1.468635e+01   3.204054e-01   8.186219e-01
         79000   1.292106e+00   2.926908e+01              0             18              0              1   1.479795e+01   3.117716e-01   8.409628e-01
         79500   1.268792e+00   4.721468e+01              0             14              0              1   1.474354e+01   3.299411e-01   8.314156e-01
         80000   1.305982e+00   3.112901e+01              0             14              0              1   1.464616e+01   3.215194e-01   8.185734e-01
         80500   1.323440e+00   3.211314e+01              0             14              0              1   1.462336e+01   3.212274e-01   8.184276e-01
         81000   1.342594e+00   1.890600e+01              0             15              0              1   1.461475e+01   3.099203e-01   8.267973e-01
         81500   1.329966e+00   3.406489e+01              0             15              0              2   1.455437e+01   3.395566e-01   8.218951e-01
         82000   1.412463e+00   1.073667e+01              0             14              0              1   1.484195e+01   3.141416e-01   8.258222e-01
         82500   1.443870e+00   5.652224e+00              0             14              0              1   1.424364e+01   2.907402e-01   7.933905e-01
         83000   1.401295e+00   1.268110e+01              0             13              0              1   1.452148e+01   3.147221e-01   8.251952e-01
         83500   1.349829e+00   2.342585e+01              0             12              0              1   1.437175e+01   2.875548e-01   8.075314e-01
         84000   1.372291e+00   2.441621e+01              0             14              0              1   1.463061e+01   2.749188e-01   8.139422e-01
         84500   1.409583e+00   1.535329e+01              0             11              0              1   1.458808e+01   2.714210e-01   8.111248e-01
         85000   1.395012e+00   2.632735e+01              0             12              0              1   1.446879e+01   2.799937e-01   8.079265e-01
         85500   1.375226e+00   2.729912e+01              0             15              0              1   1.426628e+01   3.093541e-01   7.978529e-01
         86000   1.440822e+00   1.824254e+01              0             12              0              1   1.433771e+01   3.020235e-01   7.943615e-01
         86500   1.407372e+00   1.923406e+01              0             16              0              1   1.393623e+01   2.832630e-01   7.855363e-01
         87000   1.399184e+00   2.020229e+01              0             15              0              2   1.391104e+01   3.097063e-01   7.826206e-01
         87500   1.466567e+00   1.346489e+01              0             10              0              1   1.413018e+01   3.040541e-01   7.821945e-01
         88000   1.510641e+00   8.549401e+00              0             14              0              1   1.426869e+01   2.987674e-01   8.005735e-01
         88500   1.482519e+00   1.540349e+01              0             13              0              1   1.457326e+01   2.944758e-01   8.040632e-01
         89000   1.498210e+00   1.037552e+01              0             13              0              2   1.462300e+01   3.068484e-01   8.039465e-01
         89500   1.490988e+00   1.737323e+01              0             12              0              1   1.413882e+01   2.955311e-01   7.839679e-01
         90000   1.453699e+00   1.835251e+01              0             10              0              1   1.403230e+01   2.950830e-01   7.761349e-01
         90500   1.441294e+00   1.933185e+01              0             13              0              2   1.412863e+01   3.081975e-01   7.913265e-01
         91000   1.390357e+00   3.509131e+01              0             16              0              2   1.415364e+01   3.006696e-01   7.823123e-01
         91500   1.406329e+00   2.818805e+01              0             15              0              2   1.433311e+01   2.978978e-01   7.869605e-01
         92000   1.412069e+00   2.918585e+01              0             13              0              1   1.439711e+01   3.217595e-01   7.793731e-01
         92500   1.436724e+00   2.278300e+01              0             14              0              1   1.448873e+01   3.048744e-01   7.855277e-01
         93000   1.496178e+00   1.616556e+01              0             13              0              1   1.468204e+01   3.025554e-01   8.015086e-01
         93500   1.542171e+00   1.023974e+01              0             13              0              2   1.457604e+01   2.757680e-01   7.885747e-01
         94000   1.512782e+00   1.811487e+01              0             15              0              1   1.434616e+01   2.830510e-01   7.852601e-01
         94500   1.537055e+00   1.911019e+01              0             16              0              1   1.463230e+01   2.989173e-01   7.883649e-01
         95000   1.583310e+00   1.302192e+01              0             12              0              1   1.488028e+01   3.056639e-01   7.902552e-01
         95500   1.565671e+00   1.401644e+01              0             14              0              1   1.465960e+01   3.256109e-01   7.977518e-01
         96000   1.544923e+00   2.184885e+01              0             17              0              1   1.440818e+01   3.424045e-01   7.859202e-01
         96500   1.539565e+00   2.282403e+01              0             19              0              1   1.479965e+01   3.435021e-01   8.116707e-01
         97000   1.518506e+00   2.380666e+01              0             16              0              1   1.454959e+01   3.305475e-01   7.870559e-01
         97500   1.533492e+00   2.479994e+01              0             15              0              2   1.450606e+01   3.430466e-01   7.799396e-01
         98000   1.547241e+00   1.873882e+01              0             18              0              0   1.450158e+01   3.555689e-01   7.904338e-01
         98500   1.517496e+00   2.675457e+01              0             17              0              1   1.472971e+01   3.674276e-01   7.833690e-01
         99000   1.480794e+00   3.323859e+01              0             15              0              1   1.465038e+01   3.659033e-01   7.676363e-01
         99500   1.496425e+00   2.868016e+01              0             17              0              1   1.439732e+01   3.583377e-01   7.727981e-01
        100000   1.532069e+00   2.966917e+01              0             15              0              1   1.436856e+01   3.601536e-01   7.691518e-01
        100500   1.515251e+00   3.066582e+01              0             12              0              1   1.451187e+01   3.588354e-01   7.619054e-01
        101000   1.572512e+00   2.386496e+01              0             14              0              1   1.471955e+01   3.542661e-01   7.828673e-01
        101500   1.553047e+00   2.485207e+01              0             14              0              1   1.448615e+01   3.734366e-01   7.821195e-01
        102000   1.533660e+00   3.342303e+01              0             15              0              1   1.442863e+01   3.744626e-01   7.852237e-01
        102500   1.515897e+00   3.442088e+01              0             16              0              1   1.440433e+01   3.703825e-01   7.651307e-01
        103000   1.537873e+00   3.540647e+01              0             17              0              0   1.446175e+01   3.806299e-01   7.579089e-01
        103500   1.535081e+00   3.635420e+01              0             17              0              1   1.416943e+01   3.833663e-01   7.537188e-01
        104000   1.525384e+00   3.734928e+01              0             15              0              1   1.441674e+01   3.751478e-01   7.650265e-01
        104500   1.518670e+00   3.833706e+01              0             15              0              1   1.445437e+01   3.806806e-01   7.794325e-01
        105000   1.560463e+00   3.133481e+01              0             15              0              1   1.423009e+01   3.744316e-01   7.553428e-01
        105500   1.589124e+00   3.231062e+01              0             14              0              0   1.410949e+01   4.036405e-01   7.613280e-01
        106000   1.630995e+00   2.290542e+01              0             12              0              0   1.424562e+01   4.000720e-01   7.620292e-01
        106500   1.690128e+00   1.406633e+01              0             12              0              0   1.414484e+01   3.780931e-01   7.594671e-01
        107000   1.760896e+00   3.781009e+00              0              7              0              0   1.423653e+01   3.956693e-01   7.610895e-01
        107500   1.750976e+00   4.769274e+00              0              8              0              0   1.411864e+01   3.969834e-01   7.575568e-01
        108000   1.781940e+00   5.758855e+00              0              9              0              0   1.419007e+01   3.818452e-01   7.749591e-01
        108500   1.841626e+00   4.324852e+00              0              9              0              0   1.430843e+01   3.861567e-01   7.833927e-01
        109000   1.817608e+00   5.300747e+00              0              9              0              0   1.406410e+01   3.748085e-01   7.635156e-01
        109500   1.847165e+00   6.293525e+00              0              8              0              0   1.421503e+01   3.735329e-01   7.739618e-01
        110000   1.923952e+00   3.620466e+00              0              9              0              0   1.408003e+01   3.795228e-01   7.703243e-01
        110500   1.900534e+00   6.331246e+00              0              8              0              0   1.411801e+01   3.904099e-01   7.665343e-01
        111000   1.960923e+00   3.735294e+00              0              7              0              0   1.422311e+01   3.879134e-01   7.658881e-01
        111500   1.945814e+00   6.508848e+00              0             11              0              0   1.413362e+01   3.700476e-01   7.616728e-01
        112000   1.989607e+00   5.707625e+00              0              7              0              0   1.421945e+01   3.755752e-01   7.749799e-01
        112500   1.974210e+00   6.704699e+00              0             10              0              0   1.428964e+01   3.812173e-01   7.923157e-01
        113000   2.007495e+00   5.646797e+00              0              7              0              0   1.446467e+01   3.914969e-01   7.796334e-01
        113500   1.999052e+00   8.630691e+00              0              5              0              0   1.431536e+01   3.816991e-01   7.800644e-01
        114000   2.014885e+00   7.562616e+00              0              7              0              0   1.415484e+01   3.580205e-01   7.742557e-01
        114500   2.040832e+00   8.555644e+00              0              7              0              0   1.443442e+01   3.619525e-01   7.819625e-01
        115000   1.995694e+00   1.136094e+01              0              7              0              0   1.414466e+01   3.760990e-01   7.774629e-01
        115500   2.017201e+00   1.051849e+01              0              7              0              0   1.396982e+01   3.883801e-01   7.668721e-01
        116000   2.073310e+00   8.429300e+00              0              6              0              0   1.453037e+01   3.755267e-01   7.911386e-01
        116500   2.038059e+00   9.382259e+00              0              6              0              0   1.478793e+01   3.943007e-01   8.062500e-01
        117000   2.077537e+00   1.034696e+01              0              7              0              0   1.461453e+01   3.892070e-01   8.017151e-01
        117500   2.087396e+00   1.132690e+01              0              6              0              0   1.445829e+01   3.827439e-01   7.870320e-01
        118000   2.136419e+00   8.515631e+00              0              6              0              0   1.466082e+01   3.925327e-01   8.015701e-01
        118500   2.077335e+00   1.314602e+01              0              6              0              0   1.480677e+01   3.843655e-01   8.166482e-01
        119000   2.045411e+00   1.642675e+01              0              7              0              0   1.456239e+01   3.992419e-01   7.924187e-01
        119500   2.007450e+00   1.740574e+01              0              7              0              0   1.491745e+01   3.995518e-01   8.028243e-01
        120000   1.999167e+00   1.841740e+01              0              6              0              0   1.448494e+01   3.777847e-01   7.906065e-01
        120500   1.975379e+00   1.939988e+01              0              5              0              0   1.439005e+01   3.921235e-01   7.575575e-01
        121000   1.958177e+00   2.038197e+01              0              7              0              0   1.440427e+01   3.935491e-01   7.612711e-01
        121500   1.957626e+00   2.136146e+01              0              7              0              0   1.423771e+01   4.146669e-01   7.505294e-01
        122000   1.957727e+00   2.235049e+01              0              7              0              0   1.449671e+01   4.058896e-01   7.687028e-01
        122500   1.905177e+00   1.697486e+01              0              6              0              0   1.449025e+01   4.036220e-01   7.718345e-01
        123000   1.896411e+00   1.793854e+01              0              7              0              0   1.441081e+01   4.052540e-01   7.714722e-01
        123500   1.902807e+00   2.282561e+01              0              6              0              0   1.461851e+01   4.055160e-01   7.730844e-01
        124000   1.898450e+00   1.988314e+01              0              5              0              0   1.436426e+01   4.093639e-01   7.460036e-01
        124500   1.948204e+00   2.478090e+01              0              5              0              0   1.421454e+01   4.106177e-01   7.492270e-01
        125000   1.960877e+00   2.727811e+01              0              7              0              0   1.467799e+01   4.437003e-01   7.671828e-01
        125500   1.946238e+00   2.823818e+01              0              7              0              0   1.473522e+01   4.234297e-01   7.569528e-01
        126000   1.936653e+00   2.767595e+01              0              7              0              0   1.415437e+01   4.149825e-01   7.525670e-01
        126500   1.964299e+00   3.013321e+01              0              6              0              0   1.451393e+01   4.142574e-01   7.792041e-01
        127000   1.965592e+00   3.112235e+01              0              6              0              0   1.465651e+01   4.163769e-01   7.831089e-01
        127500   2.046078e+00   2.241631e+01              0              6              0              0   1.471109e+01   4.373130e-01   8.021709e-01
        128000   2.062300e+00   2.339957e+01              0              5              0              0   1.490168e+01   4.286814e-01   8.072800e-01
        128500   2.072172e+00   2.439356e+01              0              6              0              0   1.499479e+01   4.316769e-01   8.151871e-01
        129000   2.091333e+00   2.538628e+01              0              6              0              0   1.492619e+01   4.398440e-01   7.993690e-01
        129500   2.121348e+00   1.825439e+01              0              5              0              0   1.472289e+01   4.428853e-01   8.023922e-01
        130000   2.175676e+00   1.172195e+01              0              5              0              0   1.481973e+01   4.175870e-01   7.942097e-01
        130500   2.156244e+00   1.271868e+01              0              6              0              0   1.464603e+01   4.207142e-01   7.912387e-01
        131000   2.142647e+00   2.105033e+01              0              6              0              0   1.471008e+01   4.165864e-01   7.972459e-01
        131500   2.153016e+00   1.461814e+01              0              6              0              0   1.490901e+01   4.062854e-01   8.058512e-01
        132000   2.162011e+00   1.561133e+01              0              5              0              0   1.453716e+01   4.153498e-01   7.807624e-01
        132500   2.199855e+00   1.023147e+01              0              5              0              0   1.447258e+01   3.985054e-01   7.827428e-01
        133000   2.204846e+00   1.754065e+01              0              4              0              0   1.444307e+01   4.000738e-01   7.890244e-01
        133500   2.180226e+00   1.851646e+01              0              3              0              0   1.406259e+01   4.005681e-01   7.663379e-01
        134000   2.182604e+00   1.948991e+01              0              5              0              0   1.447945e+01   4.119409e-01   7.833400e-01
        134500   2.191229e+00   2.046342e+01              0              4              0              0   1.454593e+01   4.265999e-01   7.824829e-01
        135000   2.202800e+00   1.496309e+01              0              4              0              0   1.484049e+01   4.239531e-01   7.934716e-01
        135500   2.253939e+00   9.967893e+00              0              2              0              0   1.438334e+01   4.050618e-01   7.742650e-01
        136000   2.227757e+00   1.690754e+01              0              5              0              0   1.441092e+01   4.348589e-01   7.807685e-01
        136500   2.220222e+00   1.789622e+01              0              3              0              0   1.415240e+01   4.224438e-01   7.642136e-01
        137000   2.216858e+00   1.888036e+01              0              3              0              0   1.416434e+01   4.094486e-01   7.629208e-01
        137500   2.273452e+00   1.358172e+01              0              4              0              0   1.442951e+01   4.099324e-01   7.633950e-01
        138000   2.284843e+00   1.457377e+01              0              1              0              0   1.455578e+01   3.995849e-01   7.630923e-01
        138500   2.306733e+00   9.784616e+00              0              1              0              0   1.419095e+01   3.751586e-01   7.714910e-01
        139000   2.319233e+00   1.078191e+01              0              0              0              0   1.413789e+01   3.930198e-01   7.435981e-01
        139500   2.386274e+00   7.059944e+00              0              0              0              0   1.385837e+01   3.752039e-01   7.443446e-01
        140000   2.397364e+00   4.690387e+00              0              1              0              0   1.391649e+01   3.810325e-01   7.543212e-01
        140500   2.442850e+00   5.669224e+00              0              2              0              0   1.380939e+01   3.835787e-01   7.614723e-01
        141000   2.478186e+00   4.264442e+00              0              2              0              0   1.415127e+01   3.781448e-01   7.546716e-01
        141500   2.523323e+00   3.465325e+00              0              1              0              0   1.408591e+01   3.649689e-01   7.601203e-01
        142000   2.516205e+00   4.457227e+00              0              3              0              0   1.380435e+01   3.509141e-01   7.633827e-01
        142500   2.487505e+00   7.056585e+00              0              4              0              0   1.370076e+01   3.728268e-01   7.547028e-01
        143000   2.453146e+00   8.044622e+00              0              6              0              0   1.349584e+01   3.791472e-01   7.455262e-01
        143500   2.488342e+00   9.008371e+00              0              4              0              0   1.384246e+01   3.596335e-01   7.645927e-01
        144000   2.448201e+00   1.133832e+01              0              3              0              0   1.375601e+01   3.791191e-01   7.464556e-01
        144500   2.469699e+00   1.097753e+01              0              3              0              0   1.382248e+01   3.667049e-01   7.589846e-01
        145000   2.480980e+00   1.197493e+01              0              4              0              0   1.366725e+01   3.803419e-01   7.312959e-01
        145500   2.481160e+00   1.296607e+01              0              5              0              0   1.420756e+01   3.795615e-01   7.584423e-01
        146000   2.547868e+00   1.154449e+01              0              3              0              0   1.390653e+01   3.921636e-01   7.460355e-01
        146500   2.537983e+00   1.252562e+01              0              2              0              0   1.383881e+01   3.952088e-01   7.483214e-01
        147000   2.558840e+00   1.348239e+01              0              2              0              0   1.398458e+01   3.998066e-01   7.587611e-01
        147500   2.553861e+00   1.441851e+01              0              2              0              0   1.397670e+01   4.037304e-01   7.545899e-01
        148000   2.593727e+00   1.188888e+01              0              1              0              0   1.401845e+01   3.920303e-01   7.615887e-01
        148500   2.608767e+00   8.639755e+00              0              2              0              0   1.406052e+01   3.962477e-01   7.753789e-01
        149000   2.601763e+00   1.376674e+01              0              3              0              0   1.437525e+01   4.042272e-01   7.720250e-01
        149500   2.591086e+00   1.473950e+01              0              5              0              0   1.424028e+01   3.953956e-01   7.581001e-01
        150000   2.615596e+00   1.154005e+01              0              5              0              0   1.455543e+01   3.976052e-01   7.632639e-01
        150500   2.686651e+00   8.110020e+00              0              4              0              0   1.425915e+01   4.038897e-01   7.678797e-01
        151000   2.689366e+00   9.030616e+00              0              4              0              0   1.445769e+01   4.098476e-01   7.801048e-01
        151500   2.712901e+00   6.448917e+00              0              4              0              0   1.462457e+01   4.005091e-01   7.908478e-01
        152000   2.648518e+00   1.096314e+01              0              4              0              0   1.424587e+01   3.872198e-01   7.823091e-01
        152500   2.645649e+00   1.194810e+01              0              3              0              0   1.428221e+01   3.869139e-01   7.824491e-01
        153000   2.599263e+00   1.660624e+01              0              4              0              0   1.420799e+01   3.729451e-01   7.767496e-01
        153500   2.647317e+00   1.372122e+01              0              3              0              0   1.394296e+01   3.848329e-01   7.651903e-01
        154000   2.601583e+00   1.857629e+01              0              4              0              0   1.431882e+01   3.875353e-01   7.741233e-01
        154500   2.592252e+00   1.950237e+01              0              4              0              0   1.420235e+01   3.982184e-01   7.608949e-01
        155000   2.595661e+00   2.045405e+01              0              4              0              0   1.418706e+01   3.820845e-01   7.539561e-01
        155500   2.632434e+00   2.144197e+01              0              4              0              0   1.401014e+01   3.517018e-01   7.571280e-01
        156000   2.669677e+00   1.784503e+01              0              4              0              0   1.404498e+01   3.643700e-01   7.709258e-01
        156500   2.606767e+00   2.331912e+01              0              5              0              0   1.376374e+01   3.614502e-01   7.566450e-01
        157000   2.672144e+00   1.973117e+01              0              4              0              0   1.440574e+01   3.753332e-01   7.644470e-01
        157500   2.669047e+00   2.072659e+01              0              4              0              0   1.420290e+01   3.874094e-01   7.534495e-01
        158000   2.705961e+00   1.558495e+01              0              4              0              0   1.446078e+01   4.128425e-01   7.557305e-01
        158500   2.716569e+00   1.657233e+01              0              3              0              0   1.500970e+01   4.041676e-01   7.713415e-01
        159000   2.724181e+00   1.755452e+01              0              2              0              0   1.467628e+01   3.880658e-01   7.699873e-01
        159500   2.722555e+00   1.854890e+01              0              1              0              0   1.428429e+01   3.510008e-01   7.548636e-01
        160000   2.684038e+00   2.531852e+01              0              3              0              0   1.460085e+01   3.708410e-01   7.589726e-01
        160500   2.698046e+00   2.048900e+01              0              3              0              0   1.457028e+01   3.722371e-01   7.775513e-01
        161000   2.712482e+00   2.148433e+01              0              3              0              0   1.489686e+01   3.641546e-01   7.921547e-01
        161500   2.730632e+00   2.247666e+01              0              3              0              0   1.531919e+01   3.976721e-01   8.112561e-01
        162000   2.792224e+00   1.625595e+01              0              1              0              0   1.485908e+01   4.081469e-01   7.820595e-01
        162500   2.798446e+00   1.723795e+01              0              1              0              0   1.498072e+01   4.147814e-01   7.804933e-01
        163000   2.838714e+00   1.137683e+01              0              0              0              0   1.467831e+01   4.219849e-01   7.864304e-01
        163500   2.777262e+00   1.894384e+01              0              0              0              0   1.474818e+01   4.362958e-01   7.631662e-01
        164000   2.757555e+00   1.992109e+01              0              0              0              0   1.477043e+01   4.572915e-01   7.424354e-01
        164500   2.781029e+00   2.090600e+01              0              0              0              0   1.491339e+01   4.607317e-01   7.536797e-01
        165000   2.791956e+00   2.190076e+01              0              0              0              0   1.477581e+01   4.423822e-01   7.574426e-01
        165500   2.876194e+00   9.760629e+00              0              0              0              0   1.477510e+01   4.818942e-01   7.507843e-01
        166000   2.870137e+00   1.074912e+01              0              0              0              0   1.518098e+01   4.730752e-01   7.598320e-01
