          step              r      E_metad_r      n_cont_CA   n_cont_heavy       n_saltbr        n_hbond           SASA           RMSD             Rg 
             0   2.821622e-01   0.000000e+00              3             30              0              4   8.001349e+00   0.000000e+00   5.699941e-01
           500   2.985666e-01   9.556492e-01              3             31              0              6   8.188313e+00   5.783463e-02   5.817163e-01
          1000   2.915584e-01   1.937466e+00              3             31              0              5   8.163365e+00   6.493393e-02   5.704900e-01
          1500   2.878823e-01   2.915021e+00              3             32              0              6   8.101884e+00   5.297311e-02   5.630647e-01
          2000   3.078153e-01   3.762592e+00              3             31              0              5   8.093656e+00   6.995183e-02   5.632056e-01
          2500   2.774779e-01   4.871054e+00              3             32              0              6   8.065257e+00   5.256662e-02   5.723984e-01
          3000   2.876685e-01   5.852722e+00              3             32              0              4   8.047320e+00   3.987953e-02   5.717857e-01
          3500   2.862150e-01   6.842412e+00              3             32              0              4   8.087682e+00   5.882217e-02   5.824906e-01
          4000   3.169620e-01   7.539003e+00              2             32              0              4   8.042828e+00   5.928973e-02   5.789929e-01
          4500   3.049824e-01   8.729592e+00              3             31              0              4   8.105630e+00   6.564628e-02   5.850197e-01
          5000   2.987918e-01   9.687904e+00              2             31              0              3   8.140249e+00   8.743035e-02   5.899926e-01
          5500   2.720311e-01   1.066171e+01              2             32              0              4   8.138471e+00   9.143238e-02   5.911793e-01
          6000   2.962688e-01   1.134321e+01              3             31              0              5   8.107661e+00   8.383645e-02   5.869343e-01
          6500   2.921545e-01   1.261950e+01              3             33              0              5   8.227734e+00   8.781481e-02   5.920232e-01
          7000   2.949263e-01   1.360040e+01              3             32              0              3   8.119679e+00   9.155136e-02   5.857704e-01
          7500   2.622429e-01   1.458067e+01              3             33              0              5   8.114502e+00   9.220863e-02   5.896701e-01
          8000   2.862475e-01   1.556600e+01              3             32              0              5   8.100341e+00   8.677679e-02   5.883051e-01
          8500   3.166714e-01   1.602404e+01              2             30              0              4   8.148344e+00   9.426504e-02   5.748732e-01
          9000   2.651790e-01   1.748963e+01              3             33              0              4   8.018181e+00   1.143035e-01   5.506264e-01
          9500   3.005586e-01   1.791001e+01              2             32              0              3   8.164019e+00   1.067332e-01   5.685764e-01
         10000   3.123664e-01   1.887234e+01              2             30              0              3   8.025050e+00   1.286289e-01   5.701697e-01
         10500   2.858632e-01   2.038543e+01              3             31              0              4   8.118346e+00   1.226977e-01   5.857151e-01
         11000   3.269243e-01   2.081083e+01              3             31              0              4   8.227762e+00   1.223924e-01   5.735495e-01
         11500   2.899515e-01   2.223436e+01              3             31              0              4   8.230542e+00   1.271984e-01   5.725558e-01
         12000   3.016833e-01   2.313627e+01              3             31              0              3   8.064645e+00   1.299232e-01   5.587190e-01
         12500   3.151201e-01   2.372878e+01              2             33              0              4   8.140429e+00   1.292214e-01   5.714552e-01
         13000   2.892694e-01   2.505895e+01              3             33              0              4   8.067881e+00   1.316820e-01   5.646812e-01
         13500   2.961880e-01   2.604008e+01              3             32              0              4   7.993891e+00   1.283350e-01   5.612754e-01
         14000   2.909018e-01   2.701892e+01              3             32              0              5   8.057017e+00   1.204421e-01   5.631307e-01
         14500   2.825318e-01   2.800451e+01              3             32              0              5   8.104296e+00   1.247794e-01   5.724917e-01
         15000   3.008350e-01   2.838343e+01              3             32              0              4   8.205424e+00   1.195517e-01   5.848875e-01
         15500   2.942880e-01   2.997908e+01              2             32              0              4   8.244665e+00   1.236381e-01   5.902334e-01
         16000   2.843156e-01   3.095833e+01              3             30              0              4   8.270266e+00   1.288040e-01   5.861260e-01
         16500   2.838694e-01   3.192306e+01              3             33              0              3   8.102040e+00   1.328631e-01   5.746451e-01
         17000   2.798454e-01   3.291649e+01              3             32              0              5   8.253904e+00   1.358690e-01   6.040286e-01
         17500   2.896299e-01   3.298065e+01              2             32              0              4   8.116600e+00   1.100477e-01   5.696174e-01
         18000   2.994915e-01   3.482835e+01              1             33              0              6   8.221118e+00   1.285561e-01   5.750103e-01
         18500   2.696170e-01   3.579337e+01              3             32              0              6   8.190351e+00   1.314581e-01   5.561898e-01
         19000   2.831191e-01   3.678243e+01              3             32              0              5   8.137754e+00   1.207370e-01   5.681688e-01
         19500   2.981895e-01   3.672936e+01              3             32              0              4   8.195214e+00   1.311327e-01   5.646058e-01
         20000   3.180723e-01   3.770981e+01              2             31              0              6   8.317314e+00   1.555800e-01   5.829815e-01
         20500   2.979748e-01   3.865963e+01              1             32              0              5   8.313348e+00   1.482199e-01   5.917341e-01
         21000   2.940279e-01   4.062687e+01              3             33              0              6   8.124418e+00   1.342512e-01   5.791721e-01
         21500   2.932975e-01   4.160130e+01              2             32              0              5   8.158749e+00   1.453011e-01   5.879893e-01
         22000   2.887452e-01   4.259290e+01              3             32              0              6   8.132513e+00   1.411147e-01   5.825379e-01
         22500   3.057089e-01   4.242046e+01              2             33              0              5   8.155336e+00   1.466199e-01   5.803898e-01
         23000   3.064183e-01   4.338679e+01              2             32              0              5   8.149403e+00   1.420366e-01   5.627180e-01
         23500   2.938607e-01   4.546672e+01              2             30              0              5   8.274053e+00   1.535670e-01   5.913502e-01
         24000   3.165747e-01   4.530058e+01              3             31              0              3   8.086314e+00   1.530878e-01   5.722465e-01
         24500   3.173554e-01   4.629432e+01              4             31              0              5   8.241351e+00   1.463617e-01   5.947062e-01
         25000   2.897858e-01   4.829940e+01              4             33              0              5   8.148575e+00   1.529115e-01   5.820561e-01
         25500   2.819189e-01   4.929236e+01              4             33              0              6   8.197954e+00   1.412155e-01   5.880860e-01
         26000   3.017258e-01   4.903999e+01              3             33              0              7   8.142504e+00   1.480670e-01   5.880266e-01
         26500   2.657271e-01   5.124989e+01              3             32              0              4   8.111199e+00   1.483228e-01   5.788306e-01
         27000   2.833358e-01   5.224258e+01              3             33              0              7   8.152725e+00   1.456728e-01   5.835387e-01
         27500   2.797299e-01   5.322919e+01              3             33              0              6   8.214064e+00   1.599946e-01   5.774144e-01
         28000   2.740587e-01   5.421848e+01              2             32              0              7   8.203300e+00   1.505622e-01   5.817654e-01
         28500   2.757067e-01   5.521126e+01              3             33              0              7   8.260619e+00   1.590159e-01   5.797537e-01
         29000   2.950878e-01   5.437425e+01              3             32              0              6   8.240486e+00   1.614388e-01   5.818534e-01
         29500   2.900162e-01   5.711166e+01              3             33              0              5   8.326580e+00   1.697609e-01   5.878594e-01
         30000   2.790674e-01   5.810356e+01              3             32              0              5   8.170177e+00   1.728894e-01   5.698772e-01
         30500   2.823907e-01   5.907986e+01              3             33              0              5   8.119413e+00   1.785453e-01   5.703811e-01
         31000   2.883244e-01   6.005853e+01              3             32              0              6   8.175588e+00   1.662502e-01   5.663924e-01
         31500   2.876367e-01   6.104932e+01              3             31              0              5   8.081820e+00   1.471894e-01   5.643612e-01
         32000   2.466919e-01   5.064359e+01              4             32              0              7   8.178866e+00   1.641371e-01   5.620054e-01
         32500   2.863428e-01   6.300775e+01              3             31              0              6   8.180181e+00   1.644016e-01   5.586700e-01
         33000   2.706856e-01   6.400358e+01              3             32              0              6   8.218555e+00   1.610790e-01   5.725150e-01
         33500   2.903046e-01   6.498114e+01              4             32              0              6   8.211641e+00   1.813671e-01   5.665661e-01
         34000   3.035053e-01   6.590910e+01              2             32              0              6   8.227921e+00   1.695690e-01   5.769418e-01
         34500   2.810158e-01   6.686054e+01              2             33              0              6   8.105549e+00   1.624033e-01   5.851749e-01
         35000   2.906517e-01   6.523159e+01              3             33              0              5   8.197439e+00   1.671786e-01   5.753900e-01
         35500   2.796384e-01   6.880696e+01              3             32              0              4   8.124729e+00   1.552486e-01   5.584377e-01
         36000   3.131252e-01   6.709368e+01              2             32              0              5   8.057290e+00   1.609283e-01   5.723545e-01
         36500   2.702827e-01   7.066154e+01              4             32              0              4   8.233780e+00   1.571658e-01   5.777070e-01
         37000   3.035561e-01   6.897790e+01              1             30              0              5   8.119320e+00   1.467456e-01   5.622878e-01
         37500   2.705004e-01   7.259547e+01              2             32              0              5   7.996974e+00   1.437336e-01   5.576177e-01
         38000   2.793023e-01   7.356303e+01              3             33              0              7   8.200542e+00   1.429374e-01   5.885459e-01
         38500   2.733548e-01   7.454947e+01              3             32              0              6   8.140321e+00   1.377353e-01   5.639559e-01
         39000   2.712586e-01   7.554334e+01              2             32              0              5   7.976484e+00   1.424272e-01   5.505785e-01
         39500   2.590501e-01   7.650514e+01              3             32              0              7   8.016302e+00   1.402236e-01   5.685175e-01
         40000   2.518783e-01   7.742631e+01              3             32              0              5   8.013360e+00   1.437689e-01   5.579216e-01
         40500   2.608690e-01   7.840431e+01              2             33              0              5   8.029788e+00   1.408446e-01   5.537025e-01
         41000   2.617482e-01   7.934350e+01              3             32              0              5   8.142315e+00   1.448808e-01   5.631740e-01
         41500   2.428429e-01   6.686723e+01              2             32              0              6   8.104822e+00   1.289986e-01   5.591598e-01
         42000   2.278452e-01   6.786049e+01              3             33              0              6   8.151859e+00   1.329792e-01   5.793776e-01
         42500   2.566010e-01   6.882726e+01              3             33              0              8   8.061424e+00   1.155987e-01   5.587601e-01
         43000   2.587889e-01   6.976884e+01              3             32              0              7   7.976866e+00   1.323648e-01   5.494957e-01
         43500   2.953926e-01   7.893725e+01              1             32              0              6   8.118976e+00   1.270151e-01   5.768879e-01
         44000   2.816007e-01   8.499509e+01              2             33              0              6   8.159920e+00   1.384340e-01   5.647869e-01
         44500   2.570511e-01   7.249117e+01              3             33              0              5   8.178506e+00   1.364979e-01   5.698912e-01
         45000   2.724272e-01   8.694304e+01              1             33              0              6   8.149880e+00   1.431391e-01   5.639831e-01
         45500   2.452886e-01   7.430933e+01              4             33              0              7   7.990884e+00   1.279895e-01   5.481161e-01
         46000   2.529680e-01   7.528215e+01              3             32              0              8   8.178934e+00   1.305376e-01   5.669518e-01
         46500   2.574645e-01   7.627706e+01              3             33              0              7   7.959846e+00   1.162604e-01   5.524543e-01
         47000   2.394726e-01   7.724818e+01              3             32              0              7   8.064712e+00   1.164734e-01   5.675690e-01
         47500   2.444048e-01   7.824022e+01              2             32              0              8   7.991362e+00   1.233758e-01   5.540463e-01
         48000   2.454641e-01   7.923449e+01              3             33              0              7   8.034656e+00   1.207608e-01   5.664571e-01
         48500   2.493353e-01   8.022881e+01              1             33              0              8   8.047089e+00   1.272701e-01   5.613037e-01
         49000   2.310671e-01   8.122444e+01              3             33              0              8   8.146131e+00   1.222554e-01   5.692607e-01
         49500   2.542348e-01   8.222046e+01              3             33              0              6   7.992676e+00   1.304747e-01   5.560647e-01
         50000   2.480363e-01   8.321165e+01              1             33              0              7   8.136977e+00   1.291398e-01   5.658554e-01
         50500   2.554479e-01   9.692730e+01              3             33              0              7   8.066156e+00   1.325900e-01   5.651094e-01
         51000   2.390756e-01   8.515411e+01              3             33              0              7   8.087195e+00   1.219810e-01   5.639072e-01
         51500   2.686163e-01   9.878970e+01              2             31              0              6   8.042575e+00   1.401189e-01   5.608030e-01
         52000   2.343097e-01   8.709501e+01              3             32              0              4   7.979071e+00   1.319300e-01   5.457418e-01
         52500   2.496553e-01   8.807878e+01              2             32              0              5   7.997800e+00   1.378690e-01   5.572716e-01
         53000   2.356890e-01   8.906354e+01              3             33              0              6   8.026244e+00   1.384421e-01   5.418682e-01
         53500   2.168796e-01   6.318118e+01              3             33              0              6   8.166344e+00   1.365128e-01   5.706049e-01
         54000   2.236691e-01   6.404906e+01              3             33              0              6   7.993642e+00   1.380067e-01   5.621757e-01
         54500   2.509491e-01   9.202016e+01              3             33              0              5   8.100554e+00   1.435225e-01   5.769838e-01
         55000   2.166770e-01   6.583781e+01              4             33              0              6   8.303645e+00   1.396272e-01   5.713393e-01
         55500   2.481482e-01   9.399019e+01              2             33              0              4   8.146989e+00   1.407885e-01   5.784531e-01
         56000   2.267582e-01   6.768667e+01              3             33              0              4   8.167599e+00   1.315288e-01   5.769343e-01
         56500   2.329375e-01   6.858218e+01              3             31              0              5   8.186154e+00   1.458134e-01   5.871016e-01
         57000   2.413963e-01   9.693282e+01              2             33              0              3   7.991330e+00   1.410559e-01   5.724726e-01
         57500   2.276616e-01   9.791172e+01              4             32              0              2   8.163576e+00   1.476697e-01   5.677312e-01
         58000   2.511285e-01   1.099391e+02              3             33              0              5   8.234965e+00   1.357367e-01   5.921244e-01
         58500   2.880643e-01   1.109330e+02              2             32              0              3   8.172300e+00   1.421230e-01   5.847445e-01
         59000   2.659029e-01   1.119228e+02              4             32              0              6   8.253342e+00   1.572511e-01   5.786157e-01
         59500   2.453014e-01   1.016710e+02              2             32              0              5   8.107974e+00   1.379252e-01   5.757547e-01
         60000   2.460264e-01   1.026604e+02              3             32              0              3   8.128627e+00   1.397904e-01   5.673828e-01
         60500   2.228453e-01   1.036377e+02              3             33              0              6   8.180708e+00   1.324333e-01   5.805748e-01
         61000   2.463916e-01   1.046314e+02              3             32              0              4   8.185125e+00   1.379582e-01   5.683866e-01
         61500   2.310579e-01   1.056257e+02              3             33              0              5   8.368911e+00   1.327141e-01   5.993401e-01
         62000   2.183256e-01   7.776359e+01              3             33              0              6   8.049802e+00   1.340068e-01   5.720173e-01
         62500   2.009860e-01   7.872126e+01              3             33              0              4   8.093750e+00   1.460637e-01   5.707054e-01
         63000   2.113387e-01   7.971543e+01              3             33              0              5   8.035190e+00   1.414273e-01   5.629391e-01
         63500   2.495277e-01   1.094270e+02              3             32              0              5   8.159873e+00   1.357635e-01   5.714274e-01
         64000   2.094135e-01   8.163369e+01              2             33              0              4   8.006587e+00   1.416684e-01   5.711025e-01
         64500   2.274453e-01   1.113338e+02              3             33              0              4   8.034790e+00   1.429736e-01   5.601856e-01
         65000   2.182252e-01   8.355879e+01              3             32              0              1   8.102802e+00   1.377338e-01   5.637413e-01
         65500   2.410159e-01   1.132190e+02              1             32              0              2   8.057034e+00   1.474897e-01   5.667764e-01
         66000   2.499548e-01   1.142135e+02              1             32              0              4   8.017795e+00   1.487436e-01   5.633080e-01
         66500   2.457992e-01   1.151770e+02              3             33              0              3   8.000185e+00   1.465056e-01   5.452585e-01
         67000   2.147976e-01   8.723323e+01              3             31              0              2   8.076254e+00   1.450830e-01   5.551781e-01
         67500   2.292579e-01   1.171507e+02              3             33              0              3   8.111361e+00   1.502901e-01   5.559834e-01
         68000   2.493068e-01   1.181468e+02              3             32              0              3   7.915789e+00   1.381665e-01   5.419261e-01
         68500   2.348265e-01   1.191405e+02              2             32              0              2   7.953187e+00   1.440000e-01   5.543593e-01
         69000   2.093783e-01   9.085154e+01              2             32              0              1   7.861871e+00   1.567735e-01   5.366112e-01
         69500   2.302293e-01   9.177660e+01              1             32              0              3   8.029906e+00   1.507881e-01   5.555301e-01
         70000   2.355087e-01   1.220876e+02              3             32              0              4   7.975570e+00   1.415420e-01   5.530501e-01
         70500   2.564419e-01   1.307110e+02              2             33              0              3   8.043893e+00   1.510906e-01   5.638910e-01
         71000   2.883242e-01   1.317020e+02              1             32              0              6   8.022555e+00   1.464052e-01   5.556403e-01
         71500   2.759054e-01   1.326945e+02              2             32              0              6   8.125106e+00   1.586005e-01   5.652536e-01
         72000   3.161333e-01   7.882511e+01              1             32              0              4   8.080583e+00   1.611683e-01   5.529571e-01
         72500   3.757018e-01   4.428214e+01              0             29              0              2   8.077209e+00   1.563249e-01   5.689096e-01
         73000   4.286461e-01   4.524530e+01              0             25              0              3   8.301626e+00   1.751607e-01   5.956474e-01
         73500   4.276699e-01   4.621258e+01              0             24              0              3   8.015643e+00   1.872355e-01   5.579601e-01
         74000   4.503442e-01   2.246363e+01              0             24              0              3   8.079098e+00   1.644261e-01   5.743047e-01
         74500   4.704947e-01   2.344786e+01              0             24              0              5   8.075901e+00   1.738442e-01   5.657186e-01
         75000   4.636421e-01   2.443449e+01              0             28              0              4   8.228428e+00   1.831285e-01   5.939219e-01
         75500   4.872299e-01   1.179941e+01              0             23              0              3   8.142571e+00   1.907137e-01   5.849394e-01
         76000   4.658235e-01   2.641380e+01              0             25              0              4   8.088030e+00   1.585731e-01   5.655891e-01
         76500   4.740449e-01   2.740453e+01              0             25              0              3   8.299736e+00   1.733580e-01   5.903147e-01
         77000   4.905928e-01   1.452644e+01              0             27              0              5   8.216518e+00   1.654191e-01   5.820934e-01
         77500   4.658938e-01   2.937348e+01              0             28              0              4   8.229106e+00   1.636445e-01   5.919903e-01
         78000   4.597047e-01   3.036590e+01              0             26              0              3   8.260905e+00   1.666144e-01   5.997441e-01
         78500   4.930201e-01   1.729673e+01              0             28              0              4   8.329482e+00   1.706181e-01   5.752644e-01
         79000   4.590345e-01   3.232738e+01              0             30              0              3   8.217496e+00   1.708989e-01   5.693599e-01
         79500   4.728698e-01   3.332495e+01              0             28              0              5   8.200284e+00   1.449954e-01   5.824089e-01
         80000   4.530606e-01   3.431635e+01              0             28              0              3   8.131432e+00   1.567469e-01   5.643503e-01
         80500   4.681059e-01   3.530540e+01              0             26              0              3   8.098916e+00   1.546828e-01   5.571486e-01
         81000   4.908985e-01   3.627524e+01              0             23              0              4   8.168110e+00   1.679719e-01   5.595279e-01
         81500   4.666342e-01   3.725652e+01              0             27              0              5   8.029450e+00   1.728128e-01   5.351388e-01
         82000   5.113654e-01   2.375292e+01              0             26              0              4   7.979461e+00   1.537984e-01   5.525761e-01
         82500   5.217478e-01   2.473758e+01              0             24              0              3   8.098490e+00   1.327785e-01   5.701149e-01
         83000   5.095411e-01   2.573092e+01              0             27              0              3   8.160016e+00   1.552356e-01   5.602073e-01
         83500   5.007111e-01   2.672351e+01              0             26              0              4   8.232394e+00   1.517795e-01   5.769730e-01
         84000   5.512957e-01   1.725958e+01              0             21              0              3   8.193295e+00   1.655343e-01   5.565068e-01
         84500   5.302811e-01   2.867463e+01              0             25              0              3   8.181381e+00   1.723061e-01   5.637002e-01
         85000   4.700712e-01   4.358792e+01              0             28              0              4   7.990008e+00   1.604197e-01   5.622060e-01
         85500   4.864192e-01   4.456626e+01              0             26              0              3   8.103258e+00   1.593950e-01   5.755575e-01
         86000   4.830507e-01   4.555284e+01              0             27              0              3   7.974713e+00   1.490619e-01   5.529249e-01
         86500   4.747438e-01   4.654005e+01              0             28              0              4   8.087862e+00   1.538899e-01   5.548758e-01
         87000   4.900423e-01   4.751452e+01              0             27              0              5   8.143486e+00   1.646324e-01   5.555480e-01
         87500   4.599531e-01   4.848214e+01              0             27              0              2   7.985487e+00   1.657014e-01   5.447871e-01
         88000   4.759179e-01   4.946256e+01              0             28              0              2   8.022407e+00   1.769721e-01   5.451931e-01
         88500   4.720079e-01   5.045257e+01              0             29              0              3   8.137743e+00   1.821784e-01   5.471824e-01
         89000   4.707740e-01   5.143418e+01              0             27              0              3   8.173417e+00   1.777088e-01   5.592104e-01
         89500   4.839366e-01   3.801994e+01              0             28              0              4   8.117826e+00   1.936467e-01   5.511063e-01
         90000   4.804025e-01   5.340408e+01              0             26              0              3   7.996992e+00   1.887710e-01   5.411184e-01
         90500   4.926624e-01   3.992012e+01              0             26              0              3   8.115106e+00   1.856266e-01   5.438626e-01
         91000   5.149205e-01   4.090280e+01              0             25              0              2   7.977593e+00   1.659209e-01   5.406988e-01
         91500   5.480267e-01   2.829607e+01              0             26              0              2   8.047397e+00   1.816704e-01   5.630357e-01
         92000   5.141726e-01   4.285472e+01              0             26              0              2   8.018260e+00   1.883555e-01   5.561106e-01
         92500   5.192771e-01   4.384996e+01              0             23              0              4   8.204785e+00   1.843659e-01   5.620468e-01
         93000   5.507733e-01   3.104711e+01              0             23              0              3   8.160183e+00   1.756545e-01   5.605101e-01
         93500   5.285978e-01   4.576725e+01              0             26              0              3   7.992153e+00   1.814784e-01   5.489115e-01
         94000   5.313407e-01   4.673367e+01              0             26              0              3   8.015794e+00   1.769260e-01   5.548894e-01
         94500   4.933242e-01   4.772166e+01              0             26              0              3   8.075190e+00   1.672543e-01   5.510298e-01
         95000   4.986424e-01   4.866918e+01              0             23              0              4   8.104461e+00   1.646346e-01   5.583278e-01
         95500   5.201403e-01   4.965620e+01              0             25              0              3   8.004707e+00   1.755098e-01   5.579139e-01
         96000   5.117890e-01   5.064036e+01              0             24              0              4   8.082645e+00   1.842946e-01   5.606360e-01
         96500   5.056464e-01   5.162664e+01              0             26              0              2   7.992363e+00   1.847239e-01   5.588901e-01
         97000   5.168297e-01   5.262323e+01              0             24              0              2   8.105056e+00   1.678562e-01   5.697934e-01
         97500   5.099133e-01   5.361376e+01              0             27              0              2   7.996260e+00   1.736303e-01   5.562089e-01
         98000   4.782171e-01   6.731134e+01              0             27              0              3   8.159129e+00   1.677222e-01   5.732923e-01
         98500   5.047329e-01   5.555951e+01              0             25              0              1   8.066379e+00   1.720673e-01   5.608714e-01
         99000   5.032425e-01   5.655058e+01              0             26              0              3   8.044723e+00   1.781498e-01   5.440948e-01
         99500   5.128525e-01   5.751663e+01              0             25              0              2   7.977647e+00   1.873115e-01   5.479924e-01
        100000   5.199734e-01   5.850678e+01              0             24              0              3   7.878254e+00   1.839130e-01   5.544634e-01
        100500   4.924386e-01   5.946419e+01              0             28              0              4   8.133362e+00   1.834537e-01   5.559859e-01
        101000   5.363219e-01   4.472740e+01              0             28              0              2   8.064694e+00   1.930386e-01   5.559393e-01
        101500   4.996560e-01   6.143684e+01              0             27              0              3   8.141468e+00   1.709132e-01   5.631356e-01
        102000   5.047470e-01   6.242071e+01              0             28              0              3   8.102448e+00   1.891820e-01   5.449852e-01
        102500   5.164648e-01   6.341123e+01              0             29              0              2   8.163166e+00   1.854485e-01   5.753152e-01
        103000   4.599236e-01   7.632143e+01              0             25              0              3   8.063154e+00   1.981184e-01   5.703371e-01
        103500   5.002392e-01   6.528398e+01              0             29              0              3   8.205317e+00   1.935578e-01   5.825752e-01
        104000   4.891679e-01   7.816756e+01              0             24              0              3   8.090471e+00   1.916027e-01   5.770163e-01
        104500   4.591424e-01   7.910074e+01              0             28              0              2   8.066385e+00   1.781531e-01   5.529354e-01
        105000   4.692770e-01   8.009086e+01              0             28              0              3   8.191146e+00   1.690001e-01   5.648817e-01
        105500   4.498403e-01   8.108573e+01              0             28              0              2   8.089640e+00   1.745764e-01   5.620365e-01
        106000   4.757417e-01   8.207566e+01              0             29              0              3   8.149792e+00   1.994527e-01   5.571061e-01
        106500   4.659996e-01   8.306892e+01              0             29              0              3   8.223548e+00   1.834314e-01   5.547157e-01
        107000   4.745374e-01   8.405211e+01              0             27              0              2   8.284572e+00   1.730685e-01   5.699087e-01
        107500   4.867656e-01   7.263574e+01              0             28              0              3   8.119794e+00   1.835821e-01   5.590044e-01
        108000   5.028276e-01   7.361322e+01              0             30              0              3   8.115627e+00   1.729820e-01   5.734524e-01
        108500   5.115878e-01   7.459042e+01              0             27              0              3   8.131803e+00   1.854849e-01   5.585259e-01
        109000   5.296197e-01   7.558020e+01              0             27              0              1   8.089608e+00   1.869689e-01   5.750184e-01
        109500   5.923464e-01   3.583675e+01              0             25              0              1   8.068374e+00   1.904404e-01   5.518916e-01
        110000   6.613528e-01   1.885430e+01              0             22              0              2   8.084906e+00   2.124502e-01   5.561714e-01
        110500   6.530973e-01   1.983723e+01              0             18              0              1   7.999523e+00   1.896729e-01   5.557593e-01
        111000   6.421868e-01   3.869625e+01              0             22              0              1   8.192657e+00   2.037881e-01   5.688872e-01
        111500   6.569382e-01   2.175637e+01              0             19              0              0   8.082491e+00   1.969406e-01   5.713016e-01
        112000   7.144314e-01   1.114742e+01              0             21              0              1   8.058341e+00   1.858779e-01   5.611917e-01
        112500   7.187730e-01   1.214303e+01              0             21              0              1   8.057122e+00   1.940830e-01   5.656953e-01
        113000   7.100816e-01   1.312432e+01              0             22              0              1   8.079346e+00   2.097902e-01   5.526575e-01
        113500   7.517807e-01   7.444197e+00              0             21              0              1   8.190897e+00   1.941862e-01   5.481541e-01
        114000   7.347297e-01   1.509427e+01              0             22              0              1   8.090813e+00   2.016537e-01   5.611381e-01
        114500   7.522153e-01   9.310838e+00              0             19              0              1   8.190509e+00   1.882017e-01   5.662689e-01
        115000   7.481236e-01   1.029056e+01              0             21              0              1   8.209609e+00   2.044401e-01   5.570811e-01
        115500   7.621154e-01   1.128206e+01              0             17              0              2   8.150062e+00   1.850647e-01   5.628725e-01
        116000   7.642380e-01   1.227880e+01              0             21              0              2   8.035253e+00   1.770106e-01   5.434438e-01
        116500   7.704792e-01   1.325562e+01              0             21              0              1   8.071243e+00   1.936298e-01   5.736007e-01
        117000   8.298195e-01   9.257542e+00              0             18              0              2   8.221135e+00   2.169147e-01   5.898249e-01
        117500   8.163534e-01   1.024743e+01              0             19              0              2   8.136852e+00   2.016407e-01   5.913766e-01
        118000   8.064461e-01   1.124160e+01              0             16              0              2   8.253682e+00   2.285995e-01   5.723011e-01
        118500   7.726102e-01   1.691954e+01              0             19              0              1   8.245931e+00   2.141839e-01   5.826419e-01
        119000   8.161168e-01   1.312542e+01              0             18              0              2   8.261042e+00   2.349948e-01   5.794272e-01
        119500   8.803135e-01   9.418112e+00              0             18              0              2   8.279706e+00   2.221978e-01   5.948831e-01
        120000   8.878648e-01   6.308430e+00              0             17              0              2   8.281126e+00   2.099724e-01   5.974356e-01
        120500   9.008443e-01   1.132023e+01              0             20              0              2   8.309150e+00   2.180492e-01   6.092599e-01
        121000   9.380128e-01   8.248309e+00              0             19              0              2   8.287602e+00   2.056611e-01   5.875712e-01
        121500   9.229610e-01   9.230178e+00              0             22              0              2   8.345294e+00   2.006190e-01   5.919886e-01
        122000   8.970455e-01   1.021858e+01              0             23              0              2   8.219576e+00   1.889332e-01   5.916911e-01
        122500   8.701395e-01   1.494147e+01              0             19              0              2   8.224619e+00   1.853434e-01   5.807740e-01
        123000   8.642793e-01   1.593783e+01              0             19              0              2   8.361370e+00   2.247166e-01   6.033436e-01
        123500   8.650451e-01   1.692689e+01              0             19              0              2   8.205577e+00   2.134496e-01   5.965931e-01
        124000   8.496413e-01   1.791848e+01              0             20              0              2   8.289235e+00   2.272312e-01   5.797916e-01
        124500   8.749724e-01   1.890639e+01              0             21              0              2   8.255550e+00   2.117689e-01   5.897558e-01
        125000   8.675707e-01   1.990145e+01              0             22              0              2   8.116958e+00   2.177153e-01   5.736455e-01
        125500   8.199923e-01   2.352235e+01              0             21              0              2   8.037954e+00   2.090164e-01   5.650388e-01
        126000   8.351949e-01   2.451410e+01              0             22              0              2   8.153684e+00   2.034873e-01   5.882533e-01
        126500   8.218237e-01   2.549881e+01              0             23              0              2   8.036687e+00   2.065438e-01   5.729618e-01
        127000   8.163937e-01   2.648962e+01              0             22              0              2   8.060491e+00   2.090884e-01   5.945129e-01
        127500   8.407949e-01   2.746595e+01              0             18              0              2   8.102412e+00   2.172760e-01   5.891669e-01
        128000   8.310521e-01   2.844860e+01              0             20              0              2   8.065172e+00   2.209823e-01   5.667620e-01
        128500   7.815373e-01   2.999014e+01              0             20              0              2   8.006507e+00   1.956414e-01   5.707119e-01
        129000   7.920611e-01   3.096855e+01              0             22              0              2   8.185571e+00   2.006288e-01   5.871980e-01
        129500   8.152829e-01   3.128843e+01              0             16              0              1   8.131912e+00   1.927497e-01   5.842913e-01
        130000   7.792658e-01   3.286678e+01              0             21              0              2   8.189374e+00   2.019563e-01   5.911039e-01
        130500   7.993012e-01   3.384206e+01              0             20              0              2   8.028562e+00   2.064406e-01   5.753463e-01
        131000   8.017575e-01   3.482072e+01              0             20              0              2   8.008132e+00   2.353241e-01   5.707798e-01
        131500   7.793642e-01   3.579443e+01              0             23              0              2   7.926563e+00   2.219548e-01   5.626332e-01
        132000   7.770176e-01   3.678992e+01              0             23              0              2   8.058841e+00   2.127653e-01   5.708092e-01
        132500   7.809604e-01   3.777544e+01              0             23              0              2   8.041587e+00   2.290753e-01   5.812696e-01
        133000   6.959612e-01   4.050703e+01              0             21              0              2   8.031939e+00   2.268433e-01   5.794890e-01
        133500   7.273799e-01   3.903021e+01              0             19              0              2   8.079845e+00   2.427633e-01   5.944197e-01
        134000   7.220285e-01   4.001916e+01              0             23              0              2   7.920900e+00   2.254359e-01   5.666013e-01
        134500   7.124874e-01   4.101458e+01              0             24              0              2   8.339406e+00   2.121942e-01   5.956155e-01
        135000   7.242204e-01   4.200268e+01              0             23              0              2   8.161612e+00   2.148239e-01   6.025657e-01
        135500   7.419486e-01   4.299795e+01              0             24              0              2   8.142092e+00   2.310675e-01   5.985641e-01
        136000   7.408939e-01   4.398670e+01              0             22              0              2   8.189944e+00   2.268196e-01   6.155058e-01
        136500   7.353251e-01   4.497229e+01              0             23              0              4   8.293084e+00   2.307697e-01   6.093146e-01
        137000   7.209684e-01   4.596067e+01              0             21              0              3   8.408123e+00   1.912845e-01   6.053941e-01
        137500   6.988449e-01   4.844099e+01              0             23              0              3   8.269302e+00   1.844798e-01   5.839952e-01
        138000   7.281801e-01   4.793899e+01              0             19              0              3   8.193981e+00   2.014906e-01   5.811036e-01
        138500   6.743975e-01   5.030436e+01              0             22              0              4   8.317925e+00   2.115402e-01   6.099234e-01
        139000   7.172465e-01   4.982508e+01              0             24              0              4   8.193905e+00   2.455949e-01   6.046756e-01
        139500   6.753250e-01   5.223516e+01              0             24              0              3   8.176628e+00   2.330482e-01   5.917557e-01
        140000   6.926423e-01   5.321106e+01              0             24              0              4   8.271718e+00   2.231735e-01   6.030306e-01
        140500   7.152802e-01   5.270955e+01              0             23              0              3   8.216139e+00   2.347915e-01   6.056972e-01
        141000   7.051302e-01   5.366643e+01              0             24              0              4   8.327711e+00   2.321068e-01   6.099370e-01
        141500   6.993702e-01   5.603011e+01              0             24              0              3   8.162728e+00   2.288500e-01   6.031990e-01
        142000   7.055134e-01   5.558681e+01              0             19              0              4   8.167819e+00   2.205853e-01   5.967551e-01
        142500   6.870785e-01   5.652923e+01              0             23              0              4   8.213570e+00   2.137590e-01   6.022974e-01
        143000   7.157055e-01   5.749743e+01              0             22              0              4   8.298308e+00   2.169188e-01   6.004860e-01
        143500   6.802694e-01   5.988362e+01              0             19              0              4   8.307900e+00   2.144236e-01   6.146332e-01
        144000   6.990832e-01   5.936493e+01              0             21              0              4   8.047714e+00   2.261963e-01   5.882451e-01
        144500   6.501505e-01   6.185213e+01              0             23              0              3   7.938126e+00   2.168652e-01   5.714993e-01
        145000   6.737334e-01   6.280650e+01              0             20              0              3   7.888980e+00   2.377048e-01   5.664358e-01
        145500   6.635083e-01   6.378299e+01              0             17              0              4   8.031553e+00   2.350404e-01   5.781091e-01
        146000   6.528297e-01   6.476331e+01              0             22              0              4   7.934317e+00   2.358146e-01   5.828334e-01
        146500   6.730931e-01   6.574627e+01              0             24              0              2   7.848206e+00   2.320355e-01   5.816344e-01
        147000   6.693711e-01   6.673869e+01              0             23              0              3   7.880655e+00   2.325842e-01   5.743319e-01
        147500   6.707419e-01   6.772954e+01              0             26              0              4   7.934251e+00   2.424263e-01   5.898588e-01
        148000   6.799595e-01   6.871675e+01              0             23              0              4   7.964724e+00   2.421452e-01   5.918558e-01
        148500   6.762058e-01   6.969430e+01              0             27              0              2   7.951780e+00   2.349251e-01   5.953600e-01
        149000   6.594105e-01   7.067009e+01              0             23              0              3   8.090907e+00   2.301237e-01   5.960220e-01
        149500   7.209791e-01   6.877224e+01              0             21              0              3   8.311231e+00   2.381900e-01   6.219327e-01
        150000   6.942887e-01   7.260001e+01              0             21              0              3   8.157512e+00   2.683870e-01   6.156426e-01
        150500   6.903007e-01   7.359011e+01              0             23              0              4   8.247890e+00   2.652433e-01   6.305258e-01
        151000   6.980053e-01   7.454635e+01              0             22              0              4   8.235131e+00   2.307857e-01   6.148980e-01
        151500   7.019394e-01   7.252113e+01              0             24              0              4   8.261064e+00   2.273010e-01   6.240940e-01
        152000   7.132752e-01   7.343631e+01              0             23              0              3   8.342494e+00   2.149785e-01   6.190241e-01
        152500   7.295715e-01   7.443332e+01              0             23              0              3   8.200962e+00   2.084760e-01   6.103886e-01
        153000   7.175123e-01   7.543305e+01              0             23              0              4   8.189503e+00   2.237708e-01   6.127245e-01
        153500   7.073021e-01   7.642638e+01              0             20              0              2   8.368918e+00   2.342128e-01   6.229585e-01
        154000   6.350874e-01   8.175836e+01              0             26              0              4   8.242710e+00   2.305213e-01   6.216989e-01
        154500   6.643745e-01   8.109695e+01              0             23              0              4   8.294331e+00   2.334589e-01   6.185940e-01
        155000   6.854271e-01   8.208826e+01              0             21              0              3   8.240642e+00   2.379497e-01   6.154071e-01
        155500   6.422468e-01   8.453794e+01              0             23              0              4   8.263085e+00   2.574376e-01   6.313317e-01
        156000   6.760282e-01   8.404509e+01              0             26              0              4   8.220198e+00   2.416810e-01   6.216356e-01
        156500   6.617627e-01   8.503451e+01              0             26              0              4   8.244104e+00   2.415041e-01   6.208179e-01
        157000   6.669602e-01   8.602590e+01              0             23              0              4   8.294898e+00   2.586510e-01   6.273266e-01
        157500   6.477149e-01   8.820648e+01              0             24              0              4   8.109125e+00   2.514308e-01   6.123997e-01
        158000   6.482715e-01   8.799538e+01              0             26              0              4   8.078377e+00   2.570545e-01   6.243650e-01
        158500   6.889714e-01   8.898584e+01              0             22              0              4   8.008714e+00   2.534089e-01   5.999418e-01
        159000   6.928654e-01   8.565025e+01              0             23              0              3   7.983432e+00   2.555851e-01   5.869400e-01
        159500   6.795777e-01   9.092510e+01              0             25              0              4   7.942283e+00   2.392869e-01   6.074394e-01
        160000   6.703702e-01   9.191882e+01              0             24              0              4   8.141892e+00   2.485179e-01   6.080276e-01
        160500   6.870914e-01   9.290723e+01              0             22              0              4   8.284475e+00   2.712998e-01   6.184387e-01
        161000   7.160894e-01   8.921204e+01              0             20              0              4   7.960635e+00   2.562496e-01   6.052702e-01
        161500   7.156145e-01   9.018897e+01              0             22              0              3   7.970014e+00   2.487295e-01   5.973842e-01
        162000   7.178701e-01   9.118366e+01              0             20              0              4   8.023304e+00   2.336830e-01   6.007177e-01
        162500   7.824861e-01   6.273766e+01              0             21              0              3   8.120167e+00   2.440915e-01   6.085314e-01
        163000   7.867750e-01   8.117050e+01              0             17              0              3   7.966683e+00   2.761555e-01   6.018740e-01
        163500   8.018104e-01   6.461100e+01              0             18              0              2   8.078359e+00   2.818139e-01   6.146581e-01
        164000   8.119333e-01   6.560436e+01              0             17              0              3   8.014767e+00   2.733473e-01   5.918176e-01
        164500   8.170045e-01   6.660129e+01              0             20              0              3   7.929356e+00   2.639267e-01   5.942122e-01
        165000   8.421495e-01   4.836507e+01              0             18              0              2   8.140901e+00   2.690746e-01   6.178353e-01
        165500   8.457109e-01   4.934909e+01              0             18              0              3   8.081119e+00   2.766581e-01   6.154209e-01
        166000   8.718462e-01   5.033813e+01              0             19              0              2   8.025267e+00   2.638666e-01   6.222346e-01
        166500   8.934313e-01   3.357689e+01              0             17              0              3   7.959965e+00   2.468772e-01   6.120578e-01
        167000   9.014227e-01   3.450703e+01              0             20              0              3   8.071207e+00   2.585586e-01   6.045098e-01
        167500   8.713378e-01   5.321677e+01              0             18              0              2   8.153209e+00   2.420585e-01   6.029649e-01
        168000   8.974577e-01   3.643216e+01              0             17              0              3   8.040033e+00   2.481893e-01   5.987128e-01
        168500   9.379659e-01   2.241522e+01              0             17              0              3   8.233296e+00   2.267654e-01   6.138768e-01
        169000   9.777688e-01   2.336546e+01              0             16              0              3   8.013765e+00   2.625772e-01   6.119117e-01
        169500   9.845629e-01   2.431880e+01              0             18              0              3   8.026158e+00   2.702710e-01   6.008781e-01
        170000   9.930561e-01   1.420153e+01              0             19              0              2   8.040142e+00   2.365116e-01   6.011040e-01
        170500   1.017857e+00   1.517414e+01              0             16              0              1   8.010343e+00   2.223649e-01   5.826767e-01
        171000   1.019940e+00   1.616904e+01              0             14              0              1   8.142997e+00   2.678584e-01   5.978831e-01
        171500   9.951867e-01   1.715128e+01              0             17              0              1   8.081412e+00   2.439925e-01   5.761149e-01
        172000   1.001885e+00   1.812960e+01              0             15              0              0   8.179201e+00   2.581120e-01   5.901274e-01
        172500   1.004948e+00   1.912724e+01              0             15              0              0   7.940607e+00   2.477913e-01   5.661724e-01
        173000   9.969633e-01   2.011376e+01              0             17              0              2   7.962963e+00   2.274618e-01   5.752505e-01
        173500   1.021631e+00   2.109785e+01              0             17              0              2   8.034803e+00   2.368670e-01   5.749485e-01
        174000   1.026608e+00   2.206517e+01              0             19              0              2   8.065752e+00   2.402417e-01   5.624575e-01
        174500   9.667666e-01   3.340139e+01              0             20              0              2   8.020254e+00   2.462635e-01   5.703372e-01
        175000   9.889185e-01   3.438708e+01              0             19              0              1   7.948157e+00   2.691834e-01   5.688545e-01
        175500   9.691148e-01   3.536906e+01              0             20              0              1   7.798756e+00   2.705603e-01   5.739522e-01
        176000   1.006363e+00   2.586561e+01              0             19              0              1   7.902239e+00   2.647279e-01   5.730106e-01
        176500   9.896872e-01   2.683333e+01              0             16              0              1   8.025236e+00   2.588470e-01   5.854637e-01
        177000   9.876620e-01   2.772891e+01              0             15              0              1   7.942258e+00   2.587052e-01   5.947010e-01
        177500   9.577202e-01   3.920719e+01              0             18              0              1   8.046543e+00   2.484883e-01   5.939595e-01
        178000   9.847576e-01   4.019380e+01              0             20              0              1   8.065161e+00   2.578357e-01   5.976271e-01
        178500   1.019093e+00   3.054939e+01              0             15              0              1   8.002037e+00   2.655576e-01   5.882864e-01
        179000   1.019770e+00   3.152263e+01              0             20              0              1   8.092500e+00   2.659079e-01   5.919158e-01
        179500   1.005242e+00   3.251996e+01              0             19              0              1   8.045144e+00   2.683317e-01   5.805276e-01
        180000   1.024617e+00   3.351343e+01              0             18              0              1   8.008132e+00   2.500863e-01   5.798468e-01
        180500   1.057919e+00   2.393299e+01              0             21              0              1   8.046301e+00   2.563020e-01   5.784004e-01
        181000   1.113754e+00   1.513174e+01              0             18              0              1   7.973908e+00   2.453148e-01   5.701322e-01
        181500   1.104066e+00   2.577740e+01              0             21              0              1   8.007616e+00   2.497277e-01   5.714126e-01
        182000   1.080312e+00   2.676009e+01              0             18              0              1   8.067848e+00   2.530591e-01   5.855634e-01
        182500   1.068772e+00   2.775777e+01              0             20              0              1   7.994435e+00   2.517624e-01   5.877595e-01
        183000   1.057993e+00   2.875486e+01              0             17              0              1   8.059087e+00   2.856230e-01   5.741251e-01
        183500   1.039778e+00   2.967075e+01              0             17              0              1   8.191661e+00   2.858727e-01   5.786040e-01
        184000   1.029251e+00   4.036361e+01              0             16              0              0   8.091024e+00   2.500600e-01   5.719561e-01
        184500   1.061195e+00   3.159877e+01              0             13              0              0   8.245279e+00   2.654566e-01   5.879784e-01
        185000   1.097119e+00   2.192269e+01              0             11              0              0   8.240340e+00   2.618025e-01   5.890910e-01
        185500   1.100438e+00   2.291567e+01              0             20              0              1   8.168376e+00   2.645182e-01   5.837004e-01
        186000   1.115549e+00   2.390714e+01              0             16              0              1   8.157595e+00   2.684242e-01   5.980648e-01
        186500   1.122802e+00   2.489117e+01              0             15              0              1   8.178291e+00   2.714777e-01   6.046286e-01
        187000   1.129888e+00   1.602623e+01              0             16              0              1   8.040481e+00   2.607563e-01   5.840373e-01
        187500   1.146860e+00   2.680350e+01              0             16              0              1   7.957839e+00   2.852668e-01   5.778956e-01
        188000   1.148258e+00   1.794868e+01              0             14              0              0   7.958924e+00   2.612913e-01   5.953541e-01
        188500   1.170440e+00   1.892795e+01              0             14              0              0   8.072047e+00   2.712627e-01   6.071859e-01
        189000   1.178836e+00   1.992231e+01              0             16              0              0   7.890490e+00   2.929747e-01   5.919747e-01
        189500   1.176530e+00   2.089946e+01              0             17              0              0   7.956703e+00   2.957209e-01   5.944633e-01
        190000   1.182503e+00   2.188435e+01              0             14              0              0   8.057454e+00   2.775360e-01   5.929216e-01
        190500   1.259196e+00   8.083428e+00              0             10              0              0   7.982191e+00   2.635795e-01   5.736845e-01
        191000   1.216567e+00   1.549010e+01              0             14              0              0   8.003496e+00   2.612149e-01   5.846417e-01
        191500   1.233589e+00   1.647582e+01              0             13              0              0   8.056131e+00   2.522354e-01   5.926538e-01
        192000   1.227874e+00   1.746807e+01              0             15              0              0   7.946531e+00   2.561961e-01   5.876196e-01
        192500   1.281984e+00   1.185085e+01              0             15              0              0   7.880933e+00   2.748781e-01   5.834599e-01
        193000   1.289501e+00   1.278099e+01              0             14              0              0   8.114530e+00   2.901861e-01   5.829710e-01
        193500   1.304884e+00   8.679853e+00              0             12              0              0   7.955176e+00   2.816039e-01   5.714308e-01
        194000   1.277249e+00   1.470283e+01              0              7              0              0   8.051783e+00   3.067273e-01   5.839112e-01
        194500   1.355589e+00   6.412943e+00              0              8              0              0   8.130650e+00   3.063487e-01   5.997162e-01
        195000   1.395694e+00   7.408437e+00              0             10              0              0   8.242611e+00   2.781755e-01   6.076541e-01
        195500   1.415119e+00   5.179488e+00              0             11              0              0   8.093074e+00   2.556314e-01   5.867564e-01
        196000   1.419372e+00   6.159664e+00              0              4              0              0   8.047809e+00   2.459027e-01   5.875680e-01
        196500   1.465489e+00   4.622988e+00              0              2              0              0   8.222943e+00   2.337351e-01   5.787131e-01
        197000   1.472139e+00   5.616956e+00              0              9              0              0   8.176458e+00   2.611610e-01   5.798772e-01
        197500   1.439721e+00   8.931115e+00              0             11              0              0   7.905543e+00   2.489489e-01   5.664076e-01
        198000   1.422429e+00   9.906082e+00              0             14              0              1   7.989626e+00   2.458805e-01   5.636649e-01
        198500   1.488712e+00   8.475196e+00              0             12              0              0   7.968497e+00   2.318249e-01   5.859309e-01
        199000   1.490190e+00   9.468489e+00              0             14              0              0   8.087131e+00   2.504739e-01   5.698079e-01
        199500   1.545641e+00   4.804939e+00              0              7              0              0   8.046200e+00   2.392382e-01   5.641796e-01
        200000   1.533593e+00   8.662816e+00              0             11              0              0   7.921639e+00   2.238774e-01   5.743036e-01
        200500   1.492637e+00   1.216313e+01              0              9              0              0   7.983190e+00   2.680208e-01   5.817636e-01
        201000   1.521393e+00   1.059843e+01              0              9              0              0   8.269409e+00   2.969807e-01   6.353411e-01
        201500   1.509630e+00   1.158634e+01              0              8              0              0   8.146051e+00   2.934355e-01   6.068456e-01
        202000   1.629763e+00   5.621718e+00              0              6              0              0   8.190557e+00   2.797130e-01   6.153093e-01
        202500   1.691324e+00   3.911426e+00              0              7              0              0   8.305835e+00   2.895583e-01   6.157127e-01
        203000   1.720295e+00   3.112771e+00              0              7              0              0   8.336680e+00   2.823958e-01   6.400027e-01
        203500   1.692483e+00   5.787327e+00              0              6              0              0   8.415205e+00   2.751672e-01   6.449418e-01
        204000   1.705553e+00   5.058210e+00              0             12              0              0   8.367396e+00   2.755960e-01   6.412605e-01
        204500   1.699806e+00   6.048463e+00              0              7              0              0   8.294902e+00   2.799685e-01   6.468788e-01
        205000   1.716593e+00   6.968840e+00              0              7              0              0   8.259418e+00   2.799983e-01   6.429481e-01
        205500   1.731633e+00   7.924732e+00              0              7              0              0   8.393106e+00   2.649712e-01   6.363928e-01
        206000   1.720536e+00   8.899071e+00              0              8              0              0   8.320828e+00   2.790224e-01   6.284845e-01
        206500   1.703793e+00   1.108197e+01              0              9              0              0   8.286705e+00   2.643706e-01   6.297247e-01
        207000   1.689787e+00   1.205808e+01              0              6              0              0   8.295136e+00   2.912789e-01   6.315738e-01
        207500   1.697943e+00   1.177812e+01              0             10              0              0   8.324970e+00   2.814116e-01   6.244073e-01
        208000   1.700009e+00   1.399898e+01              0              7              0              1   8.195895e+00   2.870217e-01   6.316261e-01
        208500   1.628717e+00   1.497127e+01              0              7              0              0   8.249611e+00   2.795606e-01   6.360511e-01
        209000   1.647554e+00   1.591082e+01              0              8              0              1   8.273853e+00   2.752845e-01   6.469498e-01
        209500   1.684678e+00   1.690189e+01              0              7              0              1   8.211730e+00   2.752688e-01   6.336907e-01
        210000   1.665953e+00   1.788120e+01              0              7              0              1   8.407092e+00   2.726282e-01   6.512394e-01
        210500   1.631377e+00   1.864525e+01              0             10              0              1   8.291797e+00   2.871249e-01   6.331772e-01
        211000   1.587257e+00   1.845346e+01              0             10              0              1   8.267858e+00   2.732678e-01   6.397330e-01
        211500   1.532748e+00   1.828080e+01              0              9              0              1   8.351846e+00   2.796179e-01   6.407028e-01
        212000   1.527918e+00   1.927053e+01              0             10              0              0   8.297717e+00   2.772855e-01   6.352854e-01
        212500   1.513406e+00   2.026864e+01              0              9              0              1   8.198698e+00   2.782758e-01   6.023467e-01
        213000   1.535356e+00   2.125349e+01              0              6              0              1   8.110337e+00   2.775797e-01   6.139737e-01
        213500   1.531484e+00   2.223853e+01              0              9              0              1   8.177396e+00   2.843425e-01   6.253021e-01
        214000   1.566454e+00   2.386733e+01              0             10              0              1   8.123381e+00   2.814840e-01   6.197613e-01
        214500   1.558634e+00   2.483904e+01              0             10              0              1   8.215351e+00   2.876969e-01   6.279190e-01
        215000   1.558467e+00   2.498231e+01              0             11              0              1   8.018559e+00   2.878568e-01   6.023163e-01
        215500   1.585309e+00   2.681303e+01              0             11              0              1   8.119325e+00   2.732059e-01   6.173142e-01
        216000   1.613621e+00   2.711957e+01              0              9              0              1   8.182904e+00   2.913589e-01   6.180786e-01
        216500   1.654596e+00   2.543050e+01              0             11              0              1   8.154790e+00   2.871578e-01   6.409721e-01
        217000   1.685680e+00   2.641374e+01              0             10              0              1   8.028674e+00   2.824919e-01   6.211232e-01
        217500   1.718814e+00   2.239598e+01              0             10              0              1   8.181556e+00   2.766599e-01   6.314124e-01
        218000   1.766097e+00   1.660942e+01              0             10              0              1   8.310284e+00   2.783548e-01   6.399628e-01
        218500   1.768149e+00   1.760738e+01              0             10              0              1   8.381979e+00   2.663933e-01   6.469781e-01
        219000   1.793722e+00   1.165862e+01              0              9              0              1   8.277159e+00   2.788235e-01   6.551460e-01
        219500   1.749009e+00   1.954101e+01              0              8              0              1   8.352178e+00   2.849385e-01   6.526657e-01
        220000   1.796066e+00   1.330344e+01              0              8              0              1   8.226198e+00   2.807115e-01   6.272779e-01
        220500   1.780092e+00   2.145060e+01              0              7              0              1   8.289839e+00   2.818170e-01   6.341294e-01
        221000   1.794299e+00   1.521468e+01              0             10              0              1   8.200644e+00   2.967604e-01   6.462209e-01
        221500   1.770054e+00   2.342143e+01              0              8              0              1   8.080153e+00   2.911120e-01   6.287697e-01
        222000   1.739628e+00   3.012906e+01              0             10              0              1   8.245526e+00   2.810830e-01   6.317028e-01
        222500   1.789258e+00   2.534258e+01              0              9              0              1   8.197095e+00   2.936538e-01   6.531821e-01
        223000   1.770435e+00   2.631925e+01              0              9              0              1   8.296581e+00   2.835768e-01   6.532288e-01
        223500   1.809338e+00   1.955892e+01              0              9              0              1   8.138296e+00   2.985338e-01   6.298499e-01
        224000   1.862663e+00   1.260155e+01              0              9              0              1   8.217703e+00   2.743728e-01   6.482683e-01
        224500   1.844510e+00   1.358844e+01              0              9              0              0   8.187290e+00   2.717539e-01   6.276185e-01
        225000   1.877112e+00   1.454799e+01              0              7              0              1   8.165799e+00   2.798949e-01   6.320866e-01
        225500   1.854151e+00   1.553784e+01              0             11              0              0   8.211987e+00   2.830032e-01   6.477242e-01
        226000   1.842016e+00   1.650674e+01              0             11              0              1   8.205017e+00   2.889254e-01   6.422279e-01
        226500   1.882864e+00   1.747356e+01              0              9              0              1   8.137026e+00   2.785647e-01   6.518397e-01
        227000   1.837897e+00   2.595815e+01              0             14              0              1   8.241790e+00   2.958685e-01   6.525538e-01
        227500   1.892583e+00   1.943118e+01              0             12              0              0   8.427096e+00   2.836214e-01   6.638417e-01
        228000   1.888664e+00   2.041224e+01              0              9              0              0   8.287164e+00   2.899689e-01   6.472249e-01
        228500   1.864230e+00   2.137820e+01              0              8              0              1   8.217130e+00   2.841474e-01   6.424874e-01
        229000   1.821327e+00   2.941029e+01              0              8              0              1   8.194820e+00   2.957084e-01   6.333687e-01
        229500   1.833524e+00   3.040081e+01              0             10              0              1   8.217343e+00   2.835003e-01   6.305370e-01
        230000   1.872213e+00   2.412860e+01              0              9              0              0   8.199533e+00   2.897670e-01   6.449189e-01
        230500   1.868816e+00   2.512092e+01              0              7              0              1   8.209556e+00   2.838540e-01   6.408624e-01
        231000   1.919631e+00   1.799851e+01              0              9              0              1   8.255119e+00   2.955393e-01   6.375548e-01
        231500   1.876094e+00   2.698115e+01              0             12              0              1   8.334489e+00   2.790361e-01   6.468399e-01
        232000   1.851877e+00   2.797041e+01              0             13              0              1   8.319101e+00   2.759567e-01   6.489988e-01
        232500   1.914928e+00   2.072167e+01              0              9              0              1   8.429138e+00   2.976624e-01   6.496858e-01
        233000   2.026166e+00   7.166462e+00              0              7              0              0   8.319658e+00   2.949549e-01   6.467229e-01
        233500   2.094918e+00   1.986563e+00              0              3              0              0   8.421939e+00   2.901290e-01   6.597110e-01
        234000   2.090166e+00   2.959776e+00              0              4              0              0   8.184479e+00   2.957223e-01   6.306209e-01
        234500   2.084589e+00   3.896439e+00              0              3              0              0   8.330240e+00   2.942764e-01   6.327497e-01
        235000   2.074862e+00   7.069950e+00              0              4              0              0   8.254443e+00   2.993442e-01   6.348931e-01
        235500   2.092647e+00   8.057562e+00              0              6              0              0   8.233463e+00   2.927781e-01   6.217943e-01
        236000   2.144911e+00   6.650308e+00              0              4              0              0   8.243567e+00   3.001691e-01   6.205378e-01
        236500   2.136242e+00   7.598045e+00              0              4              0              0   8.320484e+00   2.891565e-01   6.333878e-01
        237000   2.134460e+00   8.589557e+00              0              4              0              0   8.141486e+00   2.798378e-01   6.311023e-01
        237500   2.083403e+00   1.147873e+01              0              6              0              1   8.221298e+00   2.789601e-01   6.220669e-01
        238000   2.038780e+00   1.467712e+01              0              5              0              0   8.250298e+00   2.825831e-01   6.470628e-01
        238500   2.081177e+00   1.343239e+01              0              3              0              0   8.214737e+00   2.719216e-01   6.527312e-01
        239000   2.120391e+00   1.213236e+01              0              3              0              0   8.294901e+00   2.846788e-01   6.529051e-01
        239500   2.118133e+00   1.312617e+01              0              3              0              0   8.226706e+00   2.821965e-01   6.430012e-01
        240000   2.063083e+00   1.621601e+01              0              2              0              0   8.149873e+00   2.846322e-01   6.472577e-01
        240500   2.013451e+00   1.867427e+01              0              3              0              0   8.223124e+00   2.811558e-01   6.282902e-01
        241000   2.030332e+00   1.965927e+01              0              5              0              0   8.263146e+00   2.672876e-01   6.271784e-01
        241500   2.016444e+00   2.064625e+01              0              2              0              0   8.263850e+00   2.748533e-01   6.385748e-01
        242000   2.017096e+00   2.160910e+01              0              2              0              0   8.073706e+00   2.877576e-01   6.348809e-01
        242500   2.055643e+00   2.052630e+01              0              3              0              0   8.163397e+00   2.826883e-01   6.517347e-01
        243000   2.072578e+00   2.152214e+01              0              2              0              0   8.210582e+00   2.993727e-01   6.475451e-01
        243500   2.064355e+00   2.250969e+01              0              3              0              0   8.186666e+00   2.901530e-01   6.594042e-01
        244000   2.106066e+00   1.976315e+01              0              3              0              0   8.273291e+00   2.853028e-01   6.612777e-01
        244500   2.110552e+00   2.073217e+01              0              5              0              1   8.236845e+00   2.719306e-01   6.386824e-01
        245000   2.106642e+00   2.531916e+01              0              3              0              0   8.137977e+00   2.769012e-01   6.312829e-01
        245500   2.081527e+00   2.627656e+01              0              2              0              0   8.245288e+00   2.656437e-01   6.358926e-01
        246000   2.104572e+00   2.725655e+01              0              3              0              0   8.237133e+00   2.707856e-01   6.366894e-01
        246500   2.130564e+00   2.455580e+01              0              3              0              0   8.077741e+00   2.878259e-01   6.072406e-01
        247000   2.137658e+00   2.554702e+01              0              3              0              0   8.175245e+00   2.790920e-01   6.170497e-01
        247500   2.203576e+00   1.224269e+01              0              4              0              0   8.073972e+00   2.926581e-01   6.411677e-01
        248000   2.205337e+00   2.077384e+01              0              4              0              0   8.226734e+00   2.970362e-01   6.439012e-01
        248500   2.288258e+00   7.789312e+00              0              1              0              0   8.452978e+00   2.839763e-01   6.524330e-01
