          step              r      E_metad_r      n_cont_CA   n_cont_heavy       n_saltbr        n_hbond           SASA           RMSD             Rg 
             0   4.629278e-01   0.000000e+00              4             55              4              7   1.172751e+01   0.000000e+00   6.459176e-01
           500   4.870264e-01   9.892295e-01              5             53              4              7   1.173678e+01   5.370459e-02   6.374477e-01
          1000   4.874630e-01   1.967779e+00              5             54              4              7   1.169479e+01   8.480364e-02   6.409923e-01
          1500   4.759855e-01   2.957367e+00              4             53              4              7   1.176792e+01   7.015003e-02   6.320699e-01
          2000   4.855857e-01   3.950052e+00              5             55              4              7   1.158818e+01   5.709760e-02   6.300813e-01
          2500   4.928525e-01   4.563161e+00              4             54              4              7   1.145178e+01   7.397053e-02   6.200429e-01
          3000   4.829596e-01   5.933062e+00              5             56              4              8   1.175902e+01   6.007362e-02   6.382865e-01
          3500   4.844921e-01   6.922814e+00              5             56              4              7   1.156163e+01   6.326264e-02   6.348390e-01
          4000   4.768222e-01   7.920253e+00              5             56              4              7   1.170942e+01   5.207076e-02   6.349806e-01
          4500   4.813613e-01   8.909284e+00              4             54              4              8   1.162344e+01   6.301450e-02   6.329072e-01
          5000   4.817301e-01   9.901850e+00              3             54              4              9   1.171436e+01   7.382626e-02   6.471041e-01
          5500   4.909095e-01   1.007509e+01              3             53              4              5   1.150936e+01   7.016169e-02   6.303741e-01
          6000   4.786365e-01   1.188988e+01              3             52              4              7   1.163782e+01   7.676206e-02   6.413599e-01
          6500   4.911578e-01   1.288458e+01              5             55              4              8   1.175249e+01   6.577753e-02   6.457017e-01
          7000   4.742199e-01   1.387401e+01              4             55              3              7   1.157023e+01   8.156281e-02   6.308372e-01
          7500   4.778629e-01   1.484435e+01              5             55              4              7   1.138266e+01   8.353464e-02   6.281651e-01
          8000   4.721946e-01   1.583612e+01              3             52              4              8   1.162152e+01   8.499501e-02   6.535292e-01
          8500   4.718084e-01   1.683217e+01              5             56              4              8   1.162751e+01   6.680358e-02   6.446258e-01
          9000   4.782341e-01   1.781782e+01              5             54              4              7   1.144397e+01   7.862823e-02   6.299207e-01
          9500   4.789871e-01   1.881604e+01              4             55              4              6   1.161875e+01   6.541355e-02   6.412916e-01
         10000   4.696847e-01   1.981493e+01              3             53              3              6   1.167335e+01   8.850657e-02   6.379869e-01
         10500   4.555228e-01   2.080716e+01              5             53              3              8   1.179095e+01   8.119828e-02   6.373586e-01
         11000   4.827302e-01   2.178430e+01              3             52              3              7   1.173908e+01   7.762773e-02   6.390229e-01
         11500   4.715546e-01   2.277606e+01              5             54              4              7   1.144933e+01   9.220226e-02   6.361159e-01
         12000   4.822258e-01   2.377120e+01              4             52              4              7   1.151781e+01   7.527363e-02   6.359062e-01
         12500   4.662149e-01   2.476440e+01              5             53              4              7   1.149815e+01   6.941007e-02   6.363865e-01
         13000   4.722707e-01   2.576154e+01              5             55              4              8   1.159766e+01   7.228401e-02   6.451214e-01
         13500   4.928265e-01   2.674663e+01              4             53              4              7   1.155705e+01   8.596762e-02   6.274024e-01
         14000   4.697738e-01   2.774105e+01              4             53              2              7   1.163679e+01   6.623781e-02   6.398274e-01
         14500   4.688286e-01   2.873119e+01              4             54              4              6   1.142730e+01   7.446752e-02   6.294961e-01
         15000   4.723571e-01   2.972199e+01              4             53              5              8   1.158217e+01   6.677400e-02   6.357623e-01
         15500   4.718214e-01   3.071592e+01              3             53              3              6   1.172102e+01   6.832549e-02   6.386966e-01
         16000   4.752114e-01   3.170517e+01              5             54              3              5   1.160735e+01   7.072882e-02   6.414916e-01
         16500   4.730388e-01   3.268485e+01              4             53              3              7   1.149545e+01   7.952970e-02   6.352171e-01
         17000   4.825087e-01   3.367401e+01              5             53              3              6   1.159100e+01   7.780390e-02   6.390261e-01
         17500   4.845604e-01   3.466683e+01              5             54              3              7   1.160503e+01   6.581894e-02   6.374856e-01
         18000   4.718414e-01   3.565413e+01              5             54              3              5   1.134276e+01   7.119440e-02   6.300230e-01
         18500   4.785001e-01   3.663788e+01              3             54              3              7   1.165810e+01   6.511347e-02   6.454188e-01
         19000   4.751514e-01   3.763531e+01              4             52              3              7   1.147583e+01   7.889029e-02   6.231234e-01
         19500   4.795168e-01   3.862862e+01              4             52              3              6   1.164077e+01   5.673976e-02   6.379412e-01
         20000   4.854176e-01   3.962318e+01              3             54              3              7   1.162434e+01   7.295983e-02   6.420277e-01
         20500   4.710355e-01   4.062092e+01              5             55              3              7   1.147689e+01   7.417606e-02   6.293548e-01
         21000   4.817615e-01   4.161937e+01              5             52              2              5   1.147135e+01   7.489804e-02   6.184275e-01
         21500   4.832530e-01   4.261644e+01              3             53              3              5   1.155095e+01   7.241723e-02   6.320781e-01
         22000   4.772214e-01   4.358639e+01              3             53              3              5   1.160976e+01   6.888648e-02   6.329278e-01
         22500   4.694184e-01   4.458209e+01              4             54              2              5   1.156599e+01   6.408533e-02   6.338791e-01
         23000   4.806852e-01   4.558020e+01              3             49              3              6   1.156011e+01   7.457721e-02   6.256441e-01
         23500   4.780120e-01   4.657692e+01              5             54              3              6   1.160450e+01   6.899961e-02   6.363868e-01
         24000   4.788157e-01   4.757264e+01              4             49              2              6   1.165596e+01   8.393934e-02   6.295446e-01
         24500   4.714251e-01   4.856912e+01              4             52              3              7   1.167686e+01   9.116282e-02   6.336248e-01
         25000   4.749170e-01   4.954721e+01              5             55              3              6   1.166087e+01   8.240450e-02   6.388962e-01
         25500   4.576546e-01   5.051753e+01              4             55              3              6   1.148955e+01   7.558835e-02   6.311857e-01
         26000   4.559447e-01   5.149588e+01              4             54              3              7   1.159097e+01   1.087178e-01   6.249641e-01
         26500   4.739671e-01   5.248680e+01              4             50              3              6   1.153487e+01   7.689771e-02   6.322121e-01
         27000   4.778941e-01   5.348534e+01              4             52              3              5   1.159609e+01   7.849773e-02   6.251998e-01
         27500   4.644647e-01   5.448174e+01              5             54              2              5   1.168786e+01   7.208489e-02   6.378570e-01
         28000   4.764902e-01   5.547328e+01              5             55              2              7   1.144942e+01   8.596801e-02   6.287833e-01
         28500   5.010568e-01   5.047216e+01              5             50              2              4   1.160025e+01   6.538595e-02   6.288718e-01
         29000   4.687442e-01   5.743499e+01              5             55              1              5   1.163099e+01   6.967601e-02   6.312938e-01
         29500   4.709985e-01   5.842406e+01              5             55              2              7   1.149760e+01   7.703135e-02   6.234312e-01
         30000   4.693055e-01   5.205241e+01              4             56              2              7   1.150968e+01   8.318079e-02   6.278353e-01
         30500   4.725902e-01   6.036906e+01              3             53              2              7   1.161329e+01   8.772344e-02   6.272925e-01
         31000   4.608375e-01   6.134790e+01              5             54              2              7   1.153588e+01   7.851248e-02   6.286245e-01
         31500   4.732699e-01   6.234278e+01              4             55              2              8   1.149771e+01   7.649671e-02   6.337848e-01
         32000   4.816214e-01   6.334064e+01              4             54              2              9   1.155718e+01   7.236218e-02   6.388487e-01
         32500   4.843871e-01   6.433601e+01              4             53              2              7   1.157629e+01   7.057746e-02   6.329419e-01
         33000   4.724884e-01   6.532568e+01              4             53              2              7   1.151190e+01   7.349519e-02   6.301110e-01
         33500   5.002702e-01   6.630409e+01              3             53              2              7   1.154981e+01   7.493760e-02   6.453598e-01
         34000   4.780456e-01   6.727517e+01              5             55              2              8   1.165253e+01   8.457319e-02   6.319663e-01
         34500   4.685942e-01   6.827244e+01              5             53              2              8   1.153630e+01   8.639602e-02   6.304405e-01
         35000   4.818386e-01   6.926815e+01              4             55              2              8   1.159668e+01   8.548807e-02   6.430987e-01
         35500   4.834803e-01   7.025813e+01              4             55              2              7   1.140167e+01   8.392514e-02   6.299559e-01
         36000   4.710968e-01   7.124201e+01              3             53              2              7   1.141970e+01   7.708086e-02   6.356219e-01
         36500   4.746481e-01   7.224103e+01              5             54              2              8   1.147990e+01   7.533740e-02   6.378156e-01
         37000   4.773021e-01   7.324018e+01              4             53              2              7   1.155438e+01   8.381549e-02   6.406388e-01
         37500   4.686752e-01   7.423378e+01              5             50              2              6   1.155966e+01   1.072686e-01   6.361984e-01
         38000   4.752883e-01   7.522417e+01              4             54              2              8   1.147040e+01   9.613314e-02   6.364671e-01
         38500   4.762623e-01   7.621726e+01              4             54              2              8   1.146939e+01   9.651185e-02   6.385769e-01
         39000   4.634882e-01   7.721125e+01              4             52              2              8   1.150509e+01   8.965628e-02   6.353042e-01
         39500   4.765026e-01   7.819756e+01              5             54              2              8   1.162339e+01   8.861041e-02   6.487516e-01
         40000   4.806267e-01   7.919276e+01              3             53              2              6   1.167784e+01   8.381671e-02   6.401237e-01
         40500   4.732305e-01   8.018831e+01              3             50              2              8   1.151601e+01   8.903146e-02   6.284827e-01
         41000   4.622133e-01   8.115809e+01              3             51              2              8   1.150567e+01   9.353832e-02   6.238875e-01
         41500   4.695784e-01   8.212505e+01              5             51              2              8   1.153815e+01   9.642323e-02   6.247522e-01
         42000   4.641795e-01   8.310960e+01              4             53              2              7   1.155027e+01   7.947657e-02   6.343520e-01
         42500   4.808977e-01   8.410534e+01              4             53              2              6   1.149183e+01   8.322950e-02   6.313337e-01
         43000   4.702257e-01   8.509220e+01              4             52              2              8   1.144919e+01   1.008760e-01   6.147342e-01
         43500   4.695698e-01   8.607713e+01              4             52              2              9   1.155446e+01   9.031563e-02   6.287672e-01
         44000   4.733739e-01   8.707357e+01              4             53              2              8   1.140868e+01   9.612287e-02   6.141965e-01
         44500   4.452183e-01   7.752279e+01              4             53              2              6   1.160535e+01   8.767917e-02   6.226733e-01
         45000   4.686324e-01   8.901920e+01              3             53              2              7   1.156599e+01   6.853404e-02   6.344505e-01
         45500   4.551530e-01   9.001233e+01              3             52              2              8   1.157761e+01   8.048160e-02   6.286298e-01
         46000   4.579135e-01   9.097015e+01              4             51              2              8   1.150004e+01   8.281761e-02   6.264049e-01
         46500   4.497641e-01   8.130111e+01              5             55              2              8   1.147730e+01   8.179133e-02   6.262084e-01
         47000   4.541279e-01   8.227120e+01              5             52              2              9   1.152129e+01   7.411956e-02   6.285140e-01
         47500   4.781278e-01   9.383284e+01              5             51              2              8   1.181320e+01   8.834787e-02   6.456835e-01
         48000   4.699656e-01   9.482986e+01              5             55              2              7   1.155632e+01   8.370978e-02   6.349428e-01
         48500   4.719425e-01   9.582812e+01              5             54              2              8   1.153124e+01   8.498499e-02   6.264804e-01
         49000   4.800421e-01   9.681469e+01              4             54              2              7   1.148294e+01   8.110846e-02   6.347677e-01
         49500   5.227057e-01   8.651791e+01              4             53              1              5   1.165739e+01   8.369391e-02   6.481925e-01
         50000   4.928058e-01   8.751075e+01              5             53              2              8   1.137712e+01   8.359088e-02   6.257356e-01
         50500   4.835947e-01   9.963314e+01              5             54              2              8   1.160312e+01   8.579669e-02   6.389438e-01
         51000   4.581902e-01   8.885988e+01              5             54              2              7   1.126055e+01   9.587522e-02   6.237396e-01
         51500   5.039418e-01   9.018606e+01              3             53              2              6   1.161217e+01   7.847083e-02   6.424401e-01
         52000   4.919619e-01   9.115721e+01              4             54              2              8   1.140943e+01   8.243508e-02   6.424575e-01
         52500   4.665948e-01   1.034351e+02              5             56              2              8   1.132028e+01   8.262121e-02   6.283949e-01
         53000   4.765369e-01   1.044183e+02              4             53              2              7   1.142899e+01   9.655207e-02   6.369253e-01
         53500   4.798227e-01   1.054014e+02              4             52              2              7   1.143970e+01   8.953007e-02   6.232138e-01
         54000   4.704615e-01   1.063957e+02              2             54              2              6   1.161127e+01   9.727219e-02   6.340597e-01
         54500   4.750010e-01   1.073894e+02              5             55              2              8   1.157254e+01   8.398681e-02   6.336259e-01
         55000   4.848906e-01   1.083853e+02              5             54              2              7   1.161991e+01   9.318152e-02   6.436101e-01
         55500   5.054575e-01   9.747181e+01              2             52              2              7   1.171619e+01   8.106309e-02   6.431015e-01
         56000   4.965462e-01   9.846230e+01              4             50              2              7   1.147184e+01   9.150776e-02   6.227529e-01
         56500   4.958920e-01   1.111809e+02              4             54              2              8   1.150458e+01   7.831615e-02   6.386017e-01
         57000   4.932863e-01   1.121755e+02              4             53              2              8   1.151996e+01   9.019109e-02   6.308520e-01
         57500   4.983577e-01   1.131428e+02              4             54              2              7   1.135118e+01   8.283612e-02   6.316594e-01
         58000   5.345332e-01   7.212867e+01              4             51              2              6   1.152617e+01   1.056746e-01   6.487753e-01
         58500   5.098753e-01   1.032687e+02              4             52              2              7   1.164096e+01   9.246380e-02   6.474559e-01
         59000   5.087006e-01   1.042378e+02              4             50              2              8   1.162769e+01   9.743907e-02   6.413292e-01
         59500   4.684756e-01   1.165796e+02              4             53              2              8   1.154414e+01   1.071997e-01   6.427936e-01
         60000   4.869332e-01   1.175713e+02              4             54              2              7   1.147588e+01   1.082104e-01   6.302729e-01
         60500   5.043351e-01   1.069998e+02              5             54              1              7   1.159575e+01   9.682578e-02   6.268724e-01
         61000   4.974504e-01   1.079928e+02              3             49              2              7   1.174738e+01   9.594447e-02   6.370388e-01
         61500   4.772814e-01   1.202825e+02              4             53              2              7   1.149714e+01   8.716763e-02   6.377594e-01
         62000   4.825059e-01   1.212456e+02              5             54              2              7   1.146987e+01   9.523541e-02   6.338506e-01
         62500   4.682188e-01   1.222169e+02              4             53              2              8   1.151904e+01   7.964695e-02   6.335584e-01
         63000   4.839258e-01   1.231914e+02              4             54              2              8   1.158146e+01   7.994574e-02   6.343227e-01
         63500   4.768501e-01   1.241518e+02              5             55              2              6   1.141063e+01   7.699022e-02   6.281649e-01
         64000   4.766472e-01   1.251466e+02              5             55              1              6   1.148697e+01   7.692517e-02   6.374712e-01
         64500   4.575606e-01   1.096134e+02              4             53              2              6   1.142932e+01   8.638459e-02   6.399422e-01
         65000   5.019666e-01   1.150623e+02              5             51              2              7   1.150046e+01   9.438004e-02   6.434200e-01
         65500   5.092406e-01   1.160352e+02              4             51              2              8   1.145140e+01   9.955568e-02   6.210983e-01
         66000   5.021700e-01   1.170277e+02              3             52              2              7   1.164656e+01   9.938756e-02   6.376994e-01
         66500   4.993323e-01   1.180222e+02              3             52              2              8   1.154746e+01   1.000927e-01   6.310057e-01
         67000   5.139704e-01   1.190061e+02              5             53              2              8   1.163512e+01   9.914806e-02   6.271987e-01
         67500   5.196957e-01   1.199832e+02              4             52              2              7   1.161090e+01   8.613899e-02   6.327130e-01
         68000   5.177462e-01   1.209722e+02              4             54              2              7   1.164770e+01   8.702607e-02   6.384216e-01
         68500   5.229791e-01   1.219555e+02              4             53              2              8   1.160173e+01   9.018354e-02   6.306679e-01
         69000   5.185676e-01   1.229408e+02              4             53              2              6   1.160283e+01   1.029786e-01   6.246366e-01
         69500   5.240047e-01   1.239333e+02              4             52              2              8   1.164005e+01   1.018321e-01   6.306365e-01
         70000   5.083551e-01   1.249215e+02              4             49              2              7   1.155953e+01   9.464419e-02   6.275867e-01
         70500   5.146458e-01   1.259157e+02              3             50              2              7   1.159179e+01   9.851153e-02   6.258656e-01
         71000   5.129823e-01   1.269046e+02              4             50              1              8   1.176145e+01   1.007984e-01   6.417682e-01
         71500   5.471092e-01   9.377805e+01              3             47              2              6   1.178704e+01   1.268200e-01   6.381751e-01
         72000   5.287156e-01   1.287832e+02              4             50              2              7   1.158525e+01   1.035038e-01   6.295629e-01
         72500   4.993753e-01   1.297725e+02              4             51              2              6   1.170253e+01   1.058562e-01   6.267420e-01
         73000   4.636933e-01   1.405102e+02              4             54              2              8   1.149694e+01   9.844270e-02   6.290052e-01
         73500   4.851341e-01   1.415058e+02              4             53              1              7   1.156098e+01   8.879165e-02   6.312594e-01
         74000   4.850307e-01   1.424944e+02              4             55              2              7   1.153561e+01   7.936421e-02   6.374713e-01
         74500   4.985498e-01   1.334049e+02              3             52              2              7   1.158666e+01   9.347238e-02   6.372110e-01
         75000   5.205871e-01   9.923800e+01              3             51              2              8   1.155032e+01   1.026745e-01   6.233599e-01
         75500   5.282500e-01   1.001700e+02              3             51              2              5   1.148017e+01   1.020476e-01   6.229481e-01
         76000   5.028813e-01   1.363440e+02              5             54              2              8   1.136010e+01   1.074910e-01   6.202668e-01
         76500   5.186341e-01   1.373263e+02              2             52              2              7   1.136845e+01   9.511803e-02   6.284426e-01
         77000   5.023112e-01   1.383242e+02              4             54              2              8   1.151373e+01   9.087655e-02   6.313516e-01
         77500   5.467560e-01   1.038666e+02              2             46              2              7   1.166640e+01   1.118899e-01   6.360517e-01
         78000   5.524992e-01   1.048483e+02              3             52              2              7   1.162117e+01   1.216578e-01   6.423549e-01
         78500   5.457215e-01   1.058297e+02              2             51              2              7   1.182822e+01   1.202869e-01   6.635273e-01
         79000   5.047620e-01   1.419430e+02              2             51              2              7   1.161945e+01   9.259043e-02   6.472361e-01
         79500   4.884961e-01   1.429375e+02              5             54              2              8   1.153264e+01   9.238641e-02   6.307674e-01
         80000   5.154019e-01   1.085258e+02              4             51              2              7   1.155586e+01   8.690897e-02   6.379933e-01
         80500   5.062405e-01   1.449257e+02              4             48              2              7   1.152887e+01   1.104250e-01   6.380354e-01
         81000   4.633999e-01   1.538220e+02              5             54              2              8   1.156662e+01   9.777337e-02   6.395803e-01
         81500   4.947237e-01   1.548118e+02              5             54              2              8   1.166142e+01   9.750965e-02   6.319109e-01
         82000   4.926686e-01   1.475606e+02              4             53              2              8   1.160631e+01   9.644018e-02   6.298512e-01
         82500   4.619844e-01   1.315019e+02              5             54              2              7   1.150954e+01   8.960118e-02   6.286293e-01
         83000   4.664683e-01   1.324475e+02              4             53              2              8   1.155142e+01   8.382688e-02   6.226126e-01
         83500   4.626530e-01   1.334326e+02              4             52              2              7   1.155345e+01   7.620853e-02   6.382660e-01
         84000   4.517867e-01   1.344162e+02              4             53              2              7   1.170485e+01   9.172189e-02   6.310578e-01
         84500   4.477217e-01   1.354077e+02              5             54              1              8   1.161781e+01   9.445542e-02   6.299716e-01
         85000   4.480345e-01   1.364030e+02              5             54              2              6   1.152999e+01   7.486529e-02   6.309279e-01
         85500   4.453449e-01   1.373974e+02              4             54              2              8   1.149909e+01   8.130559e-02   6.260534e-01
         86000   4.515706e-01   1.383882e+02              4             54              2              7   1.154246e+01   8.060550e-02   6.365769e-01
         86500   4.549022e-01   1.393844e+02              5             53              2              8   1.127477e+01   8.225723e-02   6.223237e-01
         87000   4.479287e-01   1.403802e+02              5             55              2              8   1.126359e+01   9.195998e-02   6.307419e-01
         87500   4.504156e-01   1.413718e+02              5             54              1              7   1.143628e+01   8.422331e-02   6.333376e-01
         88000   4.358374e-01   9.737761e+01              5             56              2              8   1.143036e+01   7.097831e-02   6.313021e-01
         88500   4.444145e-01   1.432992e+02              4             55              2              8   1.133755e+01   9.072088e-02   6.223813e-01
         89000   4.337754e-01   9.927054e+01              5             55              1              7   1.161998e+01   8.354360e-02   6.391220e-01
         89500   4.373754e-01   1.002217e+02              5             54              2              8   1.156327e+01   8.112022e-02   6.367796e-01
         90000   4.469900e-01   1.462251e+02              5             54              2              8   1.156950e+01   7.975849e-02   6.280806e-01
         90500   4.200749e-01   1.021233e+02              5             55              2              8   1.147333e+01   8.621251e-02   6.258661e-01
         91000   4.381473e-01   1.481231e+02              4             53              2              8   1.174555e+01   7.441628e-02   6.350895e-01
         91500   4.446686e-01   1.491140e+02              5             53              1              7   1.120170e+01   8.937472e-02   6.163879e-01
         92000   4.381379e-01   1.500736e+02              5             54              2              8   1.146183e+01   7.421095e-02   6.257812e-01
         92500   4.482283e-01   1.510626e+02              4             54              2              7   1.140983e+01   6.705295e-02   6.296643e-01
         93000   4.440871e-01   1.520444e+02              4             56              2              8   1.159347e+01   5.480633e-02   6.375345e-01
         93500   4.345604e-01   1.530056e+02              4             54              2              6   1.141947e+01   7.505114e-02   6.338670e-01
         94000   4.209474e-01   1.087398e+02              5             54              2              7   1.159725e+01   6.157822e-02   6.379725e-01
         94500   4.329299e-01   1.548585e+02              4             55              2              9   1.148974e+01   7.047652e-02   6.295494e-01
         95000   4.435657e-01   1.106864e+02              5             54              2              8   1.163662e+01   7.405335e-02   6.358179e-01
         95500   4.428053e-01   1.567583e+02              4             54              1              7   1.119507e+01   8.020052e-02   6.115966e-01
         96000   4.230996e-01   1.126305e+02              5             56              2              8   1.137292e+01   9.158514e-02   6.208838e-01
         96500   4.255421e-01   1.136246e+02              4             55              2              8   1.122371e+01   9.832639e-02   6.125030e-01
         97000   4.204666e-01   1.145950e+02              5             55              2              8   1.145214e+01   9.614873e-02   6.205538e-01
         97500   4.448612e-01   1.155757e+02              5             54              3              7   1.156677e+01   7.343585e-02   6.307750e-01
         98000   4.240012e-01   1.165116e+02              4             55              2              7   1.157670e+01   9.008680e-02   6.364826e-01
         98500   4.326384e-01   1.174767e+02              4             52              2              7   1.125744e+01   1.026533e-01   6.145249e-01
         99000   4.268595e-01   1.184714e+02              3             52              2              7   1.155798e+01   8.226592e-02   6.246406e-01
         99500   4.103290e-01   1.194384e+02              4             55              2              7   1.163877e+01   8.017207e-02   6.340118e-01
        100000   4.265899e-01   1.204264e+02              4             55              2              6   1.156952e+01   7.949671e-02   6.362992e-01
        100500   4.197654e-01   1.214102e+02              5             55              2              5   1.146844e+01   7.858577e-02   6.290123e-01
        101000   4.263799e-01   1.224066e+02              5             54              1              7   1.141927e+01   9.042983e-02   6.108559e-01
        101500   4.366237e-01   1.233625e+02              5             54              2              6   1.133538e+01   8.832706e-02   6.124237e-01
        102000   4.148042e-01   1.243105e+02              4             54              2              6   1.147092e+01   8.307754e-02   6.196527e-01
        102500   4.077898e-01   1.253055e+02              4             55              1              7   1.129830e+01   9.420882e-02   6.159081e-01
        103000   4.148011e-01   1.263033e+02              3             53              2              6   1.156127e+01   9.759729e-02   6.178020e-01
        103500   4.302587e-01   1.715532e+02              4             54              2              8   1.179487e+01   8.150474e-02   6.429188e-01
        104000   4.385606e-01   1.282293e+02              5             55              2              8   1.166728e+01   7.913858e-02   6.353032e-01
        104500   4.631271e-01   1.735173e+02              5             53              2              7   1.172486e+01   8.108284e-02   6.426906e-01
        105000   4.760119e-01   1.910646e+02              3             53              2              7   1.143362e+01   7.993338e-02   6.303185e-01
        105500   4.670354e-01   1.753471e+02              4             54              2              8   1.161544e+01   8.615125e-02   6.301408e-01
        106000   4.507513e-01   1.763424e+02              3             53              2              6   1.156517e+01   8.847617e-02   6.204625e-01
        106500   4.497713e-01   1.773207e+02              4             53              2              7   1.158242e+01   7.707335e-02   6.298634e-01
        107000   4.455758e-01   1.783173e+02              5             56              2              8   1.164227e+01   7.882982e-02   6.278844e-01
        107500   4.433475e-01   1.793131e+02              5             55              2              6   1.141545e+01   9.333929e-02   6.072987e-01
        108000   4.224010e-01   1.349626e+02              5             56              2              7   1.144692e+01   8.363488e-02   6.273546e-01
        108500   4.326778e-01   1.359575e+02              3             55              2              6   1.160442e+01   7.960204e-02   6.320876e-01
        109000   4.463726e-01   1.821133e+02              5             54              2              5   1.148675e+01   8.735070e-02   6.270120e-01
        109500   4.401418e-01   1.831025e+02              5             52              2              7   1.135089e+01   9.943791e-02   6.130679e-01
        110000   4.492423e-01   1.840630e+02              4             53              1              6   1.143027e+01   9.813811e-02   6.133101e-01
        110500   4.343745e-01   1.397144e+02              5             52              2              7   1.152555e+01   9.615404e-02   6.237504e-01
        111000   4.067568e-01   8.712153e+01              5             54              2              7   1.147962e+01   1.040866e-01   6.110997e-01
        111500   4.219638e-01   1.416895e+02              5             53              2              6   1.161333e+01   9.147984e-02   6.262694e-01
        112000   4.207795e-01   1.426881e+02              5             53              2              8   1.141131e+01   9.620327e-02   6.258000e-01
        112500   4.115055e-01   1.436786e+02              4             54              2              6   1.128648e+01   1.023432e-01   6.226108e-01
        113000   4.165593e-01   1.446666e+02              4             54              2              7   1.160932e+01   9.453653e-02   6.407807e-01
        113500   4.173279e-01   1.456550e+02              4             55              2              7   1.160396e+01   7.812718e-02   6.331302e-01
        114000   4.101075e-01   1.466427e+02              4             52              2              7   1.154215e+01   9.392277e-02   6.335590e-01
        114500   4.269359e-01   1.476360e+02              4             55              2              7   1.151764e+01   9.196480e-02   6.276328e-01
        115000   4.285157e-01   1.486310e+02              3             53              2              5   1.163253e+01   9.424353e-02   6.304596e-01
        115500   4.178514e-01   1.496189e+02              4             55              2              8   1.154491e+01   9.597784e-02   6.315032e-01
        116000   3.933633e-01   1.506108e+02              4             53              2              5   1.148054e+01   9.781760e-02   6.234215e-01
        116500   4.173061e-01   1.516007e+02              4             54              2              7   1.159710e+01   9.439555e-02   6.406647e-01
        117000   4.086253e-01   1.525900e+02              3             53              2              6   1.151374e+01   9.150217e-02   6.288650e-01
        117500   4.032704e-01   1.535787e+02              4             55              2              8   1.144005e+01   9.941394e-02   6.252533e-01
        118000   4.185924e-01   1.545775e+02              4             53              2              7   1.162424e+01   9.903945e-02   6.383792e-01
        118500   4.049181e-01   1.555618e+02              4             55              2              7   1.124159e+01   1.187377e-01   6.125067e-01
        119000   4.122680e-01   1.565485e+02              4             55              2              5   1.145897e+01   9.376199e-02   6.271149e-01
        119500   4.182466e-01   1.575292e+02              2             54              1              5   1.170175e+01   1.041840e-01   6.397654e-01
        120000   3.968662e-01   1.032450e+02              4             54              2              5   1.141603e+01   1.221297e-01   6.265712e-01
        120500   4.203748e-01   1.594973e+02              4             53              2              5   1.139760e+01   9.709135e-02   6.219835e-01
        121000   4.027336e-01   1.604916e+02              4             54              2              7   1.149403e+01   8.867381e-02   6.270509e-01
        121500   3.999715e-01   1.060329e+02              4             54              2              7   1.148455e+01   9.067093e-02   6.292857e-01
        122000   3.959949e-01   1.069365e+02              4             54              2              7   1.147379e+01   9.049421e-02   6.334095e-01
        122500   4.381486e-01   2.054795e+02              3             52              2              6   1.146921e+01   9.730965e-02   6.310864e-01
        123000   4.422950e-01   2.064511e+02              4             54              2              7   1.148361e+01   9.370457e-02   6.245082e-01
        123500   4.174797e-01   1.653186e+02              4             56              2              7   1.157235e+01   1.007973e-01   6.376804e-01
        124000   3.850783e-01   1.101476e+02              4             56              2              5   1.154118e+01   1.027581e-01   6.324447e-01
        124500   4.064126e-01   1.672875e+02              4             55              2              6   1.143589e+01   9.108731e-02   6.167022e-01
        125000   4.129696e-01   1.682768e+02              4             55              2              6   1.144209e+01   8.578795e-02   6.236601e-01
        125500   4.140359e-01   1.692753e+02              4             56              2              6   1.163180e+01   8.630925e-02   6.331024e-01
        126000   4.158219e-01   1.702717e+02              5             56              2              6   1.142665e+01   8.879548e-02   6.237882e-01
        126500   4.179533e-01   1.712633e+02              4             56              2              7   1.152974e+01   7.228683e-02   6.329594e-01
        127000   4.050283e-01   1.722560e+02              5             54              2              7   1.139114e+01   8.758161e-02   6.202692e-01
        127500   4.090141e-01   1.732375e+02              5             54              2              7   1.128037e+01   9.161600e-02   6.145464e-01
        128000   4.081980e-01   1.742016e+02              5             55              1              7   1.126482e+01   7.699376e-02   6.180789e-01
        128500   4.003993e-01   1.751683e+02              4             54              2              6   1.151141e+01   7.886524e-02   6.290269e-01
        129000   3.969640e-01   1.761421e+02              3             54              2              6   1.120337e+01   8.642007e-02   6.141618e-01
        129500   4.137914e-01   1.771263e+02              4             54              2              7   1.158652e+01   8.593354e-02   6.369368e-01
        130000   4.217077e-01   1.781157e+02              3             52              2              7   1.138227e+01   8.409218e-02   6.123781e-01
        130500   4.025356e-01   1.220588e+02              4             54              2              7   1.132033e+01   9.616644e-02   6.129360e-01
        131000   4.020044e-01   1.800568e+02              4             53              2              6   1.153590e+01   8.568864e-02   6.245801e-01
        131500   4.116224e-01   1.810535e+02              4             55              2              6   1.144991e+01   7.547472e-02   6.345369e-01
        132000   4.155317e-01   1.820491e+02              4             55              2              6   1.140851e+01   7.262435e-02   6.339693e-01
        132500   4.058008e-01   1.830321e+02              4             54              2              8   1.162833e+01   8.028415e-02   6.383369e-01
        133000   4.207399e-01   1.840277e+02              5             55              2              7   1.162095e+01   7.965935e-02   6.318527e-01
        133500   4.545275e-01   2.242229e+02              4             54              2              7   1.153124e+01   6.790696e-02   6.249773e-01
        134000   5.035582e-01   1.913365e+02              4             52              1              8   1.149180e+01   7.407681e-02   6.266899e-01
        134500   5.307733e-01   1.337058e+02              3             52              2              6   1.146510e+01   8.095798e-02   6.251246e-01
        135000   5.469969e-01   7.726339e+01              3             47              2              7   1.166737e+01   7.402070e-02   6.449420e-01
        135500   5.844774e-01   7.825124e+01              2             41              2              6   1.180471e+01   1.084540e-01   6.875056e-01
        136000   5.806805e-01   7.923689e+01              3             40              2              6   1.179039e+01   9.094773e-02   6.657815e-01
        136500   5.955939e-01   8.022940e+01              2             39              2              5   1.179411e+01   1.004657e-01   6.697105e-01
        137000   5.826810e-01   8.122231e+01              3             39              2              5   1.154742e+01   9.929738e-02   6.583650e-01
        137500   6.131564e-01   4.074154e+01              2             37              1              6   1.201533e+01   1.132915e-01   6.809510e-01
        138000   6.675159e-01   4.172565e+01              1             35              2              5   1.192501e+01   1.512749e-01   7.041291e-01
        138500   6.377936e-01   4.272095e+01              2             35              2              5   1.171813e+01   1.513692e-01   6.907734e-01
        139000   6.669890e-01   4.370925e+01              1             31              2              3   1.145401e+01   1.444570e-01   6.671547e-01
        139500   7.254823e-01   2.059753e+01              1             33              2              4   1.163480e+01   1.735124e-01   6.956200e-01
        140000   6.933560e-01   2.158526e+01              2             32              2              5   1.175039e+01   1.339562e-01   6.785755e-01
        140500   6.954308e-01   2.256987e+01              1             32              2              6   1.174913e+01   1.309106e-01   6.778691e-01
        141000   6.875372e-01   4.743908e+01              1             30              2              5   1.160324e+01   1.566056e-01   6.791537e-01
        141500   7.063757e-01   2.453525e+01              1             30              2              4   1.148356e+01   1.607671e-01   6.722055e-01
        142000   7.008586e-01   2.552530e+01              2             35              2              5   1.141921e+01   1.636790e-01   6.758740e-01
        142500   7.289305e-01   2.651530e+01              1             31              1              4   1.159199e+01   1.735542e-01   6.818367e-01
        143000   7.034494e-01   2.750442e+01              2             31              1              4   1.167956e+01   1.731963e-01   6.721603e-01
        143500   6.962368e-01   2.848460e+01              1             31              2              4   1.160014e+01   1.766152e-01   6.772153e-01
        144000   7.006265e-01   2.947050e+01              1             30              1              4   1.159754e+01   1.510945e-01   6.602855e-01
        144500   6.887503e-01   3.045649e+01              1             32              1              5   1.179216e+01   1.662510e-01   6.704917e-01
        145000   7.142444e-01   3.144814e+01              2             31              2              3   1.162974e+01   1.585442e-01   6.610373e-01
        145500   7.216110e-01   1.866181e+01              2             30              2              5   1.166110e+01   1.507288e-01   6.694385e-01
        146000   7.292825e-01   3.342727e+01              1             30              1              3   1.175668e+01   1.659348e-01   6.648868e-01
        146500   7.242705e-01   3.439757e+01              1             32              2              5   1.160496e+01   2.013369e-01   6.526355e-01
        147000   6.964996e-01   3.538526e+01              1             30              2              4   1.170941e+01   2.093320e-01   6.601037e-01
        147500   7.224077e-01   3.637249e+01              1             30              2              4   1.172530e+01   1.813370e-01   6.653810e-01
        148000   7.375233e-01   3.731981e+01              1             28              2              5   1.149634e+01   2.171526e-01   6.552772e-01
        148500   7.945451e-01   1.433520e+01              1             28              2              4   1.154912e+01   2.074609e-01   6.645665e-01
        149000   7.602201e-01   2.528869e+01              1             27              2              4   1.163075e+01   2.159175e-01   6.671371e-01
        149500   7.402348e-01   2.626491e+01              1             31              2              4   1.155175e+01   2.187583e-01   6.534743e-01
        150000   7.429622e-01   2.718212e+01              1             29              2              4   1.157716e+01   2.280343e-01   6.495231e-01
        150500   7.312161e-01   4.193016e+01              1             30              2              5   1.167305e+01   2.388103e-01   6.502290e-01
        151000   7.543498e-01   2.913336e+01              1             27              1              3   1.152954e+01   2.558374e-01   6.409445e-01
        151500   7.568338e-01   3.012759e+01              1             27              2              4   1.158694e+01   2.594034e-01   6.464004e-01
        152000   7.228803e-01   4.473042e+01              1             31              1              4   1.136911e+01   2.571684e-01   6.309350e-01
        152500   7.715144e-01   3.203406e+01              2             29              1              4   1.180998e+01   2.494525e-01   6.686521e-01
        153000   7.862105e-01   3.301949e+01              1             27              2              4   1.150245e+01   2.655733e-01   6.414881e-01
        153500   7.612003e-01   3.400995e+01              2             27              1              3   1.154153e+01   2.788364e-01   6.463580e-01
        154000   7.424419e-01   3.498862e+01              1             26              1              2   1.156579e+01   2.704013e-01   6.462578e-01
        154500   7.577331e-01   3.595360e+01              0             26              2              3   1.163959e+01   2.461509e-01   6.569308e-01
        155000   7.759786e-01   3.694927e+01              1             28              2              3   1.136968e+01   2.804517e-01   6.406301e-01
        155500   7.635523e-01   3.794369e+01              2             27              2              2   1.157150e+01   2.924775e-01   6.306496e-01
        156000   8.169566e-01   2.674011e+01              2             27              2              3   1.121387e+01   2.907649e-01   6.285375e-01
        156500   7.852473e-01   3.982265e+01              2             25              2              2   1.127983e+01   2.891968e-01   6.267055e-01
        157000   7.910894e-01   4.078734e+01              1             26              2              3   1.123454e+01   2.885209e-01   6.231715e-01
        157500   8.231782e-01   2.965933e+01              1             23              2              3   1.130539e+01   2.927870e-01   6.194816e-01
        158000   8.045826e-01   3.064772e+01              2             27              2              4   1.124268e+01   3.062799e-01   6.149594e-01
        158500   8.253607e-01   3.164284e+01              1             23              1              2   1.129036e+01   3.110407e-01   6.138283e-01
        159000   8.317736e-01   3.260716e+01              2             25              1              2   1.136617e+01   3.228175e-01   6.017099e-01
        159500   7.885621e-01   4.509709e+01              2             24              2              2   1.128150e+01   3.137394e-01   6.132364e-01
        160000   7.934608e-01   3.453537e+01              1             24              2              3   1.126231e+01   3.109713e-01   6.157762e-01
        160500   8.178699e-01   3.552054e+01              2             26              1              3   1.155228e+01   3.263710e-01   6.199924e-01
        161000   8.418981e-01   2.396269e+01              2             25              2              3   1.134396e+01   3.045860e-01   6.235116e-01
        161500   7.912344e-01   3.749590e+01              2             28              1              3   1.151882e+01   2.970097e-01   6.391264e-01
        162000   7.894089e-01   3.843387e+01              2             28              2              3   1.162962e+01   3.033396e-01   6.363547e-01
        162500   7.857016e-01   3.937845e+01              2             29              2              3   1.156262e+01   3.040745e-01   6.321411e-01
        163000   7.954042e-01   4.033566e+01              2             27              2              3   1.144554e+01   2.902152e-01   6.309115e-01
        163500   7.791378e-01   5.253657e+01              2             28              1              4   1.169764e+01   2.864446e-01   6.414626e-01
        164000   8.161752e-01   4.228710e+01              2             29              2              3   1.168520e+01   2.930245e-01   6.472336e-01
        164500   8.041985e-01   4.328011e+01              1             29              2              3   1.161507e+01   2.804328e-01   6.489285e-01
        165000   8.124947e-01   4.427331e+01              2             28              1              3   1.156320e+01   2.503375e-01   6.455697e-01
        165500   8.457739e-01   3.135632e+01              2             27              2              2   1.146141e+01   2.590704e-01   6.464827e-01
        166000   7.898770e-01   4.621280e+01              1             28              1              3   1.164170e+01   2.525321e-01   6.443839e-01
        166500   7.908389e-01   5.789685e+01              1             28              2              2   1.164125e+01   2.354715e-01   6.465965e-01
        167000   7.956292e-01   4.816426e+01              2             29              1              2   1.166741e+01   2.307312e-01   6.513172e-01
        167500   8.099325e-01   4.912087e+01              2             28              2              3   1.184223e+01   2.208432e-01   6.595311e-01
        168000   8.024532e-01   5.011226e+01              2             28              2              2   1.179675e+01   2.318702e-01   6.705258e-01
        168500   7.532725e-01   6.162702e+01              2             30              2              3   1.175758e+01   2.150499e-01   6.717169e-01
        169000   8.047425e-01   5.193811e+01              2             30              1              2   1.178898e+01   2.181734e-01   6.745374e-01
        169500   7.690277e-01   6.353443e+01              2             29              1              3   1.170078e+01   2.305572e-01   6.588806e-01
        170000   8.067504e-01   5.381396e+01              2             30              2              3   1.158681e+01   2.282248e-01   6.512493e-01
        170500   7.667000e-01   6.545706e+01              1             30              2              3   1.168515e+01   2.279854e-01   6.494887e-01
        171000   7.311369e-01   7.248704e+01              2             34              2              4   1.150010e+01   2.235059e-01   6.340030e-01
        171500   7.462247e-01   7.346596e+01              1             30              2              4   1.180665e+01   2.190296e-01   6.435340e-01
        172000   7.295831e-01   7.443549e+01              2             28              1              3   1.161160e+01   1.973454e-01   6.436291e-01
        172500   7.143285e-01   7.542636e+01              3             33              2              4   1.159674e+01   1.939363e-01   6.538683e-01
        173000   7.414943e-01   7.010365e+01              2             29              2              3   1.167965e+01   2.246443e-01   6.592914e-01
        173500   7.414870e-01   7.738151e+01              2             28              2              4   1.151792e+01   2.311675e-01   6.475567e-01
        174000   7.548560e-01   7.203652e+01              2             32              1              4   1.148247e+01   2.019956e-01   6.444468e-01
        174500   7.906014e-01   6.068343e+01              2             28              2              3   1.162035e+01   2.071428e-01   6.483803e-01
        175000   7.891557e-01   6.164155e+01              2             29              2              4   1.161298e+01   2.145436e-01   6.437761e-01
        175500   8.171801e-01   6.262597e+01              3             31              2              4   1.162378e+01   2.153707e-01   6.526467e-01
        176000   8.245064e-01   6.361656e+01              2             31              2              3   1.176719e+01   2.096630e-01   6.548884e-01
        176500   8.257406e-01   6.460067e+01              1             30              2              2   1.161094e+01   2.012047e-01   6.463546e-01
        177000   8.577548e-01   4.699103e+01              1             29              2              4   1.157696e+01   1.934575e-01   6.547604e-01
        177500   8.991503e-01   2.860336e+01              1             26              2              3   1.162621e+01   2.045030e-01   6.392054e-01
        178000   9.020968e-01   2.957679e+01              1             27              2              2   1.170302e+01   2.231901e-01   6.488129e-01
        178500   9.280410e-01   3.056441e+01              1             28              2              3   1.152144e+01   2.376002e-01   6.422808e-01
        179000   9.044265e-01   3.155812e+01              1             29              2              3   1.165782e+01   1.990983e-01   6.403747e-01
        179500   8.985710e-01   3.255005e+01              2             29              1              3   1.150120e+01   2.204324e-01   6.341183e-01
        180000   9.185351e-01   3.354199e+01              1             28              2              3   1.126806e+01   2.164782e-01   6.327729e-01
        180500   9.441790e-01   1.919586e+01              1             26              2              3   1.124922e+01   2.326398e-01   6.449691e-01
        181000   9.628389e-01   2.018848e+01              1             26              2              3   1.108901e+01   2.573850e-01   6.255356e-01
        181500   9.274333e-01   3.638381e+01              3             28              1              4   1.107309e+01   2.792304e-01   6.170893e-01
        182000   9.668430e-01   2.213515e+01              1             27              1              1   1.100373e+01   2.634241e-01   6.095603e-01
        182500   9.106480e-01   3.822961e+01              2             27              2              2   1.098591e+01   2.752773e-01   6.230880e-01
        183000   9.526102e-01   2.402885e+01              1             23              2              3   1.092242e+01   2.765272e-01   6.098171e-01
        183500   9.765705e-01   2.501455e+01              1             22              2              3   1.081508e+01   2.790489e-01   6.134708e-01
        184000   1.003802e+00   1.487748e+01              1             23              1              3   1.103063e+01   2.686431e-01   6.341222e-01
        184500   9.924827e-01   1.586174e+01              2             25              1              2   1.100429e+01   2.598105e-01   6.221668e-01
        185000   1.017238e+00   1.684361e+01              1             25              1              1   1.082978e+01   2.719056e-01   6.197423e-01
        185500   9.989745e-01   1.782291e+01              2             24              1              3   1.083584e+01   2.742790e-01   6.116221e-01
        186000   1.035632e+00   1.881767e+01              0             22              2              2   1.076848e+01   2.568850e-01   6.073915e-01
        186500   1.032330e+00   1.977278e+01              1             24              2              4   1.101251e+01   2.667101e-01   6.214943e-01
        187000   1.025635e+00   2.075064e+01              1             27              2              2   1.115999e+01   2.601949e-01   6.211738e-01
        187500   1.061264e+00   1.368998e+01              2             28              2              3   1.125208e+01   2.502918e-01   6.263803e-01
        188000   1.040773e+00   2.260538e+01              2             29              2              3   1.130712e+01   2.402788e-01   6.286725e-01
        188500   1.035340e+00   1.562058e+01              1             30              2              4   1.137437e+01   2.281969e-01   6.218406e-01
        189000   1.062690e+00   1.660086e+01              1             29              2              3   1.127267e+01   2.596964e-01   6.301453e-01
        189500   1.060987e+00   1.758171e+01              1             30              2              2   1.079670e+01   2.786657e-01   6.075074e-01
        190000   1.029713e+00   2.641335e+01              3             30              2              3   1.091054e+01   2.525488e-01   6.110883e-01
        190500   1.064046e+00   1.948588e+01              0             29              2              2   1.117612e+01   2.554124e-01   6.166929e-01
        191000   1.044363e+00   2.830929e+01              2             32              2              2   1.116195e+01   2.755846e-01   6.174390e-01
        191500   1.069953e+00   2.145489e+01              2             35              2              4   1.080958e+01   2.691921e-01   5.929024e-01
        192000   1.028962e+00   3.015579e+01              2             34              2              2   1.085701e+01   2.759822e-01   5.996009e-01
        192500   1.017294e+00   3.114535e+01              3             33              2              3   1.104374e+01   2.872387e-01   6.055862e-01
        193000   1.020352e+00   3.214158e+01              2             28              1              4   1.097782e+01   2.782946e-01   6.083161e-01
        193500   1.010813e+00   3.312817e+01              3             32              2              4   1.118175e+01   2.611373e-01   6.209198e-01
        194000   1.030485e+00   2.589657e+01              1             29              2              3   1.099097e+01   2.749537e-01   6.129729e-01
        194500   1.080481e+00   2.688067e+01              0             28              1              1   1.116859e+01   2.741684e-01   6.161473e-01
        195000   1.062983e+00   2.787537e+01              2             24              2              4   1.109650e+01   2.865987e-01   6.204587e-01
        195500   1.073901e+00   2.886944e+01              1             30              2              3   1.109200e+01   2.466494e-01   6.240561e-01
        196000   1.088258e+00   2.060880e+01              0             26              1              3   1.103093e+01   2.534193e-01   6.330010e-01
        196500   1.095977e+00   2.159480e+01              0             26              2              2   1.091359e+01   2.595243e-01   6.211896e-01
        197000   1.112875e+00   2.253263e+01              2             26              1              3   1.104972e+01   2.663230e-01   6.358180e-01
        197500   1.089648e+00   2.351023e+01              2             27              2              2   1.110433e+01   2.632775e-01   6.233155e-01
        198000   1.060501e+00   3.369164e+01              1             27              2              3   1.104152e+01   2.677274e-01   6.262164e-01
        198500   1.082314e+00   3.467558e+01              0             24              1              1   1.095159e+01   2.708440e-01   6.269008e-01
        199000   1.040265e+00   4.236076e+01              1             30              2              3   1.105962e+01   2.487459e-01   6.356007e-01
        199500   1.026323e+00   4.335358e+01              3             31              1              3   1.108922e+01   2.382933e-01   6.336391e-01
        200000   1.023915e+00   4.433959e+01              2             32              2              4   1.131126e+01   2.291252e-01   6.479479e-01
        200500   9.971607e-01   4.533233e+01              2             27              2              3   1.110099e+01   2.471354e-01   6.476001e-01
        201000   9.837205e-01   5.096607e+01              3             27              2              4   1.084998e+01   2.613187e-01   6.432868e-01
        201500   9.770945e-01   5.195963e+01              3             27              2              4   1.114016e+01   2.609363e-01   6.432318e-01
        202000   9.893419e-01   5.295274e+01              3             31              2              4   1.129535e+01   2.596519e-01   6.560364e-01
        202500   1.011316e+00   4.905294e+01              2             27              2              3   1.109318e+01   2.711904e-01   6.497813e-01
        203000   1.003476e+00   4.999571e+01              2             28              2              4   1.114169e+01   2.628996e-01   6.330376e-01
        203500   9.882706e-01   5.587463e+01              2             29              2              4   1.117736e+01   2.571262e-01   6.419203e-01
        204000   9.798055e-01   5.686434e+01              2             26              1              4   1.100639e+01   2.697543e-01   6.344228e-01
        204500   9.725599e-01   5.785986e+01              3             27              1              4   1.129600e+01   2.728996e-01   6.560024e-01
        205000   9.842583e-01   5.885070e+01              2             30              2              2   1.120856e+01   2.336317e-01   6.440118e-01
        205500   9.838711e-01   5.984542e+01              3             32              1              5   1.112161e+01   2.481658e-01   6.338463e-01
        206000   9.886569e-01   6.082382e+01              2             30              1              4   1.112304e+01   2.506977e-01   6.352504e-01
        206500   9.937453e-01   6.178881e+01              2             28              2              3   1.123809e+01   2.539878e-01   6.452457e-01
        207000   9.617430e-01   6.275212e+01              3             33              2              4   1.123616e+01   2.451922e-01   6.326990e-01
        207500   9.765585e-01   6.374999e+01              2             30              1              3   1.132623e+01   2.218495e-01   6.297650e-01
        208000   1.009792e+00   5.926639e+01              1             32              2              4   1.116724e+01   2.413895e-01   6.310108e-01
        208500   1.007539e+00   6.023207e+01              1             31              2              4   1.129897e+01   2.299437e-01   6.319427e-01
        209000   1.002751e+00   6.122504e+01              2             30              2              4   1.148560e+01   2.291333e-01   6.580564e-01
        209500   1.031051e+00   6.221767e+01              1             28              2              3   1.133527e+01   2.565752e-01   6.490157e-01
        210000   1.016925e+00   6.320797e+01              2             27              2              2   1.113177e+01   2.597905e-01   6.355864e-01
        210500   1.007372e+00   6.419318e+01              1             26              2              2   1.113437e+01   2.720934e-01   6.395420e-01
        211000   9.608400e-01   7.020604e+01              2             30              2              4   1.132863e+01   2.399203e-01   6.338274e-01
        211500   9.439214e-01   7.318960e+01              2             27              2              4   1.104714e+01   2.576170e-01   6.419762e-01
        212000   9.743656e-01   7.213824e+01              2             27              2              4   1.101162e+01   2.458784e-01   6.441989e-01
        212500   9.287232e-01   7.508277e+01              2             33              2              3   1.123772e+01   2.408273e-01   6.410464e-01
        213000   9.385921e-01   7.607220e+01              1             29              2              4   1.128564e+01   2.364729e-01   6.558781e-01
        213500   9.655858e-01   7.498934e+01              1             25              2              4   1.117105e+01   2.427982e-01   6.494354e-01
        214000   9.666624e-01   7.596670e+01              1             30              2              3   1.133568e+01   2.300288e-01   6.406053e-01
        214500   9.459632e-01   7.694528e+01              1             28              2              3   1.117854e+01   2.252213e-01   6.408151e-01
        215000   9.051598e-01   7.989205e+01              2             31              2              4   1.103977e+01   2.231567e-01   6.298454e-01
        215500   9.235051e-01   8.088464e+01              1             30              2              4   1.123688e+01   2.201951e-01   6.418384e-01
        216000   9.249944e-01   8.188112e+01              3             30              2              4   1.133092e+01   2.208127e-01   6.377645e-01
        216500   8.902281e-01   8.452277e+01              2             30              2              4   1.123100e+01   2.177021e-01   6.499526e-01
        217000   9.103350e-01   8.379873e+01              2             26              2              3   1.114738e+01   2.316262e-01   6.493645e-01
        217500   8.789844e-01   8.646994e+01              3             31              2              3   1.125127e+01   2.193525e-01   6.531821e-01
        218000   8.707046e-01   8.746186e+01              2             32              2              3   1.145304e+01   2.253705e-01   6.549904e-01
        218500   8.636903e-01   8.845169e+01              2             29              2              4   1.119039e+01   2.293204e-01   6.441272e-01
        219000   8.788702e-01   8.944780e+01              2             31              2              2   1.097007e+01   2.282633e-01   6.304953e-01
        219500   8.952711e-01   8.820884e+01              2             31              2              4   1.124503e+01   2.542359e-01   6.528927e-01
        220000   8.784080e-01   9.142586e+01              2             31              2              4   1.128406e+01   2.335324e-01   6.409338e-01
        220500   8.631374e-01   9.241434e+01              2             33              2              4   1.147410e+01   2.419608e-01   6.589659e-01
        221000   8.461124e-01   9.443052e+01              1             30              2              3   1.131632e+01   2.394284e-01   6.353208e-01
        221500   8.761240e-01   9.435003e+01              3             30              2              3   1.097779e+01   2.546648e-01   6.377893e-01
        222000   8.617492e-01   9.534347e+01              2             31              2              3   1.117462e+01   2.565254e-01   6.371854e-01
        222500   8.575946e-01   9.706194e+01              3             31              2              4   1.102860e+01   2.495302e-01   6.310704e-01
        223000   8.793969e-01   9.732522e+01              3             28              2              4   1.093388e+01   2.486722e-01   6.304955e-01
        223500   9.193524e-01   9.517192e+01              3             27              2              3   1.103098e+01   2.542429e-01   6.319243e-01
        224000   8.726440e-01   9.923791e+01              3             30              2              4   1.117210e+01   2.509758e-01   6.445552e-01
        224500   8.623422e-01   1.002311e+02              3             30              2              4   1.110812e+01   2.526537e-01   6.356656e-01
        225000   8.240099e-01   1.012641e+02              3             31              2              2   1.144632e+01   2.260078e-01   6.450203e-01
        225500   8.369261e-01   1.022524e+02              1             26              2              4   1.129984e+01   2.402952e-01   6.317492e-01
        226000   8.799658e-01   1.029644e+02              2             32              1              3   1.121559e+01   2.379056e-01   6.350466e-01
        226500   8.594820e-01   1.039549e+02              2             28              1              3   1.140769e+01   2.423296e-01   6.547728e-01
        227000   8.221300e-01   1.050592e+02              2             29              2              4   1.114853e+01   2.419446e-01   6.308041e-01
        227500   8.331334e-01   1.060533e+02              2             31              2              4   1.123562e+01   2.792811e-01   6.398890e-01
        228000   8.645115e-01   1.067413e+02              2             30              2              4   1.137645e+01   2.459700e-01   6.345733e-01
        228500   8.822230e-01   1.077268e+02              0             29              2              3   1.138259e+01   2.284131e-01   6.303261e-01
        229000   8.806520e-01   1.087184e+02              0             27              2              3   1.109244e+01   2.539183e-01   6.080505e-01
        229500   8.877645e-01   1.097085e+02              3             31              2              4   1.107874e+01   2.597691e-01   6.049924e-01
        230000   8.858147e-01   1.055767e+02              3             33              2              3   1.117282e+01   2.491509e-01   6.182445e-01
        230500   8.817592e-01   1.064705e+02              1             29              2              2   1.120524e+01   2.623622e-01   6.315374e-01
        231000   8.841876e-01   1.074082e+02              2             32              2              2   1.131364e+01   2.753753e-01   6.376943e-01
        231500   8.731208e-01   1.136501e+02              2             32              2              3   1.146036e+01   2.658383e-01   6.502150e-01
        232000   8.219900e-01   1.138931e+02              2             30              2              3   1.120768e+01   2.650265e-01   6.361702e-01
        232500   8.714702e-01   1.154733e+02              1             29              2              4   1.125260e+01   2.631874e-01   6.394401e-01
        233000   9.075943e-01   1.105878e+02              2             31              2              4   1.134431e+01   2.560408e-01   6.468950e-01
        233500   8.793421e-01   1.174150e+02              2             29              2              4   1.128909e+01   2.525870e-01   6.491692e-01
        234000   8.903107e-01   1.183680e+02              2             29              2              4   1.122382e+01   2.605186e-01   6.358608e-01
        234500   8.693804e-01   1.193433e+02              2             32              2              3   1.131665e+01   2.563545e-01   6.346779e-01
        235000   8.909309e-01   1.203374e+02              2             27              2              4   1.145976e+01   2.587200e-01   6.577284e-01
        235500   8.902589e-01   1.213051e+02              2             28              1              4   1.128467e+01   2.494852e-01   6.322497e-01
        236000   8.632084e-01   1.222928e+02              2             30              2              4   1.125692e+01   2.492968e-01   6.208721e-01
        236500   9.139841e-01   1.171027e+02              2             30              1              4   1.117776e+01   2.481133e-01   6.281200e-01
        237000   9.071682e-01   1.180917e+02              2             32              2              3   1.133607e+01   2.444763e-01   6.224029e-01
        237500   8.911829e-01   1.250818e+02              2             31              2              4   1.136328e+01   2.576275e-01   6.240453e-01
        238000   8.990865e-01   1.200294e+02              1             31              1              4   1.153228e+01   2.456695e-01   6.309572e-01
        238500   9.111479e-01   1.209852e+02              2             33              1              4   1.115227e+01   2.654879e-01   6.110899e-01
        239000   9.623108e-01   1.083485e+02              1             28              1              4   1.116447e+01   2.781045e-01   6.143668e-01
        239500   9.414668e-01   1.093369e+02              3             31              2              4   1.110320e+01   2.529107e-01   6.167538e-01
        240000   9.473339e-01   1.103127e+02              2             32              1              3   1.125678e+01   2.605117e-01   6.394136e-01
        240500   9.639552e-01   1.113035e+02              1             31              1              1   1.130657e+01   2.476202e-01   6.222252e-01
        241000   9.753884e-01   1.122773e+02              2             29              1              4   1.119345e+01   2.603211e-01   6.287852e-01
        241500   1.036103e+00   6.834990e+01              0             25              1              2   1.115548e+01   2.735114e-01   6.176577e-01
        242000   1.041903e+00   6.932086e+01              1             25              2              2   1.111848e+01   2.528873e-01   6.391927e-01
        242500   1.063254e+00   7.028612e+01              1             25              1              2   1.102852e+01   2.610406e-01   6.234233e-01
        243000   1.121495e+00   4.631123e+01              1             25              1              3   1.123123e+01   2.826731e-01   6.379645e-01
        243500   1.187711e+00   2.667726e+01              2             24              1              2   1.139018e+01   2.852860e-01   6.570978e-01
        244000   1.207778e+00   1.382313e+01              1             25              1              3   1.132111e+01   2.763652e-01   6.521456e-01
        244500   1.211512e+00   1.480686e+01              1             23              2              3   1.094129e+01   2.980784e-01   6.207152e-01
        245000   1.248811e+00   1.578777e+01              1             22              2              2   1.091380e+01   3.066406e-01   6.179270e-01
        245500   1.246810e+00   8.765741e+00              0             19              2              2   1.074034e+01   3.070595e-01   6.259701e-01
        246000   1.231177e+00   1.764736e+01              0             21              2              2   1.105891e+01   3.305429e-01   6.291364e-01
        246500   1.201845e+00   3.167705e+01              0             24              2              2   1.100240e+01   3.321514e-01   6.097596e-01
        247000   1.265411e+00   1.150387e+01              0             20              1              1   1.072762e+01   3.163924e-01   6.086335e-01
        247500   1.302019e+00   7.359467e+00              0             26              2              2   1.108561e+01   3.139858e-01   6.323627e-01
        248000   1.298987e+00   8.326982e+00              1             19              2              2   1.092937e+01   2.971939e-01   6.222545e-01
        248500   1.254000e+00   1.443724e+01              1             23              1              2   1.101541e+01   3.166546e-01   6.377711e-01
        249000   1.276105e+00   1.541742e+01              1             26              2              2   1.074836e+01   3.354182e-01   6.382866e-01
        249500   1.273110e+00   1.641220e+01              1             25              2              1   1.086658e+01   3.152834e-01   6.363204e-01
        250000   1.255916e+00   2.465900e+01              1             24              2              2   1.097097e+01   3.323519e-01   6.544519e-01
        250500   1.270886e+00   1.838911e+01              1             25              2              2   1.109616e+01   3.038066e-01   6.639012e-01
        251000   1.276213e+00   1.937385e+01              1             25              2              2   1.104442e+01   3.077145e-01   6.545235e-01
        251500   1.264265e+00   2.036261e+01              1             25              2              2   1.135320e+01   3.020678e-01   6.549452e-01
        252000   1.303717e+00   1.532142e+01              1             25              2              2   1.109325e+01   3.061439e-01   6.575314e-01
        252500   1.304929e+00   1.630860e+01              1             24              2              2   1.124964e+01   3.023085e-01   6.608582e-01
        253000   1.325727e+00   1.730432e+01              1             24              1              2   1.123334e+01   2.919632e-01   6.548280e-01
        253500   1.365798e+00   1.223976e+01              0             19              1              1   1.143056e+01   3.017548e-01   6.773558e-01
        254000   1.343804e+00   1.916978e+01              0             21              1              2   1.126668e+01   2.887113e-01   6.589122e-01
        254500   1.374152e+00   1.419241e+01              0             21              1              1   1.123620e+01   2.866509e-01   6.471062e-01
        255000   1.389181e+00   1.516034e+01              0             23              1              1   1.124225e+01   2.832669e-01   6.492325e-01
        255500   1.441725e+00   1.039868e+01              0             20              1              1   1.121332e+01   2.746877e-01   6.493542e-01
        256000   1.438575e+00   1.137427e+01              0             23              1              1   1.125470e+01   2.778388e-01   6.474413e-01
        256500   1.477814e+00   7.724742e+00              0             21              1              1   1.143371e+01   2.760273e-01   6.633774e-01
        257000   1.458518e+00   8.719863e+00              0             21              1              1   1.135296e+01   2.836075e-01   6.534041e-01
        257500   1.478939e+00   9.709485e+00              0             20              1              1   1.145201e+01   2.783949e-01   6.626969e-01
        258000   1.481582e+00   1.069197e+01              0             22              1              1   1.128315e+01   2.883778e-01   6.495603e-01
        258500   1.523939e+00   7.879603e+00              0             17              1              0   1.126947e+01   2.947494e-01   6.508744e-01
        259000   1.489294e+00   1.256763e+01              0             19              1              1   1.136327e+01   3.136537e-01   6.523099e-01
        259500   1.501659e+00   9.835009e+00              0             21              1              1   1.152467e+01   3.001239e-01   6.452558e-01
        260000   1.546606e+00   7.138055e+00              0             19              1              1   1.140182e+01   3.133436e-01   6.512839e-01
        260500   1.574178e+00   8.128628e+00              0             15              1              0   1.117800e+01   3.469013e-01   6.322863e-01
        261000   1.577242e+00   9.120657e+00              0             14              1              1   1.128824e+01   3.426475e-01   6.309303e-01
        261500   1.582502e+00   1.011307e+01              0             16              1              1   1.106935e+01   3.552574e-01   6.195380e-01
        262000   1.580501e+00   1.108487e+01              0             16              1              1   1.148899e+01   3.822140e-01   6.255179e-01
        262500   1.550981e+00   1.516883e+01              0             15              1              0   1.147333e+01   3.430028e-01   6.285829e-01
        263000   1.518362e+00   1.616168e+01              0             15              1              1   1.150600e+01   3.394794e-01   6.378724e-01
        263500   1.562015e+00   1.391378e+01              0             16              1              0   1.142442e+01   3.447461e-01   6.175814e-01
        264000   1.544130e+00   1.810427e+01              0             13              2              1   1.138772e+01   3.191763e-01   6.189431e-01
        264500   1.594114e+00   1.584750e+01              0             14              2              0   1.124108e+01   3.454476e-01   5.918368e-01
        265000   1.618826e+00   1.229809e+01              0             15              2              0   1.137885e+01   3.297452e-01   6.141475e-01
        265500   1.666585e+00   8.470429e+00              0             14              2              0   1.137294e+01   3.468684e-01   6.146857e-01
        266000   1.668308e+00   9.464584e+00              0             12              0              0   1.140709e+01   3.509775e-01   6.106910e-01
        266500   1.699366e+00   6.373431e+00              0             10              0              0   1.121329e+01   3.588046e-01   6.027587e-01
        267000   1.665262e+00   1.142517e+01              0             12              0              0   1.135915e+01   3.668242e-01   5.993726e-01
        267500   1.660780e+00   1.241689e+01              0             11              0              0   1.154114e+01   3.481968e-01   6.150333e-01
        268000   1.680769e+00   1.341145e+01              0             12              0              0   1.128016e+01   3.521887e-01   6.148646e-01
        268500   1.665658e+00   1.440537e+01              0             13              0              0   1.115445e+01   3.580350e-01   6.035905e-01
        269000   1.650147e+00   1.540130e+01              0             13              0              0   1.139887e+01   3.467114e-01   6.090307e-01
        269500   1.620961e+00   2.029271e+01              0             12              0              0   1.139483e+01   3.342243e-01   6.113358e-01
        270000   1.602114e+00   2.342383e+01              0             13              0              0   1.105716e+01   3.184827e-01   6.027194e-01
        270500   1.629118e+00   2.224870e+01              0             12              0              0   1.127261e+01   3.304131e-01   6.056193e-01
        271000   1.738666e+00   7.931732e+00              0              9              0              0   1.107665e+01   3.424245e-01   5.989365e-01
        271500   1.692343e+00   1.428434e+01              0              9              0              0   1.125855e+01   3.156516e-01   6.002644e-01
        272000   1.733956e+00   1.527498e+01              0              6              0              0   1.128734e+01   3.148584e-01   6.099665e-01
        272500   1.724460e+00   1.626978e+01              0              9              0              0   1.118070e+01   3.199001e-01   6.101862e-01
        273000   1.784301e+00   1.141040e+01              0              6              0              0   1.141622e+01   3.316106e-01   6.086746e-01
        273500   1.824737e+00   7.342177e+00              0              7              0              0   1.127949e+01   3.367946e-01   6.107260e-01
        274000   1.803953e+00   8.329473e+00              0              7              0              0   1.144311e+01   3.412858e-01   6.106038e-01
        274500   1.826283e+00   9.325529e+00              0              5              0              0   1.163761e+01   3.657407e-01   6.173985e-01
        275000   1.869852e+00   6.487382e+00              0              5              0              0   1.142384e+01   3.501107e-01   6.168891e-01
        275500   1.875149e+00   7.478875e+00              0              3              0              0   1.145307e+01   3.634736e-01   6.018518e-01
        276000   1.889831e+00   8.463361e+00              0              4              0              0   1.114751e+01   3.615448e-01   5.913508e-01
        276500   1.926996e+00   6.453434e+00              0              4              0              0   1.135719e+01   3.317805e-01   6.056787e-01
        277000   1.943940e+00   4.870102e+00              0              3              0              0   1.076251e+01   3.397582e-01   5.817432e-01
        277500   2.032151e+00   3.654852e+00              0              3              0              0   1.069210e+01   3.416897e-01   5.796813e-01
        278000   2.062090e+00   2.958530e+00              0              2              0              0   1.053615e+01   3.371085e-01   5.659113e-01
        278500   2.043574e+00   5.555094e+00              0              1              0              0   1.064274e+01   3.073752e-01   5.761031e-01
        279000   1.996240e+00   8.131704e+00              0              1              0              0   1.029489e+01   3.272794e-01   5.632117e-01
        279500   2.003059e+00   7.473515e+00              0              3              0              0   1.089598e+01   3.357310e-01   5.802453e-01
        280000   2.000993e+00   1.009637e+01              0              3              0              0   1.081209e+01   3.312792e-01   5.844782e-01
        280500   2.055163e+00   7.135999e+00              0              3              0              0   1.091356e+01   3.304584e-01   5.829733e-01
        281000   2.062229e+00   8.123041e+00              0              2              0              0   1.050562e+01   3.458982e-01   5.604674e-01
        281500   2.101915e+00   9.111233e+00              0              0              0              0   1.022326e+01   3.626733e-01   5.501516e-01
        282000   2.134283e+00   7.298612e+00              0              0              0              0   1.065703e+01   3.417467e-01   5.674236e-01
        282500   2.181700e+00   5.445454e+00              0              0              0              0   1.083238e+01   3.360887e-01   5.756206e-01
        283000   2.151493e+00   6.431719e+00              0              0              0              0   1.107811e+01   3.431978e-01   5.945914e-01
        283500   2.107507e+00   1.006800e+01              0              1              0              0   1.095876e+01   3.595293e-01   5.722236e-01
        284000   2.073236e+00   1.317928e+01              0              1              0              0   1.131293e+01   3.509291e-01   5.904023e-01
        284500   2.116885e+00   1.194304e+01              0              1              0              0   1.135926e+01   3.803136e-01   5.868803e-01
        285000   2.113357e+00   1.290777e+01              0              0              0              0   1.113482e+01   3.937458e-01   5.754556e-01
        285500   2.043603e+00   1.634520e+01              0              1              0              0   1.141947e+01   3.760813e-01   5.874480e-01
        286000   2.003936e+00   1.611461e+01              0              2              0              0   1.108496e+01   3.599808e-01   5.765154e-01
        286500   1.958990e+00   1.709823e+01              0              3              0              0   1.113577e+01   3.635012e-01   5.747058e-01
        287000   1.918671e+00   1.640421e+01              0              3              0              0   1.064512e+01   3.412261e-01   5.675681e-01
        287500   1.902767e+00   1.739597e+01              0              3              0              0   1.064610e+01   3.313244e-01   5.717298e-01
        288000   1.865872e+00   1.711925e+01              0              6              0              0   1.062249e+01   3.168593e-01   5.789683e-01
        288500   1.836773e+00   1.785970e+01              0              4              0              0   1.044968e+01   3.154765e-01   5.793673e-01
        289000   1.811393e+00   1.884722e+01              0              4              0              0   1.050270e+01   3.079773e-01   5.780234e-01
        289500   1.806209e+00   1.983846e+01              0              4              0              0   1.074985e+01   3.249598e-01   5.870403e-01
        290000   1.787161e+00   2.173330e+01              0              4              0              0   1.052852e+01   3.242660e-01   5.807527e-01
        290500   1.852698e+00   2.148956e+01              0              4              0              0   1.098852e+01   3.062236e-01   5.987494e-01
        291000   1.909157e+00   2.232549e+01              0              3              0              0   1.102669e+01   3.043908e-01   6.012560e-01
        291500   1.935551e+00   2.331777e+01              0              2              0              0   1.054807e+01   3.162105e-01   5.833968e-01
        292000   1.962126e+00   2.385559e+01              0              2              0              0   1.039469e+01   3.154395e-01   5.682622e-01
        292500   2.001928e+00   2.483670e+01              0              3              0              0   1.092598e+01   2.859747e-01   6.018866e-01
        293000   2.010225e+00   2.573548e+01              0              1              0              0   1.080338e+01   3.046713e-01   6.088218e-01
        293500   1.983999e+00   2.670491e+01              0              2              0              0   1.071571e+01   3.216115e-01   5.921508e-01
        294000   1.992690e+00   2.769749e+01              0              3              0              0   1.065886e+01   3.154886e-01   5.805711e-01
        294500   2.022536e+00   2.720809e+01              0              1              0              0   1.071535e+01   3.097218e-01   5.852528e-01
        295000   2.004020e+00   2.953319e+01              0              1              0              0   1.110499e+01   3.014272e-01   6.037298e-01
        295500   2.026035e+00   2.917254e+01              0              0              0              0   1.071359e+01   3.136198e-01   5.812526e-01
        296000   2.120679e+00   1.989648e+01              0              0              0              0   1.086028e+01   3.012253e-01   5.969336e-01
        296500   2.150217e+00   1.410107e+01              0              0              0              0   1.075238e+01   3.097667e-01   6.021110e-01
        297000   2.175929e+00   1.508566e+01              0              0              0              0   1.076350e+01   3.015395e-01   5.945596e-01
        297500   2.259019e+00   5.426869e+00              0              0              0              0   1.064912e+01   3.009423e-01   5.911388e-01
        298000   2.267484e+00   6.418933e+00              0              0              0              0   1.058730e+01   2.947313e-01   5.912428e-01
        298500   2.295318e+00   7.411675e+00              0              0              0              0   1.060691e+01   2.961587e-01   5.845470e-01
        299000   2.345977e+00   5.286390e+00              0              0              0              0   1.069512e+01   2.884953e-01   5.869783e-01
        299500   2.329609e+00   6.229187e+00              0              0              0              0   1.079571e+01   2.806794e-01   5.988396e-01
        300000   2.355114e+00   4.989133e+00              0              0              0              0   1.038389e+01   3.154463e-01   5.762157e-01
        300500   2.338658e+00   8.170692e+00              0              0              0              0   1.076654e+01   3.104449e-01   5.955146e-01
        301000   2.427921e+00   4.691534e+00              0              0              0              0   1.065835e+01   3.202587e-01   5.922970e-01
        301500   2.405200e+00   5.678046e+00              0              0              0              0   1.079607e+01   3.174815e-01   5.915321e-01
        302000   2.434708e+00   6.649701e+00              0              0              0              0   1.105528e+01   3.092935e-01   6.012863e-01
        302500   2.457997e+00   7.620765e+00              0              0              0              0   1.070120e+01   3.064285e-01   5.949574e-01
        303000   2.464170e+00   6.344618e+00              0              0              0              0   1.076441e+01   3.120946e-01   5.962776e-01
        303500   2.423559e+00   9.477206e+00              0              0              0              0   1.098762e+01   3.152469e-01   5.945515e-01
        304000   2.483056e+00   8.213791e+00              0              0              0              0   1.119810e+01   3.143436e-01   6.271497e-01
