          step              r      E_metad_r      n_cont_CA   n_cont_heavy       n_saltbr        n_hbond           SASA           RMSD             Rg 
             0   4.629278e-01   0.000000e+00              4             55              4              7   1.172751e+01   0.000000e+00   6.459176e-01
           500   4.736926e-01   9.910751e-01              5             55              4              8   1.171840e+01   4.613160e-02   6.428122e-01
          1000   4.617352e-01   1.979527e+00              5             54              4              7   1.155146e+01   6.115418e-02   6.313248e-01
          1500   4.725605e-01   2.975632e+00              4             55              4              7   1.168111e+01   6.177537e-02   6.361665e-01
          2000   4.712985e-01   3.969708e+00              4             54              3              8   1.168699e+01   6.318076e-02   6.401549e-01
          2500   4.521223e-01   4.956234e+00              5             54              3              6   1.169621e+01   6.556126e-02   6.342151e-01
          3000   4.518985e-01   5.352066e+00              3             55              2              6   1.156448e+01   7.608195e-02   6.398214e-01
          3500   4.519745e-01   6.320111e+00              4             54              2              7   1.160421e+01   6.824318e-02   6.387968e-01
          4000   4.619747e-01   7.870150e+00              5             54              3              6   1.144515e+01   7.044559e-02   6.300179e-01
          4500   4.695598e-01   8.849595e+00              4             54              3              6   1.152911e+01   7.402208e-02   6.184725e-01
          5000   4.671553e-01   9.840640e+00              5             54              4              8   1.171100e+01   6.060366e-02   6.410698e-01
          5500   4.647508e-01   1.083180e+01              4             54              4              8   1.153199e+01   7.187905e-02   6.253013e-01
          6000   4.644269e-01   1.180164e+01              5             55              4              6   1.161282e+01   8.797120e-02   6.339046e-01
          6500   4.858247e-01   1.279607e+01              4             52              4              6   1.162654e+01   7.295610e-02   6.371743e-01
          7000   4.782303e-01   1.379121e+01              5             56              4              8   1.150569e+01   5.750002e-02   6.250638e-01
          7500   4.741295e-01   1.478783e+01              5             54              4              7   1.148907e+01   7.645217e-02   6.247375e-01
          8000   4.805739e-01   1.578378e+01              4             56              3              8   1.159128e+01   6.007192e-02   6.331969e-01
          8500   4.782364e-01   1.678087e+01              4             54              4              6   1.129878e+01   6.311442e-02   6.186474e-01
          9000   4.662773e-01   1.777628e+01              5             54              4              7   1.136601e+01   6.947874e-02   6.162027e-01
          9500   4.667625e-01   1.876787e+01              4             53              2              6   1.156504e+01   7.253941e-02   6.271203e-01
         10000   4.786779e-01   1.975870e+01              4             50              2              6   1.149689e+01   9.821062e-02   6.211564e-01
         10500   4.562905e-01   1.903233e+01              4             53              4              7   1.162269e+01   7.696589e-02   6.366603e-01
         11000   4.754753e-01   2.174490e+01              5             52              3              6   1.142943e+01   1.061637e-01   6.178179e-01
         11500   4.902169e-01   2.273699e+01              5             52              3              7   1.139772e+01   8.056704e-02   6.178043e-01
         12000   4.662423e-01   2.373039e+01              4             52              3              7   1.147560e+01   7.564556e-02   6.215606e-01
         12500   4.693158e-01   2.472325e+01              5             55              4              6   1.169009e+01   6.828609e-02   6.379904e-01
         13000   4.557462e-01   2.570920e+01              4             55              4              7   1.134687e+01   9.135241e-02   6.124138e-01
         13500   4.786019e-01   2.669314e+01              3             52              4              6   1.156638e+01   7.883717e-02   6.190707e-01
         14000   4.767838e-01   2.768809e+01              4             53              3              8   1.153510e+01   1.001730e-01   6.216127e-01
         14500   4.754374e-01   2.868180e+01              3             52              4              7   1.154343e+01   1.063771e-01   6.148964e-01
         15000   4.850958e-01   2.965031e+01              4             51              4              8   1.155346e+01   1.065039e-01   6.220934e-01
         15500   4.884492e-01   3.063814e+01              3             53              4              8   1.164712e+01   1.047328e-01   6.289573e-01
         16000   4.873097e-01   3.161551e+01              4             51              4              7   1.155942e+01   9.862591e-02   6.296750e-01
         16500   4.940688e-01   3.259048e+01              3             54              3              8   1.146758e+01   8.892619e-02   6.296521e-01
         17000   4.912222e-01   3.353814e+01              2             51              4              8   1.156076e+01   8.738578e-02   6.270975e-01
         17500   4.641448e-01   3.092054e+01              3             54              3              8   1.150138e+01   7.228871e-02   6.289379e-01
         18000   4.881317e-01   3.550956e+01              4             54              3              7   1.175555e+01   7.185536e-02   6.338598e-01
         18500   4.929622e-01   3.648499e+01              3             53              3              7   1.170004e+01   6.235487e-02   6.346753e-01
         19000   4.800625e-01   3.748059e+01              4             52              4              8   1.173275e+01   6.827163e-02   6.350816e-01
         19500   4.829913e-01   3.847500e+01              4             53              3              7   1.150660e+01   8.329658e-02   6.307671e-01
         20000   4.850907e-01   3.946509e+01              5             51              2              5   1.138713e+01   8.762205e-02   6.244333e-01
         20500   4.794770e-01   4.046123e+01              2             51              4              7   1.159377e+01   8.917862e-02   6.356493e-01
         21000   4.958282e-01   3.660452e+01              3             53              3              6   1.156948e+01   9.186364e-02   6.388697e-01
         21500   5.013855e-01   3.757073e+01              3             51              4              7   1.141784e+01   9.402136e-02   6.325391e-01
         22000   4.891068e-01   4.331832e+01              4             52              3              6   1.146265e+01   8.958407e-02   6.328731e-01
         22500   4.919197e-01   3.947432e+01              4             55              4              7   1.144828e+01   9.746423e-02   6.244496e-01
         23000   4.783827e-01   4.529473e+01              5             54              4              7   1.149917e+01   9.398005e-02   6.307734e-01
         23500   4.898999e-01   4.628798e+01              3             52              4              7   1.153654e+01   9.294693e-02   6.302455e-01
         24000   4.922191e-01   4.727916e+01              4             53              3              7   1.135587e+01   9.356780e-02   6.155029e-01
         24500   5.044163e-01   4.315224e+01              3             55              3              6   1.151205e+01   1.067750e-01   6.233141e-01
         25000   4.710395e-01   4.925033e+01              5             55              2              7   1.139858e+01   9.535193e-02   6.209773e-01
         25500   4.904895e-01   5.024716e+01              3             53              2              6   1.129057e+01   1.274381e-01   6.219317e-01
         26000   4.988179e-01   4.593078e+01              4             52              2              7   1.111688e+01   1.317049e-01   6.112554e-01
         26500   4.735418e-01   5.220388e+01              5             52              4              8   1.111027e+01   1.457947e-01   6.092355e-01
         27000   5.010591e-01   4.773860e+01              3             52              4              7   1.142096e+01   1.318687e-01   6.293355e-01
         27500   4.833686e-01   5.417436e+01              5             55              4              8   1.123987e+01   1.225579e-01   6.141351e-01
         28000   4.977700e-01   4.962316e+01              4             51              3              7   1.134998e+01   1.230563e-01   6.187503e-01
         28500   4.804450e-01   5.611347e+01              4             53              4              8   1.141694e+01   1.156748e-01   6.257788e-01
         29000   4.974584e-01   5.709325e+01              5             53              3              6   1.119497e+01   1.310812e-01   6.129300e-01
         29500   4.950557e-01   5.240960e+01              4             53              4              7   1.134297e+01   1.236830e-01   6.225796e-01
         30000   4.982013e-01   5.337022e+01              3             53              4              8   1.137387e+01   1.103534e-01   6.236511e-01
         30500   5.198645e-01   5.433345e+01              3             52              4              6   1.155118e+01   1.000148e-01   6.341972e-01
         31000   4.752831e-01   6.095920e+01              3             53              3              8   1.149045e+01   9.784266e-02   6.280533e-01
         31500   5.008306e-01   5.622766e+01              5             54              4              7   1.139115e+01   1.210828e-01   6.247908e-01
         32000   4.823034e-01   6.290864e+01              3             52              4              7   1.137988e+01   1.087795e-01   6.299868e-01
         32500   4.952848e-01   6.389517e+01              5             55              4              8   1.132275e+01   8.510153e-02   6.276613e-01
         33000   4.686359e-01   6.485691e+01              3             54              4              8   1.150771e+01   9.615228e-02   6.340365e-01
         33500   4.898121e-01   6.583127e+01              2             53              4              7   1.179269e+01   8.922520e-02   6.399730e-01
         34000   4.909812e-01   6.080518e+01              3             55              4              8   1.150691e+01   9.090578e-02   6.312592e-01
         34500   4.849887e-01   6.780930e+01              4             55              4              8   1.165101e+01   8.809036e-02   6.398211e-01
         35000   4.863605e-01   6.879936e+01              4             54              4              8   1.181365e+01   8.734485e-02   6.563218e-01
         35500   4.787043e-01   6.979319e+01              5             55              3              7   1.174136e+01   7.809666e-02   6.512491e-01
         36000   4.949293e-01   7.077785e+01              5             54              4              9   1.162478e+01   9.585248e-02   6.213916e-01
         36500   4.781157e-01   7.175953e+01              5             54              4              7   1.146415e+01   8.950267e-02   6.325466e-01
         37000   4.945635e-01   6.627159e+01              4             54              4              6   1.161496e+01   7.777807e-02   6.341562e-01
         37500   4.752633e-01   7.374556e+01              4             55              4              8   1.157107e+01   8.999299e-02   6.304389e-01
         38000   4.942429e-01   6.811046e+01              4             53              4              7   1.158175e+01   9.252971e-02   6.316381e-01
         38500   4.958873e-01   7.571330e+01              5             53              4              7   1.162042e+01   8.910602e-02   6.411285e-01
         39000   5.006365e-01   6.999568e+01              3             53              5              7   1.169018e+01   1.002546e-01   6.342369e-01
         39500   4.885671e-01   7.762326e+01              4             54              4              8   1.148817e+01   9.790287e-02   6.212838e-01
         40000   4.868430e-01   7.861080e+01              5             55              3              7   1.152104e+01   9.499405e-02   6.344520e-01
         40500   4.767380e-01   7.960520e+01              2             54              3              8   1.169002e+01   8.196895e-02   6.403965e-01
         41000   4.826212e-01   8.058415e+01              5             54              5              8   1.147810e+01   9.589262e-02   6.231688e-01
         41500   5.024140e-01   7.463213e+01              3             54              5              8   1.147696e+01   9.112096e-02   6.319216e-01
         42000   4.800601e-01   8.248694e+01              3             55              3              7   1.170537e+01   8.661808e-02   6.347215e-01
         42500   4.901685e-01   8.347718e+01              4             54              5              7   1.154544e+01   9.030733e-02   6.330775e-01
         43000   4.796147e-01   8.447407e+01              5             54              3              8   1.170883e+01   8.768500e-02   6.475791e-01
         43500   4.810406e-01   8.547059e+01              4             55              5              7   1.151836e+01   7.692251e-02   6.236210e-01
         44000   4.878609e-01   8.642161e+01              5             54              3              7   1.144608e+01   9.610444e-02   6.241977e-01
         44500   5.132130e-01   8.008391e+01              4             52              3              7   1.155110e+01   9.386909e-02   6.285354e-01
         45000   4.627357e-01   8.832606e+01              4             56              4              8   1.178610e+01   9.110563e-02   6.343888e-01
         45500   4.938842e-01   8.931137e+01              4             52              4              6   1.150517e+01   9.891006e-02   6.192623e-01
         46000   5.114519e-01   8.291423e+01              3             52              4              6   1.142726e+01   9.343193e-02   6.185387e-01
         46500   4.844129e-01   8.387517e+01              4             52              4              5   1.143539e+01   9.647938e-02   6.149996e-01
         47000   4.728178e-01   9.216804e+01              5             55              4              8   1.152590e+01   9.526044e-02   6.205687e-01
         47500   4.624368e-01   9.314055e+01              4             56              4              7   1.155131e+01   7.949714e-02   6.276394e-01
         48000   4.784175e-01   9.413424e+01              5             54              4              7   1.148540e+01   8.166505e-02   6.221644e-01
         48500   4.877928e-01   9.511632e+01              4             52              4              7   1.181699e+01   9.097581e-02   6.310259e-01
         49000   4.899034e-01   9.609564e+01              4             53              4              8   1.146409e+01   8.381347e-02   6.226652e-01
         49500   4.768989e-01   9.708700e+01              5             54              4              8   1.151315e+01   8.494651e-02   6.303836e-01
         50000   4.740328e-01   9.808143e+01              3             55              4              6   1.174771e+01   8.185335e-02   6.456846e-01
         50500   5.026855e-01   9.104940e+01              5             53              4              5   1.170606e+01   8.488273e-02   6.446222e-01
         51000   4.769954e-01   9.993773e+01              5             55              3              7   1.168942e+01   8.562661e-02   6.393895e-01
         51500   4.732192e-01   1.009195e+02              5             55              4              7   1.168059e+01   8.387968e-02   6.417206e-01
         52000   4.610302e-01   1.018500e+02              4             55              4              7   1.178465e+01   9.714326e-02   6.386376e-01
         52500   5.394793e-01   6.867248e+01              4             50              3              6   1.167964e+01   1.220988e-01   6.449444e-01
         53000   5.232042e-01   9.569356e+01              5             55              4              7   1.155879e+01   1.052881e-01   6.391657e-01
         53500   5.020359e-01   9.669160e+01              4             54              3              7   1.161312e+01   1.003717e-01   6.397357e-01
         54000   4.828141e-01   1.054115e+02              5             55              4              7   1.153426e+01   1.063064e-01   6.315997e-01
         54500   4.855590e-01   1.064047e+02              5             54              4              7   1.162559e+01   9.877912e-02   6.372072e-01
         55000   5.054397e-01   9.950465e+01              4             55              4              6   1.147896e+01   9.918756e-02   6.327780e-01
         55500   4.830859e-01   1.082933e+02              5             54              3              6   1.169392e+01   1.080869e-01   6.354648e-01
         56000   4.908518e-01   1.092874e+02              4             54              4              6   1.151198e+01   9.226947e-02   6.285937e-01
         56500   4.838743e-01   1.102852e+02              5             55              3              6   1.158459e+01   1.096419e-01   6.283366e-01
         57000   5.093118e-01   1.032072e+02              2             52              4              6   1.169422e+01   9.407097e-02   6.245644e-01
         57500   4.915060e-01   1.041223e+02              4             53              4              7   1.165641e+01   1.099948e-01   6.167686e-01
         58000   4.871814e-01   1.131965e+02              4             52              4              7   1.139698e+01   9.969072e-02   6.141159e-01
         58500   4.904805e-01   1.141642e+02              4             52              4              7   1.157455e+01   9.597038e-02   6.380415e-01
         59000   4.712023e-01   1.151589e+02              4             55              4              8   1.152297e+01   8.369146e-02   6.292241e-01
         59500   4.854686e-01   1.161560e+02              4             53              4              7   1.162248e+01   8.596365e-02   6.372186e-01
         60000   4.605722e-01   9.932021e+01              5             55              4              8   1.121163e+01   1.030553e-01   6.181831e-01
         60500   4.871260e-01   1.180916e+02              3             53              4              8   1.136408e+01   7.674164e-02   6.268526e-01
         61000   4.623034e-01   1.190566e+02              5             53              3              8   1.159848e+01   9.619017e-02   6.254125e-01
         61500   4.738555e-01   1.110751e+02              5             56              4              8   1.163045e+01   8.223445e-02   6.380550e-01
         62000   4.841547e-01   1.119079e+02              5             53              3              8   1.171654e+01   8.956924e-02   6.324890e-01
         62500   4.606213e-01   1.038816e+02              5             55              2              7   1.168849e+01   8.898018e-02   6.354350e-01
         63000   4.538247e-01   1.048744e+02              5             56              3              7   1.156255e+01   9.238567e-02   6.347584e-01
         63500   4.813309e-01   1.238328e+02              4             53              4              7   1.167725e+01   9.848802e-02   6.415150e-01
         64000   4.748035e-01   1.248257e+02              4             55              3              8   1.156878e+01   8.007302e-02   6.385290e-01
         64500   4.633853e-01   1.258127e+02              4             56              4              8   1.173569e+01   8.275714e-02   6.384626e-01
         65000   4.781484e-01   1.268104e+02              4             55              4              7   1.154442e+01   7.846735e-02   6.292524e-01
         65500   4.704664e-01   1.278033e+02              4             53              4              8   1.187975e+01   7.826178e-02   6.543767e-01
         66000   4.882512e-01   1.184918e+02              4             54              4              8   1.157612e+01   9.196332e-02   6.342496e-01
         66500   4.755521e-01   1.297667e+02              4             55              4              7   1.145269e+01   9.927852e-02   6.213681e-01
         67000   4.457254e-01   1.120453e+02              5             56              4              7   1.146247e+01   9.258307e-02   6.164353e-01
         67500   4.529222e-01   1.130376e+02              5             56              4              8   1.148648e+01   7.908779e-02   6.228882e-01
         68000   4.535916e-01   1.140311e+02              5             55              4              9   1.160007e+01   8.035157e-02   6.344077e-01
         68500   4.756905e-01   1.334214e+02              4             56              4              6   1.156008e+01   8.081650e-02   6.325992e-01
         69000   4.812501e-01   1.344188e+02              3             55              4              7   1.152114e+01   7.880045e-02   6.292788e-01
         69500   4.654153e-01   1.353488e+02              5             52              3              8   1.146519e+01   7.637060e-02   6.281377e-01
         70000   4.585745e-01   1.363297e+02              5             53              4              8   1.153541e+01   8.956315e-02   6.290106e-01
         70500   4.510198e-01   1.187094e+02              5             53              4              8   1.150209e+01   9.001721e-02   6.293050e-01
         71000   4.571666e-01   1.196913e+02              4             52              4              8   1.156166e+01   9.759904e-02   6.318851e-01
         71500   4.460716e-01   1.206872e+02              4             54              4              7   1.141202e+01   9.435043e-02   6.239526e-01
         72000   4.517816e-01   1.216822e+02              4             54              4              8   1.141447e+01   8.303694e-02   6.252294e-01
         72500   4.511634e-01   1.226762e+02              4             53              4              7   1.156878e+01   9.341262e-02   6.318408e-01
         73000   4.495913e-01   1.236596e+02              4             55              4              7   1.161562e+01   8.572083e-02   6.313460e-01
         73500   4.649028e-01   1.426243e+02              4             54              4              8   1.132553e+01   9.438364e-02   6.288620e-01
         74000   4.481601e-01   1.256407e+02              4             55              4              8   1.163370e+01   8.777545e-02   6.530997e-01
         74500   4.500164e-01   1.266365e+02              4             52              4              5   1.166367e+01   1.060295e-01   6.355115e-01
         75000   4.440039e-01   1.276346e+02              4             56              4              8   1.151090e+01   9.175197e-02   6.441459e-01
         75500   4.266640e-01   8.971693e+01              4             56              4              9   1.144960e+01   9.694531e-02   6.359999e-01
         76000   4.350623e-01   1.295839e+02              3             55              4              8   1.150788e+01   9.479342e-02   6.454346e-01
         76500   4.332812e-01   1.305654e+02              5             56              4              9   1.140985e+01   9.565685e-02   6.375742e-01
         77000   4.602972e-01   1.315594e+02              4             56              4              7   1.153547e+01   8.963273e-02   6.264929e-01
         77500   4.368528e-01   1.325419e+02              4             56              4              6   1.147189e+01   9.179391e-02   6.266217e-01
         78000   4.506066e-01   1.335238e+02              5             56              4              7   1.143847e+01   8.744345e-02   6.301048e-01
         78500   4.534102e-01   1.345190e+02              4             54              3              5   1.145673e+01   8.679328e-02   6.255538e-01
         79000   4.554904e-01   1.355151e+02              4             54              4              8   1.139690e+01   9.040647e-02   6.233138e-01
         79500   4.393567e-01   1.365090e+02              5             56              4              9   1.149773e+01   8.485384e-02   6.337838e-01
         80000   4.567960e-01   1.375014e+02              5             56              4              8   1.154545e+01   8.228166e-02   6.394306e-01
         80500   4.468872e-01   1.384961e+02              5             56              4              8   1.157949e+01   7.865768e-02   6.354667e-01
         81000   4.486157e-01   1.394931e+02              5             56              4              9   1.164175e+01   7.917903e-02   6.395041e-01
         81500   4.556032e-01   1.404915e+02              4             54              4              7   1.157044e+01   9.549043e-02   6.430075e-01
         82000   4.684536e-01   1.571982e+02              3             55              4              9   1.143245e+01   9.081919e-02   6.282666e-01
         82500   4.716154e-01   1.581948e+02              5             54              4              9   1.151599e+01   8.631280e-02   6.237788e-01
         83000   4.590592e-01   1.591786e+02              5             55              4              9   1.174465e+01   8.354523e-02   6.361066e-01
         83500   5.136777e-01   1.414472e+02              4             54              3              8   1.160827e+01   7.814679e-02   6.427637e-01
         84000   4.980429e-01   1.424446e+02              5             55              4              8   1.154537e+01   8.398356e-02   6.279228e-01
         84500   5.236673e-01   1.434302e+02              2             47              4              5   1.162283e+01   8.408692e-02   6.285420e-01
         85000   5.184555e-01   1.019846e+02              4             52              4              8   1.167572e+01   8.713245e-02   6.416778e-01
         85500   5.133892e-01   1.453348e+02              3             53              4              7   1.178297e+01   7.973371e-02   6.462469e-01
         86000   5.261057e-01   1.039458e+02              4             52              4              7   1.166382e+01   8.467301e-02   6.336261e-01
         86500   5.460620e-01   1.049365e+02              3             51              4              5   1.161952e+01   9.280023e-02   6.387858e-01
         87000   5.409239e-01   1.059265e+02              1             49              4              6   1.175547e+01   9.211171e-02   6.500781e-01
         87500   5.688831e-01   6.159262e+01              1             47              4              6   1.180670e+01   9.562017e-02   6.488057e-01
         88000   5.753413e-01   1.078658e+02              3             46              4              6   1.178842e+01   1.176189e-01   6.702418e-01
         88500   5.729960e-01   6.354100e+01              2             48              4              6   1.184484e+01   1.133970e-01   6.677722e-01
         89000   5.597844e-01   6.450324e+01              2             46              4              6   1.202126e+01   1.087360e-01   6.763225e-01
         89500   5.817281e-01   6.548989e+01              3             45              4              6   1.162867e+01   1.187781e-01   6.592209e-01
         90000   5.967596e-01   6.648038e+01              2             42              4              5   1.176031e+01   1.258803e-01   6.542718e-01
         90500   6.024994e-01   6.747106e+01              2             41              3              4   1.161288e+01   1.154308e-01   6.359229e-01
         91000   6.286287e-01   6.843604e+01              2             39              4              6   1.161191e+01   1.289575e-01   6.465016e-01
         91500   6.786612e-01   3.535220e+01              2             31              4              6   1.165942e+01   1.435284e-01   6.517896e-01
         92000   6.673444e-01   3.633261e+01              2             34              4              6   1.150586e+01   1.506142e-01   6.359463e-01
         92500   6.767693e-01   1.736084e+01              2             32              4              5   1.160476e+01   1.492300e-01   6.537118e-01
         93000   6.523854e-01   3.830391e+01              2             29              3              5   1.152212e+01   1.600744e-01   6.604911e-01
         93500   6.434680e-01   3.929564e+01              2             33              3              7   1.155693e+01   1.701728e-01   6.582506e-01
         94000   6.606540e-01   4.028871e+01              3             30              3              5   1.172121e+01   1.374361e-01   6.636571e-01
         94500   6.384726e-01   4.127971e+01              3             35              4              5   1.152521e+01   1.474311e-01   6.488312e-01
         95000   6.324737e-01   7.528874e+01              3             34              4              7   1.161365e+01   1.500337e-01   6.540658e-01
         95500   6.435363e-01   4.325472e+01              2             30              4              7   1.161965e+01   1.822922e-01   6.598220e-01
         96000   6.491692e-01   4.424501e+01              1             32              4              5   1.162712e+01   1.619410e-01   6.632864e-01
         96500   6.381382e-01   4.523426e+01              3             35              4              6   1.173947e+01   1.580196e-01   6.670792e-01
         97000   6.436513e-01   4.622157e+01              2             34              4              6   1.176561e+01   1.643317e-01   6.748775e-01
         97500   6.447035e-01   4.721422e+01              3             34              4              5   1.177279e+01   1.579937e-01   6.672383e-01
         98000   6.666075e-01   4.819372e+01              2             31              4              5   1.177984e+01   1.524452e-01   6.723390e-01
         98500   6.867592e-01   2.775324e+01              2             34              4              5   1.169624e+01   1.765176e-01   6.680802e-01
         99000   6.895621e-01   2.872990e+01              2             31              5              5   1.165017e+01   1.787685e-01   6.577162e-01
         99500   6.959514e-01   2.971230e+01              2             30              4              4   1.167274e+01   1.890138e-01   6.722884e-01
        100000   6.972506e-01   3.069159e+01              2             29              4              4   1.156131e+01   1.832432e-01   6.619559e-01
        100500   7.144328e-01   3.168156e+01              2             31              4              6   1.161110e+01   1.968205e-01   6.692759e-01
        101000   7.069590e-01   3.266870e+01              2             29              4              5   1.174063e+01   1.927864e-01   6.761903e-01
        101500   7.252841e-01   3.365963e+01              2             29              4              5   1.152782e+01   2.025351e-01   6.627640e-01
        102000   7.257241e-01   3.465131e+01              3             33              4              5   1.170573e+01   2.095111e-01   6.754319e-01
        102500   7.173690e-01   3.563874e+01              1             28              5              5   1.160129e+01   2.367978e-01   6.799858e-01
        103000   7.151901e-01   3.663265e+01              2             29              4              5   1.164295e+01   2.144205e-01   6.745471e-01
        103500   7.203733e-01   3.761531e+01              3             32              4              4   1.159864e+01   2.199713e-01   6.720454e-01
        104000   7.206391e-01   3.859978e+01              2             30              5              5   1.167450e+01   2.433021e-01   6.744315e-01
        104500   7.016860e-01   3.958226e+01              1             30              4              6   1.161131e+01   2.323284e-01   6.742650e-01
        105000   7.153689e-01   4.057695e+01              1             28              3              4   1.127902e+01   2.196337e-01   6.547099e-01
        105500   7.157522e-01   4.156908e+01              2             32              4              6   1.142969e+01   2.164184e-01   6.606879e-01
        106000   6.839617e-01   6.259917e+01              2             29              4              7   1.145461e+01   2.201269e-01   6.544645e-01
        106500   6.650490e-01   4.349658e+01              1             29              3              5   1.175890e+01   2.182432e-01   6.688922e-01
        107000   6.730840e-01   6.453226e+01              2             32              4              6   1.176557e+01   2.167464e-01   6.775893e-01
        107500   6.751523e-01   4.541699e+01              3             29              4              6   1.143702e+01   2.242146e-01   6.675798e-01
        108000   6.914323e-01   4.636355e+01              3             33              4              5   1.156003e+01   2.313133e-01   6.678107e-01
        108500   7.011659e-01   4.734162e+01              1             33              4              6   1.146063e+01   2.345823e-01   6.646391e-01
        109000   7.045415e-01   4.833141e+01              2             29              4              7   1.143487e+01   2.288306e-01   6.582673e-01
        109500   7.259557e-01   4.932811e+01              1             29              3              5   1.159347e+01   2.504699e-01   6.911261e-01
        110000   7.437028e-01   3.371535e+01              2             31              4              6   1.136578e+01   2.512453e-01   6.723430e-01
        110500   7.128043e-01   5.128158e+01              1             30              4              7   1.148632e+01   2.314212e-01   6.534465e-01
        111000   7.443920e-01   3.557706e+01              3             30              4              5   1.153221e+01   2.596969e-01   6.638024e-01
        111500   7.426997e-01   3.656703e+01              2             28              4              4   1.142044e+01   2.382169e-01   6.659347e-01
        112000   7.290436e-01   3.752752e+01              2             30              4              6   1.162368e+01   2.578820e-01   6.704853e-01
        112500   7.413293e-01   3.848215e+01              2             29              4              6   1.155354e+01   2.515430e-01   6.658526e-01
        113000   7.247423e-01   5.609751e+01              2             29              4              6   1.146773e+01   2.410103e-01   6.685264e-01
        113500   7.258644e-01   5.709499e+01              2             30              4              5   1.132957e+01   2.373542e-01   6.523643e-01
        114000   7.181592e-01   5.806382e+01              3             31              4              5   1.156363e+01   2.357493e-01   6.694044e-01
        114500   7.436349e-01   5.903915e+01              2             32              4              4   1.148025e+01   2.110732e-01   6.628761e-01
        115000   7.643739e-01   4.322180e+01              2             32              4              4   1.171137e+01   2.065356e-01   6.789834e-01
        115500   7.956492e-01   2.781029e+01              1             31              4              3   1.162100e+01   2.098920e-01   6.735575e-01
        116000   7.925368e-01   2.875820e+01              0             29              3              3   1.191320e+01   1.981841e-01   6.893170e-01
        116500   7.650771e-01   4.615123e+01              3             34              4              5   1.183009e+01   2.171380e-01   6.857659e-01
        117000   7.712149e-01   4.712117e+01              1             30              4              4   1.176128e+01   2.300182e-01   6.799561e-01
        117500   7.549271e-01   4.811121e+01              2             29              4              3   1.167854e+01   1.952427e-01   6.551821e-01
        118000   7.622468e-01   4.910027e+01              2             29              4              4   1.147844e+01   2.162280e-01   6.537830e-01
        118500   7.777707e-01   3.327861e+01              2             30              4              4   1.152356e+01   2.147389e-01   6.641497e-01
        119000   7.914827e-01   3.423577e+01              0             30              4              4   1.146435e+01   2.025633e-01   6.589631e-01
        119500   8.094428e-01   3.521535e+01              1             30              4              4   1.159086e+01   2.121943e-01   6.671603e-01
        120000   8.065272e-01   3.620801e+01              2             30              4              6   1.145468e+01   2.099265e-01   6.547666e-01
        120500   8.306263e-01   2.174972e+01              1             29              4              5   1.153230e+01   2.328744e-01   6.762349e-01
        121000   8.157956e-01   3.818896e+01              3             30              4              5   1.153896e+01   2.161997e-01   6.647075e-01
        121500   8.242159e-01   3.917914e+01              2             31              4              6   1.164242e+01   2.338131e-01   6.730498e-01
        122000   8.238037e-01   4.016690e+01              2             31              4              4   1.145291e+01   2.102229e-01   6.622665e-01
        122500   8.295334e-01   4.116059e+01              1             30              4              4   1.163910e+01   2.501766e-01   6.635881e-01
        123000   8.235356e-01   4.215270e+01              2             31              4              5   1.157798e+01   2.529370e-01   6.686312e-01
        123500   8.367083e-01   4.313403e+01              1             32              4              4   1.155443e+01   2.560140e-01   6.593891e-01
        124000   8.802033e-01   1.535027e+01              1             30              4              6   1.133050e+01   2.792678e-01   6.634492e-01
        124500   8.665371e-01   2.916138e+01              2             32              4              5   1.148831e+01   2.674688e-01   6.736972e-01
        125000   8.825285e-01   3.015183e+01              2             29              3              4   1.156520e+01   2.746561e-01   6.803515e-01
        125500   8.991415e-01   3.111555e+01              1             31              3              4   1.138081e+01   2.634692e-01   6.522861e-01
        126000   8.821242e-01   3.207997e+01              1             29              4              5   1.154814e+01   2.639095e-01   6.741668e-01
        126500   8.760178e-01   2.007470e+01              2             29              4              6   1.167063e+01   2.517849e-01   6.791817e-01
        127000   8.866473e-01   3.400257e+01              0             28              3              5   1.161763e+01   2.386493e-01   6.646017e-01
        127500   8.669010e-01   3.496844e+01              1             27              5              5   1.167507e+01   2.603807e-01   6.840049e-01
        128000   8.755938e-01   2.287921e+01              3             30              4              5   1.148281e+01   2.606243e-01   6.796744e-01
        128500   8.960642e-01   3.692738e+01              2             29              4              5   1.175609e+01   2.838033e-01   7.035012e-01
        129000   8.826465e-01   3.790378e+01              2             30              4              6   1.151728e+01   2.646586e-01   6.800841e-01
        129500   8.914437e-01   2.575912e+01              0             29              4              4   1.137261e+01   2.504851e-01   6.731814e-01
        130000   9.167772e-01   2.670469e+01              1             27              3              4   1.166493e+01   2.747730e-01   6.930081e-01
        130500   8.847419e-01   4.075572e+01              2             30              4              6   1.184925e+01   2.883899e-01   7.013657e-01
        131000   9.136052e-01   2.867222e+01              1             28              4              4   1.171190e+01   3.038398e-01   7.008499e-01
        131500   9.108490e-01   2.966623e+01              0             29              4              5   1.187366e+01   3.060310e-01   7.004358e-01
        132000   9.462584e-01   1.906851e+01              1             28              4              4   1.149675e+01   2.970771e-01   6.930633e-01
        132500   9.580496e-01   2.004913e+01              1             28              3              3   1.144472e+01   3.281974e-01   7.019828e-01
        133000   9.307998e-01   3.252775e+01              2             29              4              5   1.157449e+01   3.026403e-01   6.891302e-01
        133500   8.868709e-01   3.349964e+01              1             29              5              5   1.174923e+01   2.944368e-01   6.914476e-01
        134000   8.710118e-01   4.679799e+01              2             29              3              5   1.167282e+01   3.044780e-01   6.805986e-01
        134500   8.824166e-01   4.777746e+01              1             28              3              5   1.173095e+01   3.185736e-01   6.902829e-01
        135000   8.569783e-01   4.876202e+01              2             32              3              4   1.155332e+01   3.203537e-01   6.707639e-01
        135500   8.836726e-01   4.974609e+01              1             28              5              3   1.164477e+01   3.038878e-01   6.775590e-01
        136000   8.950308e-01   5.069526e+01              1             28              5              3   1.170913e+01   2.899612e-01   6.921385e-01
        136500   9.020775e-01   3.899234e+01              1             29              6              3   1.172261e+01   2.913408e-01   6.846343e-01
        137000   9.053146e-01   3.996434e+01              1             29              5              3   1.154361e+01   3.042944e-01   6.770978e-01
        137500   8.995401e-01   4.093130e+01              1             29              3              6   1.151963e+01   3.202140e-01   6.771054e-01
        138000   8.960529e-01   5.441263e+01              2             29              6              6   1.144787e+01   3.167902e-01   6.736390e-01
        138500   9.201553e-01   4.289605e+01              0             27              4              4   1.170833e+01   3.059602e-01   6.899647e-01
        139000   9.040598e-01   4.389297e+01              1             28              4              5   1.170930e+01   3.201156e-01   6.899070e-01
        139500   9.109779e-01   4.486756e+01              1             28              4              4   1.151798e+01   3.043379e-01   6.791065e-01
        140000   8.824594e-01   5.810097e+01              1             27              4              4   1.148913e+01   3.192924e-01   6.877820e-01
        140500   8.668863e-01   5.908887e+01              1             28              3              5   1.167136e+01   3.132055e-01   6.871476e-01
        141000   8.831742e-01   6.007902e+01              1             27              4              5   1.163136e+01   3.329328e-01   6.900958e-01
        141500   8.954702e-01   4.863696e+01              1             27              4              4   1.156328e+01   3.382367e-01   6.929112e-01
        142000   8.978126e-01   4.963165e+01              2             28              4              5   1.188643e+01   3.107215e-01   7.029776e-01
        142500   8.906994e-01   5.062167e+01              1             28              4              5   1.158755e+01   3.192869e-01   6.930108e-01
        143000   9.017466e-01   5.160597e+01              1             30              4              4   1.158796e+01   3.420835e-01   7.027733e-01
        143500   8.946257e-01   5.257106e+01              2             29              4              4   1.165794e+01   3.114317e-01   6.948337e-01
        144000   9.105109e-01   5.353922e+01              2             29              4              5   1.172255e+01   3.167617e-01   6.979765e-01
        144500   9.017920e-01   5.453391e+01              1             29              5              6   1.168398e+01   3.225058e-01   7.010962e-01
        145000   8.882904e-01   5.551190e+01              3             31              4              6   1.167464e+01   3.028331e-01   6.963176e-01
        145500   9.048256e-01   5.648274e+01              1             29              4              4   1.171406e+01   3.092699e-01   7.075308e-01
        146000   9.137125e-01   5.747540e+01              0             26              4              3   1.175456e+01   2.931611e-01   6.932416e-01
        146500   9.026199e-01   5.846979e+01              1             28              4              3   1.179285e+01   3.076263e-01   6.962137e-01
        147000   8.854122e-01   7.121944e+01              1             31              4              5   1.157959e+01   3.232162e-01   6.816328e-01
        147500   8.596877e-01   7.220281e+01              2             31              3              5   1.175684e+01   3.216303e-01   6.845206e-01
        148000   8.747122e-01   7.319825e+01              1             30              4              5   1.180917e+01   3.088934e-01   6.894007e-01
        148500   8.798915e-01   7.416133e+01              2             30              4              5   1.184813e+01   3.167962e-01   6.913394e-01
        149000   8.788276e-01   7.513814e+01              0             29              6              4   1.179739e+01   3.173716e-01   6.934167e-01
        149500   8.814202e-01   7.613040e+01              1             27              7              5   1.160065e+01   3.242162e-01   6.996742e-01
        150000   8.967900e-01   7.709733e+01              1             30              8              4   1.134090e+01   3.350036e-01   6.892515e-01
        150500   9.072039e-01   6.595180e+01              0             29              7              3   1.151404e+01   3.304377e-01   6.893050e-01
        151000   9.378730e-01   6.693934e+01              0             27              7              4   1.161698e+01   3.269934e-01   7.058013e-01
        151500   9.262895e-01   6.791777e+01              1             29              8              5   1.177571e+01   3.675897e-01   7.262157e-01
        152000   9.654910e-01   5.035829e+01              0             28              7              4   1.155024e+01   3.587760e-01   7.092876e-01
        152500   1.010414e+00   3.138092e+01              0             24              6              4   1.181637e+01   3.392527e-01   7.182215e-01
        153000   1.009192e+00   3.236337e+01              0             25              6              3   1.156264e+01   3.478048e-01   6.967348e-01
        153500   1.004034e+00   3.335977e+01              0             26              6              4   1.185784e+01   3.704458e-01   7.071914e-01
        154000   1.001791e+00   3.435041e+01              0             26              6              3   1.186445e+01   3.702794e-01   7.052371e-01
        154500   9.875537e-01   3.533389e+01              0             28              5              2   1.175915e+01   3.621456e-01   6.977685e-01
        155000   9.906413e-01   3.631325e+01              0             27              5              3   1.161360e+01   3.548518e-01   7.108159e-01
        155500   9.796153e-01   5.675856e+01              0             26              5              2   1.142586e+01   3.331903e-01   6.885068e-01
        156000   1.004899e+00   3.825078e+01              0             24              4              2   1.152553e+01   3.255606e-01   7.014684e-01
        156500   1.000343e+00   3.920036e+01              0             25              5              3   1.160129e+01   3.218246e-01   6.969458e-01
        157000   1.038320e+00   4.017519e+01              0             24              5              3   1.161678e+01   3.169214e-01   7.079608e-01
        157500   1.044594e+00   2.410609e+01              0             23              6              2   1.160716e+01   3.339464e-01   7.106864e-01
        158000   1.057954e+00   2.507647e+01              0             21              6              3   1.156618e+01   3.172067e-01   7.084695e-01
        158500   1.042418e+00   2.607153e+01              0             25              5              4   1.155358e+01   3.032537e-01   7.097641e-01
        159000   1.049882e+00   2.702745e+01              0             19              7              2   1.138259e+01   2.924251e-01   6.921144e-01
        159500   1.045930e+00   2.801901e+01              0             23              5              3   1.166049e+01   3.085386e-01   7.055182e-01
        160000   1.060515e+00   2.900390e+01              0             21              6              3   1.159889e+01   3.268916e-01   7.097371e-01
        160500   1.043750e+00   2.999848e+01              0             21              6              2   1.145849e+01   2.966853e-01   7.018707e-01
        161000   1.076668e+00   3.097450e+01              0             19              5              1   1.140006e+01   3.052843e-01   6.897428e-01
        161500   1.043965e+00   3.194935e+01              0             22              5              2   1.163788e+01   3.091648e-01   7.132784e-01
        162000   1.087146e+00   3.293602e+01              0             15              6              2   1.148979e+01   3.245201e-01   7.126514e-01
        162500   1.086119e+00   3.391501e+01              0             14              6              2   1.133461e+01   3.024529e-01   6.960754e-01
        163000   1.099670e+00   2.151549e+01              0             17              5              2   1.145413e+01   3.010477e-01   6.968235e-01
        163500   1.144888e+00   1.254947e+01              0             14              4              2   1.150316e+01   3.092579e-01   7.052290e-01
        164000   1.120326e+00   2.348354e+01              0             13              3              1   1.163476e+01   3.000869e-01   6.907865e-01
        164500   1.085324e+00   3.743286e+01              0             12              5              2   1.151303e+01   2.927246e-01   7.043830e-01
        165000   1.124194e+00   2.545520e+01              0              8              4              1   1.125299e+01   3.279940e-01   7.040061e-01
        165500   1.144539e+00   1.617969e+01              0             10              3              1   1.147549e+01   3.120684e-01   7.059926e-01
        166000   1.149364e+00   1.714663e+01              0              9              2              1   1.151324e+01   2.871695e-01   7.037974e-01
        166500   1.156997e+00   1.813673e+01              0             10              3              1   1.155543e+01   2.804487e-01   6.871671e-01
        167000   1.151909e+00   1.913289e+01              0             10              3              2   1.157672e+01   2.772395e-01   6.829263e-01
        167500   1.089896e+00   4.192054e+01              0             13              2              2   1.174028e+01   2.295740e-01   6.896452e-01
        168000   1.119311e+00   3.114594e+01              0             13              2              2   1.159136e+01   2.470958e-01   6.737819e-01
        168500   1.189900e+00   2.180806e+01              0             11              2              1   1.179071e+01   2.632034e-01   6.888111e-01
        169000   1.159512e+00   2.279272e+01              0             10              2              1   1.181197e+01   2.657031e-01   6.928104e-01
        169500   1.164426e+00   2.378093e+01              0              8              2              1   1.187488e+01   2.707613e-01   6.978314e-01
        170000   1.166663e+00   2.477783e+01              0             11              3              1   1.159033e+01   2.652013e-01   6.771181e-01
        170500   1.192344e+00   1.655241e+01              0              9              3              2   1.170721e+01   2.862310e-01   6.942196e-01
        171000   1.189348e+00   2.672560e+01              0             10              2              2   1.163495e+01   2.657728e-01   6.772239e-01
        171500   1.174985e+00   2.771771e+01              0              9              2              2   1.163950e+01   2.503073e-01   6.791616e-01
        172000   1.188443e+00   1.940784e+01              0             10              2              1   1.141691e+01   2.626532e-01   6.800741e-01
        172500   1.197169e+00   2.035401e+01              0             10              4              1   1.179541e+01   2.378059e-01   6.871593e-01
        173000   1.261831e+00   1.289048e+01              0              7              2              1   1.165239e+01   2.308503e-01   6.762097e-01
        173500   1.278786e+00   1.388297e+01              0              7              3              2   1.183701e+01   2.558767e-01   6.913375e-01
        174000   1.267564e+00   1.487838e+01              0              6              2              1   1.147291e+01   2.369624e-01   6.652154e-01
        174500   1.316590e+00   9.260068e+00              0              5              1              1   1.175239e+01   2.489977e-01   6.904435e-01
        175000   1.292586e+00   1.023881e+01              0              4              1              0   1.170967e+01   2.272978e-01   6.605918e-01
        175500   1.314666e+00   1.122932e+01              0              4              2              1   1.171243e+01   2.350889e-01   6.789323e-01
        176000   1.336940e+00   7.273481e+00              0              4              2              2   1.159781e+01   2.450239e-01   6.793893e-01
        176500   1.329024e+00   1.320078e+01              0              5              2              2   1.183829e+01   2.325471e-01   6.863315e-01
        177000   1.336648e+00   1.417723e+01              0              4              2              2   1.170149e+01   2.496338e-01   6.811783e-01
        177500   1.378296e+00   1.016398e+01              0              4              2              1   1.157015e+01   2.362059e-01   6.670034e-01
        178000   1.384125e+00   1.115742e+01              0              4              3              1   1.138267e+01   2.060795e-01   6.603391e-01
        178500   1.388931e+00   1.212092e+01              0              4              2              1   1.153927e+01   2.300707e-01   6.682395e-01
        179000   1.397610e+00   8.972658e+00              0              4              2              1   1.167525e+01   2.211097e-01   6.706994e-01
        179500   1.422655e+00   9.950034e+00              0              4              3              1   1.155456e+01   2.279040e-01   6.604290e-01
        180000   1.418915e+00   1.094609e+01              0              4              3              2   1.136244e+01   2.404206e-01   6.722305e-01
        180500   1.441080e+00   1.192440e+01              0              4              3              2   1.178974e+01   2.510093e-01   6.950208e-01
        181000   1.392372e+00   1.658272e+01              0              4              3              2   1.166133e+01   2.238487e-01   6.726783e-01
        181500   1.432411e+00   1.389517e+01              0              4              3              1   1.161896e+01   2.406159e-01   6.779108e-01
        182000   1.433259e+00   1.488704e+01              0              4              3              3   1.180670e+01   2.343227e-01   6.819587e-01
        182500   1.442999e+00   1.588233e+01              0              4              4              2   1.173618e+01   2.078273e-01   6.819090e-01
        183000   1.460911e+00   1.243054e+01              0              4              3              2   1.177572e+01   2.119411e-01   6.870624e-01
        183500   1.487498e+00   1.341617e+01              0              4              2              2   1.157997e+01   2.086683e-01   6.739470e-01
        184000   1.525744e+00   9.563267e+00              0              4              3              2   1.163166e+01   2.343499e-01   6.874217e-01
        184500   1.525076e+00   1.055170e+01              0              4              4              2   1.161852e+01   2.264948e-01   6.839219e-01
        185000   1.550258e+00   1.153666e+01              0              4              4              2   1.161323e+01   2.207053e-01   6.786880e-01
        185500   1.533383e+00   1.250908e+01              0              4              4              2   1.162901e+01   2.349228e-01   6.773001e-01
        186000   1.540059e+00   1.349598e+01              0              4              3              1   1.165260e+01   2.436190e-01   6.989387e-01
        186500   1.514567e+00   1.448102e+01              0              4              3              2   1.163982e+01   2.327752e-01   6.865178e-01
        187000   1.510782e+00   1.937283e+01              0              4              3              1   1.157801e+01   2.235705e-01   6.722567e-01
        187500   1.520962e+00   1.644071e+01              0              4              4              2   1.146924e+01   2.217752e-01   6.690359e-01
        188000   1.596136e+00   1.254437e+01              0              4              3              1   1.148849e+01   2.071748e-01   6.719233e-01
        188500   1.579389e+00   1.350824e+01              0              4              4              2   1.177966e+01   2.040311e-01   6.765977e-01
        189000   1.594135e+00   1.449813e+01              0              4              2              2   1.144011e+01   2.044135e-01   6.737716e-01
        189500   1.585625e+00   1.547280e+01              0              4              2              2   1.128695e+01   2.143136e-01   6.479156e-01
        190000   1.638507e+00   6.880653e+00              0              3              2              1   1.134944e+01   2.476497e-01   6.636079e-01
        190500   1.617411e+00   1.248180e+01              0              3              2              1   1.149786e+01   2.449056e-01   6.632704e-01
        191000   1.614775e+00   1.347803e+01              0              4              2              1   1.121256e+01   2.350024e-01   6.638558e-01
        191500   1.637862e+00   1.447121e+01              0              4              2              1   1.148373e+01   2.515801e-01   6.683714e-01
        192000   1.675760e+00   1.057398e+01              0              4              2              1   1.164450e+01   2.316848e-01   6.731329e-01
        192500   1.687531e+00   1.155889e+01              0              4              2              2   1.168822e+01   2.490470e-01   6.845651e-01
        193000   1.668660e+00   1.254623e+01              0              4              4              2   1.181982e+01   2.391086e-01   6.811083e-01
        193500   1.662076e+00   1.353762e+01              0              3              4              2   1.152891e+01   2.591901e-01   6.681276e-01
        194000   1.667870e+00   1.452502e+01              0              4              4              2   1.169734e+01   2.708288e-01   6.770604e-01
        194500   1.654853e+00   1.978680e+01              0              4              3              2   1.160610e+01   2.865930e-01   6.761566e-01
        195000   1.670021e+00   1.649218e+01              0              4              3              1   1.156103e+01   2.790545e-01   6.813794e-01
        195500   1.653646e+00   1.748843e+01              0              4              2              1   1.148000e+01   2.894793e-01   6.831299e-01
        196000   1.635910e+00   2.258519e+01              0              4              4              2   1.179694e+01   2.785991e-01   6.881603e-01
        196500   1.659022e+00   1.936859e+01              0              4              3              1   1.151096e+01   2.710405e-01   6.793581e-01
        197000   1.688980e+00   2.035738e+01              0              4              4              1   1.162098e+01   2.797734e-01   6.808999e-01
        197500   1.688434e+00   2.133638e+01              0              4              4              2   1.150342e+01   2.923759e-01   6.780811e-01
        198000   1.742009e+00   1.026515e+01              0              4              4              2   1.135441e+01   2.896717e-01   6.805218e-01
        198500   1.794360e+00   1.125534e+01              0              4              4              2   1.150922e+01   3.118189e-01   7.015925e-01
        199000   1.780389e+00   1.224962e+01              0              4              4              2   1.162047e+01   2.932951e-01   7.036515e-01
        199500   1.853836e+00   4.370464e+00              0              4              4              2   1.145122e+01   3.317312e-01   7.012496e-01
        200000   1.878269e+00   5.363664e+00              0              4              4              2   1.125769e+01   3.241345e-01   6.953125e-01
        200500   1.855842e+00   6.349604e+00              0              4              4              2   1.137748e+01   3.189997e-01   6.961184e-01
        201000   1.858501e+00   7.338089e+00              0              4              4              2   1.138255e+01   3.266990e-01   6.908693e-01
        201500   1.890102e+00   8.325196e+00              0              4              4              2   1.149396e+01   3.342966e-01   6.951173e-01
        202000   1.855516e+00   9.317357e+00              0              4              4              2   1.151691e+01   3.353442e-01   6.967958e-01
        202500   1.882644e+00   1.031497e+01              0              4              4              2   1.133551e+01   3.274283e-01   6.930109e-01
        203000   1.851447e+00   1.427261e+01              0              4              3              3   1.141087e+01   3.228346e-01   6.975413e-01
        203500   1.851348e+00   1.226838e+01              0              4              3              2   1.123357e+01   3.150547e-01   6.688218e-01
        204000   1.811798e+00   1.621786e+01              0              4              3              3   1.115339e+01   3.003365e-01   6.675591e-01
        204500   1.817710e+00   1.718693e+01              0              4              4              2   1.123022e+01   2.791780e-01   6.700371e-01
        205000   1.900644e+00   1.095151e+01              0              4              3              1   1.139558e+01   2.824208e-01   6.836767e-01
        205500   1.895456e+00   1.592891e+01              0              4              4              2   1.142764e+01   3.049004e-01   6.859027e-01
        206000   1.886236e+00   1.691703e+01              0              4              4              2   1.149759e+01   2.933808e-01   6.842152e-01
        206500   1.835368e+00   2.055643e+01              0              4              4              2   1.124683e+01   2.971449e-01   6.679442e-01
        207000   1.913045e+00   1.442649e+01              0              4              4              2   1.156213e+01   2.861263e-01   6.909497e-01
        207500   1.884216e+00   1.971465e+01              0              4              3              1   1.139007e+01   2.768649e-01   6.742254e-01
        208000   1.898520e+00   2.070077e+01              0              4              4              2   1.129339e+01   2.719384e-01   6.705599e-01
        208500   1.871694e+00   2.168940e+01              0              4              4              2   1.152675e+01   2.789122e-01   6.761958e-01
        209000   1.929033e+00   1.817635e+01              0              3              3              0   1.117575e+01   3.105955e-01   6.732082e-01
        209500   1.922348e+00   1.916925e+01              0              4              3              1   1.111092e+01   2.996754e-01   6.794037e-01
        210000   1.923196e+00   2.016074e+01              0              4              4              2   1.148260e+01   2.963476e-01   6.906339e-01
        210500   1.921277e+00   2.115406e+01              0              4              4              1   1.125273e+01   2.799387e-01   6.759690e-01
        211000   1.897938e+00   2.214279e+01              0              4              4              2   1.109708e+01   2.910882e-01   6.685147e-01
        211500   1.927687e+00   1.642585e+01              0              4              4              2   1.126663e+01   3.022350e-01   6.872192e-01
        212000   1.923970e+00   2.408914e+01              0              4              4              2   1.134268e+01   2.925904e-01   6.799108e-01
        212500   1.953547e+00   1.829362e+01              0              4              4              2   1.134084e+01   3.083245e-01   6.778753e-01
        213000   1.983626e+00   1.928386e+01              0              4              4              2   1.145979e+01   3.178207e-01   6.768847e-01
        213500   1.964340e+00   2.024810e+01              0              4              4              2   1.129596e+01   3.145387e-01   6.686536e-01
        214000   2.002786e+00   2.121634e+01              0              4              4              2   1.141804e+01   3.124634e-01   6.733453e-01
        214500   2.006020e+00   1.460201e+01              0              4              4              2   1.140546e+01   3.123289e-01   6.785140e-01
        215000   2.009626e+00   1.559527e+01              0              4              4              2   1.135338e+01   3.417689e-01   6.835908e-01
        215500   2.010201e+00   1.658599e+01              0              4              4              2   1.151491e+01   3.532043e-01   6.949225e-01
        216000   2.020406e+00   1.757717e+01              0              4              4              2   1.166088e+01   3.275352e-01   6.792305e-01
        216500   2.005197e+00   1.856656e+01              0              4              4              1   1.154483e+01   3.282462e-01   6.794812e-01
        217000   1.998571e+00   1.952702e+01              0              4              4              2   1.180620e+01   3.332401e-01   6.798007e-01
        217500   2.030062e+00   2.052253e+01              0              4              4              2   1.180925e+01   3.379645e-01   6.904639e-01
        218000   2.139735e+00   8.009218e+00              0              4              4              2   1.182667e+01   3.560022e-01   6.885142e-01
        218500   2.118240e+00   8.984363e+00              0              4              3              2   1.177856e+01   3.804312e-01   7.061687e-01
        219000   2.084463e+00   1.581100e+01              0              4              3              1   1.147551e+01   3.743048e-01   6.923411e-01
        219500   2.075809e+00   1.678352e+01              0              4              4              2   1.146210e+01   3.737098e-01   6.842147e-01
        220000   2.061287e+00   1.777806e+01              0              4              3              3   1.167342e+01   3.709457e-01   6.939183e-01
        220500   2.091792e+00   1.875867e+01              0              4              4              2   1.163505e+01   3.613001e-01   6.927651e-01
        221000   2.117207e+00   1.367947e+01              0              4              4              2   1.158221e+01   3.831872e-01   6.983069e-01
        221500   2.138475e+00   9.313634e+00              0              4              4              2   1.165903e+01   3.550422e-01   6.995361e-01
        222000   2.157077e+00   1.030332e+01              0              4              4              2   1.153436e+01   3.555578e-01   7.077192e-01
        222500   2.164939e+00   1.129401e+01              0              4              4              2   1.192967e+01   3.527722e-01   7.264372e-01
        223000   2.141002e+00   1.734710e+01              0              4              3              3   1.181451e+01   3.429554e-01   6.893762e-01
        223500   2.140982e+00   1.322222e+01              0              3              4              0   1.187767e+01   3.581838e-01   6.818507e-01
        224000   2.139057e+00   1.928911e+01              0              4              2              1   1.202713e+01   3.533927e-01   6.996006e-01
        224500   2.147107e+00   2.026734e+01              0              4              4              1   1.157259e+01   3.483706e-01   6.966577e-01
        225000   2.138615e+00   2.121957e+01              0              3              1              0   1.151545e+01   3.370025e-01   6.691906e-01
        225500   2.169066e+00   1.704454e+01              0              4              2              1   1.172511e+01   3.756009e-01   6.602610e-01
        226000   2.221833e+00   1.229985e+01              0              4              2              1   1.183520e+01   3.510377e-01   6.867388e-01
        226500   2.239548e+00   1.329443e+01              0              4              3              2   1.174191e+01   3.394023e-01   6.657597e-01
        227000   2.263558e+00   8.895727e+00              0              3              3              1   1.180587e+01   3.801968e-01   6.752993e-01
        227500   2.245178e+00   1.516241e+01              0              3              2              1   1.164327e+01   3.606651e-01   6.709266e-01
        228000   2.232963e+00   1.614015e+01              0              4              2              2   1.171147e+01   3.687852e-01   6.655255e-01
        228500   2.222430e+00   1.711916e+01              0              4              3              1   1.169065e+01   3.682593e-01   6.652251e-01
        229000   2.259896e+00   1.267552e+01              0              4              3              2   1.135358e+01   3.468029e-01   6.575037e-01
        229500   2.248824e+00   1.366873e+01              0              4              3              1   1.136887e+01   3.679310e-01   6.634261e-01
        230000   2.224045e+00   1.997334e+01              0              3              1              1   1.122217e+01   3.530331e-01   6.462340e-01
        230500   2.226644e+00   2.096920e+01              0              3              2              1   1.155477e+01   3.295358e-01   6.719732e-01
        231000   2.252574e+00   1.640048e+01              0              3              2              1   1.185937e+01   3.804779e-01   6.930664e-01
        231500   2.225059e+00   2.293328e+01              0              3              0              0   1.142793e+01   3.754030e-01   6.648069e-01
        232000   2.183996e+00   2.755200e+01              0              2              0              0   1.153946e+01   3.847871e-01   6.576563e-01
        232500   2.235620e+00   1.894743e+01              0              1              0              0   1.157925e+01   3.561077e-01   6.538907e-01
        233000   2.232827e+00   1.988194e+01              0              3              0              0   1.150723e+01   3.509812e-01   6.655428e-01
        233500   2.244157e+00   2.679157e+01              0              3              0              0   1.149919e+01   3.346420e-01   6.785187e-01
        234000   2.274087e+00   2.182381e+01              0              0              0              0   1.168677e+01   3.559639e-01   6.714777e-01
        234500   2.259789e+00   2.281459e+01              0              2              0              0   1.177501e+01   3.604936e-01   6.755224e-01
        235000   2.305736e+00   1.626003e+01              0              2              0              0   1.141031e+01   3.592542e-01   6.600695e-01
        235500   2.333951e+00   1.725072e+01              0              0              0              0   1.124184e+01   3.598565e-01   6.459546e-01
        236000   2.378494e+00   1.103601e+01              0              1              0              0   1.148149e+01   3.459462e-01   6.640352e-01
        236500   2.404079e+00   6.587744e+00              0              0              0              0   1.154681e+01   3.226491e-01   6.488165e-01
        237000   2.403949e+00   1.292881e+01              0              0              0              0   1.144654e+01   3.390885e-01   6.543268e-01
        237500   2.445263e+00   8.555285e+00              0              0              0              0   1.149534e+01   3.350278e-01   6.553190e-01
        238000   2.443895e+00   9.510947e+00              0              1              0              0   1.154380e+01   3.241781e-01   6.525936e-01
        238500   2.437280e+00   1.050062e+01              0              0              0              0   1.157837e+01   3.358961e-01   6.569857e-01
        239000   2.467502e+00   7.701218e+00              0              1              0              0   1.143383e+01   3.357621e-01   6.626414e-01
        239500   2.473432e+00   8.687501e+00              0              0              0              0   1.142281e+01   3.211720e-01   6.602682e-01
        240000   2.472574e+00   9.679441e+00              0              0              0              0   1.133970e+01   3.231125e-01   6.614915e-01
        240500   2.480175e+00   1.067157e+01              0              0              0              0   1.135010e+01   3.381888e-01   6.582315e-01
