          step              r      E_metad_r      n_cont_CA   n_cont_heavy       n_saltbr        n_hbond           SASA           RMSD             Rg 
             0   4.629278e-01   0.000000e+00              4             55              4              7   1.172751e+01   0.000000e+00   6.459176e-01
           500   4.873653e-01   9.925975e-01              4             53              3              8   1.178863e+01   5.111351e-02   6.485819e-01
          1000   4.775843e-01   1.986904e+00              5             56              4              7   1.176568e+01   4.449449e-02   6.563539e-01
          1500   4.676976e-01   2.984680e+00              4             53              3              7   1.165224e+01   6.271597e-02   6.326669e-01
          2000   4.782650e-01   3.972157e+00              4             52              4              8   1.151639e+01   7.206079e-02   6.231338e-01
          2500   4.764476e-01   4.962724e+00              4             54              4              7   1.164021e+01   6.561163e-02   6.289198e-01
          3000   4.706398e-01   5.959203e+00              4             55              4              8   1.154312e+01   5.522977e-02   6.324907e-01
          3500   4.664275e-01   6.954022e+00              3             56              4              7   1.153552e+01   6.612819e-02   6.215361e-01
          4000   4.651528e-01   7.938615e+00              3             54              4              6   1.161918e+01   6.571848e-02   6.343166e-01
          4500   4.539938e-01   8.928038e+00              5             56              4              7   1.164385e+01   6.665914e-02   6.305128e-01
          5000   4.847704e-01   8.629466e+00              5             56              4              8   1.172022e+01   5.946273e-02   6.504920e-01
          5500   4.829733e-01   1.089673e+01              4             54              4              9   1.160643e+01   8.222451e-02   6.497178e-01
          6000   4.785313e-01   1.189197e+01              4             54              4              7   1.160841e+01   8.579788e-02   6.368559e-01
          6500   4.472430e-01   1.287877e+01              5             54              4              9   1.157005e+01   9.567857e-02   6.313046e-01
          7000   4.758304e-01   1.387140e+01              4             52              4              8   1.152592e+01   9.304289e-02   6.266145e-01
          7500   4.679812e-01   1.486817e+01              2             50              4              7   1.158478e+01   1.087360e-01   6.161070e-01
          8000   4.763251e-01   1.585633e+01              3             53              4              8   1.142298e+01   1.183245e-01   6.205859e-01
          8500   4.722283e-01   1.685064e+01              3             53              4              7   1.156621e+01   1.334289e-01   6.214571e-01
          9000   4.821860e-01   1.784710e+01              5             54              4              7   1.159396e+01   9.985594e-02   6.245615e-01
          9500   4.818121e-01   1.884209e+01              5             52              4              9   1.150663e+01   1.203998e-01   6.332951e-01
         10000   4.675146e-01   1.983141e+01              4             54              4              9   1.146145e+01   1.154856e-01   6.282594e-01
         10500   4.875532e-01   2.082521e+01              5             52              3              8   1.166795e+01   9.332871e-02   6.439596e-01
         11000   4.712567e-01   2.181577e+01              5             51              3              9   1.149560e+01   9.064764e-02   6.361109e-01
         11500   4.862141e-01   2.280540e+01              2             49              4              8   1.155058e+01   9.366131e-02   6.317427e-01
         12000   4.803053e-01   2.380210e+01              5             53              3              8   1.155806e+01   1.163562e-01   6.406199e-01
         12500   4.885868e-01   2.479548e+01              3             53              4              9   1.155157e+01   1.044638e-01   6.500625e-01
         13000   4.773381e-01   2.578291e+01              3             51              4              7   1.158454e+01   8.569261e-02   6.383900e-01
         13500   4.739193e-01   2.677240e+01              4             52              4              9   1.155522e+01   8.254243e-02   6.283772e-01
         14000   4.778643e-01   2.775938e+01              3             53              4             10   1.163073e+01   9.057283e-02   6.306232e-01
         14500   4.710628e-01   2.875693e+01              4             51              4              8   1.161469e+01   8.862309e-02   6.384095e-01
         15000   4.827715e-01   2.974060e+01              4             55              4              8   1.159055e+01   7.203289e-02   6.421073e-01
         15500   4.710315e-01   3.073618e+01              3             52              4              9   1.154664e+01   6.617350e-02   6.408324e-01
         16000   4.697586e-01   3.172744e+01              3             56              3              8   1.164075e+01   7.381058e-02   6.397270e-01
         16500   4.756935e-01   3.271821e+01              4             55              3              7   1.154577e+01   7.234193e-02   6.352906e-01
         17000   4.703161e-01   3.371686e+01              4             53              4              8   1.160781e+01   7.754080e-02   6.287183e-01
         17500   4.760950e-01   3.471254e+01              4             52              3              8   1.160328e+01   7.342193e-02   6.363036e-01
         18000   4.686435e-01   3.570393e+01              5             52              3              8   1.150445e+01   7.479656e-02   6.317265e-01
         18500   4.780070e-01   3.669641e+01              4             51              3              8   1.166746e+01   8.067899e-02   6.438406e-01
         19000   4.818885e-01   3.769031e+01              5             52              3              7   1.170478e+01   9.784997e-02   6.263586e-01
         19500   4.830307e-01   3.867550e+01              4             55              4              8   1.154631e+01   9.098068e-02   6.339652e-01
         20000   4.785548e-01   3.967090e+01              4             51              4              8   1.158349e+01   9.409305e-02   6.315657e-01
         20500   4.831807e-01   4.063367e+01              4             52              3              8   1.144631e+01   8.782433e-02   6.203661e-01
         21000   4.834212e-01   4.162138e+01              2             53              4              9   1.157696e+01   7.275180e-02   6.314633e-01
         21500   4.970546e-01   4.261206e+01              4             51              4              9   1.147363e+01   8.455185e-02   6.241067e-01
         22000   4.876843e-01   4.359810e+01              4             52              4              9   1.143708e+01   9.762137e-02   6.191011e-01
         22500   4.888205e-01   3.970746e+01              5             52              4              8   1.141177e+01   9.365077e-02   6.196034e-01
         23000   4.885682e-01   4.556924e+01              4             51              4              8   1.142161e+01   8.825916e-02   6.242079e-01
         23500   4.679281e-01   4.656610e+01              5             52              4              9   1.147881e+01   9.645289e-02   6.211763e-01
         24000   4.735449e-01   4.755928e+01              5             54              4              9   1.141468e+01   8.614849e-02   6.213006e-01
         24500   4.812773e-01   4.855640e+01              5             53              4              8   1.168713e+01   7.478335e-02   6.296598e-01
         25000   4.675986e-01   4.955338e+01              4             54              4              8   1.158648e+01   6.904353e-02   6.312312e-01
         25500   4.729719e-01   5.054810e+01              4             56              3              8   1.154074e+01   7.538531e-02   6.275819e-01
         26000   4.731545e-01   5.153838e+01              4             54              3              8   1.152396e+01   7.864079e-02   6.256822e-01
         26500   4.642536e-01   5.252946e+01              4             54              3              9   1.152558e+01   8.777779e-02   6.290741e-01
         27000   4.445909e-01   4.708179e+01              5             54              3              9   1.150799e+01   7.539842e-02   6.270827e-01
         27500   4.531640e-01   5.448462e+01              5             55              4              9   1.142019e+01   8.262946e-02   6.295244e-01
         28000   4.631368e-01   5.544744e+01              5             55              3              8   1.145397e+01   7.034834e-02   6.410821e-01
         28500   4.665363e-01   5.643421e+01              4             56              4              8   1.145671e+01   7.223970e-02   6.261745e-01
         29000   4.847056e-01   5.742833e+01              5             53              4              8   1.154515e+01   6.979568e-02   6.363597e-01
         29500   4.769980e-01   5.841612e+01              4             54              4              9   1.154748e+01   7.354754e-02   6.342186e-01
         30000   4.592955e-01   5.252169e+01              5             53              4              8   1.155212e+01   8.051037e-02   6.288026e-01
         30500   4.604040e-01   6.030756e+01              2             53              4              9   1.155131e+01   7.426967e-02   6.346356e-01
         31000   4.629991e-01   6.129788e+01              5             55              4              9   1.172446e+01   8.655868e-02   6.350567e-01
         31500   4.728617e-01   6.229624e+01              4             52              4              8   1.169250e+01   6.771811e-02   6.384510e-01
         32000   4.802512e-01   6.329342e+01              5             53              5              8   1.152032e+01   8.117184e-02   6.366645e-01
         32500   4.884637e-01   6.428906e+01              3             52              4              8   1.132702e+01   8.410150e-02   6.259138e-01
         33000   4.788353e-01   6.527227e+01              3             55              4              8   1.163817e+01   8.495612e-02   6.341278e-01
         33500   4.723480e-01   6.624830e+01              5             53              4             10   1.150916e+01   8.301479e-02   6.313367e-01
         34000   4.726898e-01   6.724396e+01              5             56              3             10   1.142307e+01   6.671532e-02   6.364267e-01
         34500   4.733215e-01   6.823849e+01              4             55              4             10   1.147011e+01   8.474016e-02   6.283700e-01
         35000   4.559991e-01   6.153732e+01              5             54              3              8   1.145436e+01   8.786853e-02   6.290427e-01
         35500   4.550063e-01   6.248998e+01              4             54              4              8   1.146544e+01   7.885963e-02   6.227741e-01
         36000   4.589511e-01   6.344452e+01              5             56              4              8   1.165730e+01   7.207827e-02   6.370846e-01
         36500   4.616230e-01   7.213291e+01              4             55              4              9   1.148936e+01   7.688885e-02   6.295168e-01
         37000   4.689025e-01   7.312543e+01              4             54              4              8   1.157595e+01   8.107863e-02   6.293564e-01
         37500   4.508576e-01   6.622479e+01              4             53              4              7   1.147777e+01   9.171893e-02   6.289142e-01
         38000   4.749820e-01   7.505424e+01              4             54              4              9   1.158312e+01   8.244210e-02   6.398246e-01
         38500   4.787955e-01   7.604212e+01              4             52              4              8   1.163394e+01   7.389958e-02   6.405067e-01
         39000   4.744422e-01   7.702982e+01              3             50              4              9   1.163228e+01   1.040267e-01   6.383594e-01
         39500   4.608771e-01   7.802038e+01              5             53              4              9   1.147347e+01   1.050543e-01   6.411833e-01
         40000   4.935176e-01   6.911091e+01              4             52              2              8   1.153416e+01   9.618486e-02   6.265058e-01
         40500   4.649686e-01   7.999515e+01              4             53              4              9   1.143353e+01   1.080232e-01   6.190774e-01
         41000   4.761974e-01   8.099101e+01              4             54              4              8   1.151168e+01   8.466496e-02   6.323625e-01
         41500   4.812771e-01   8.198512e+01              3             52              4              8   1.184809e+01   1.086871e-01   6.414026e-01
         42000   4.840720e-01   8.298259e+01              4             52              4              9   1.156238e+01   8.436554e-02   6.276488e-01
         42500   5.231440e-01   7.364144e+01              4             53              4              7   1.159668e+01   9.464167e-02   6.256087e-01
         43000   4.733669e-01   8.486435e+01              4             53              5              9   1.148932e+01   9.004180e-02   6.215425e-01
         43500   4.835891e-01   8.583859e+01              3             50              4              9   1.135549e+01   9.980101e-02   6.156150e-01
         44000   5.077591e-01   7.640433e+01              3             49              3              6   1.155534e+01   8.932402e-02   6.322780e-01
         44500   4.789620e-01   8.773895e+01              3             52              4              8   1.152782e+01   8.638853e-02   6.280863e-01
         45000   4.693227e-01   8.872596e+01              4             54              4             10   1.160073e+01   7.135067e-02   6.326614e-01
         45500   5.039713e-01   7.916193e+01              4             52              4              8   1.150153e+01   8.208438e-02   6.269662e-01
         46000   4.892829e-01   9.065949e+01              4             53              4              9   1.158054e+01   9.160745e-02   6.349143e-01
         46500   4.850989e-01   9.162338e+01              3             55              4              8   1.156905e+01   9.716639e-02   6.465079e-01
         47000   5.026841e-01   8.197969e+01              4             53              4              8   1.162631e+01   9.203366e-02   6.290484e-01
         47500   4.772525e-01   9.354278e+01              5             55              4              8   1.155563e+01   8.733509e-02   6.404145e-01
         48000   4.726104e-01   9.454026e+01              4             53              3              9   1.142101e+01   9.718917e-02   6.216017e-01
         48500   4.653054e-01   9.551338e+01              5             54              4              8   1.167610e+01   8.877937e-02   6.417856e-01
         49000   4.784761e-01   9.649300e+01              4             54              4             10   1.153507e+01   7.065077e-02   6.417116e-01
         49500   4.744037e-01   9.748696e+01              5             53              3              9   1.149842e+01   8.769704e-02   6.249948e-01
         50000   4.748009e-01   9.848279e+01              5             54              2              5   1.171296e+01   7.172537e-02   6.441336e-01
         50500   4.725888e-01   9.947838e+01              5             54              4              9   1.166789e+01   7.344791e-02   6.440805e-01
         51000   4.838059e-01   1.004759e+02              4             52              4              8   1.175219e+01   9.489971e-02   6.452423e-01
         51500   4.551105e-01   1.014715e+02              5             55              4              9   1.171634e+01   8.485744e-02   6.416634e-01
         52000   4.949101e-01   1.024432e+02              5             52              4              8   1.164202e+01   8.414158e-02   6.328291e-01
         52500   4.814022e-01   1.034399e+02              4             53              3              6   1.162998e+01   8.231228e-02   6.421410e-01
         53000   4.670731e-01   1.044317e+02              5             56              4              9   1.145459e+01   7.449313e-02   6.342774e-01
         53500   4.520571e-01   9.324311e+01              5             55              4              8   1.156685e+01   8.105049e-02   6.398648e-01
         54000   4.543900e-01   9.420465e+01              5             54              4              9   1.155071e+01   9.231781e-02   6.317692e-01
         54500   4.603761e-01   9.513847e+01              4             52              4              7   1.155613e+01   1.172538e-01   6.288363e-01
         55000   4.787281e-01   1.083077e+02              4             51              4              6   1.171692e+01   8.920268e-02   6.468718e-01
         55500   4.699960e-01   1.093038e+02              3             53              4              8   1.139570e+01   8.098742e-02   6.332210e-01
         56000   4.616604e-01   1.102955e+02              5             54              4              8   1.142407e+01   7.765229e-02   6.278245e-01
         56500   4.230001e-01   9.883935e+01              4             55              4              9   1.153181e+01   1.033912e-01   6.379057e-01
         57000   4.305241e-01   9.982863e+01              4             55              4              7   1.147773e+01   8.643583e-02   6.305470e-01
         57500   4.428605e-01   1.008067e+02              4             54              3              8   1.124156e+01   9.113628e-02   6.101305e-01
         58000   4.431247e-01   1.018049e+02              4             54              4              8   1.154321e+01   8.823793e-02   6.355096e-01
         58500   4.483842e-01   1.028009e+02              3             53              4              8   1.161455e+01   9.499944e-02   6.238673e-01
         59000   4.452735e-01   1.037977e+02              3             53              4              8   1.151425e+01   8.743721e-02   6.337165e-01
         59500   4.388382e-01   1.047888e+02              5             53              4              8   1.167643e+01   1.131124e-01   6.394704e-01
         60000   4.336737e-01   1.057827e+02              5             54              4              8   1.144259e+01   1.211997e-01   6.199241e-01
         60500   4.362674e-01   1.067605e+02              5             52              4              8   1.152645e+01   9.888113e-02   6.243641e-01
         61000   4.461891e-01   1.077552e+02              4             54              4              8   1.153053e+01   8.783015e-02   6.297952e-01
         61500   4.341468e-01   1.086920e+02              5             54              4              9   1.128862e+01   1.061637e-01   6.268314e-01
         62000   4.359125e-01   1.096827e+02              4             53              4              8   1.144297e+01   9.499370e-02   6.221916e-01
         62500   4.142939e-01   7.960655e+01              4             54              4              9   1.158629e+01   8.589032e-02   6.295143e-01
         63000   4.423323e-01   1.116458e+02              5             55              4              9   1.158072e+01   9.104280e-02   6.405233e-01
         63500   4.582094e-01   1.232403e+02              4             53              3              7   1.153577e+01   9.276977e-02   6.270124e-01
         64000   4.418393e-01   1.135923e+02              5             53              4              5   1.157779e+01   8.376306e-02   6.309597e-01
         64500   4.408842e-01   1.145890e+02              5             52              4              8   1.141918e+01   9.534014e-02   6.160657e-01
         65000   4.180162e-01   8.397723e+01              5             53              3              7   1.139310e+01   1.030807e-01   6.222379e-01
         65500   4.265043e-01   8.494188e+01              4             55              3              8   1.137975e+01   8.431183e-02   6.224031e-01
         66000   4.564139e-01   1.274351e+02              5             55              3              8   1.145777e+01   8.309639e-02   6.361066e-01
         66500   4.532851e-01   1.184698e+02              5             52              3              8   1.155979e+01   7.937794e-02   6.305862e-01
         67000   4.423613e-01   1.194668e+02              5             55              4             10   1.150573e+01   8.593869e-02   6.346719e-01
         67500   4.385421e-01   1.204603e+02              5             55              4              9   1.142324e+01   7.775223e-02   6.305374e-01
         68000   4.519268e-01   1.214506e+02              4             54              4              9   1.167521e+01   8.467221e-02   6.579215e-01
         68500   4.615741e-01   1.318433e+02              4             55              4              9   1.145174e+01   8.035539e-02   6.251481e-01
         69000   4.751141e-01   1.328355e+02              4             55              3              8   1.173311e+01   8.211591e-02   6.454743e-01
         69500   4.604129e-01   1.338280e+02              5             54              4              7   1.175109e+01   8.960916e-02   6.513930e-01
         70000   4.643237e-01   1.348229e+02              3             52              4              8   1.153596e+01   9.059615e-02   6.340763e-01
         70500   4.428781e-01   1.260742e+02              4             52              4              8   1.157511e+01   7.784373e-02   6.285986e-01
         71000   4.486676e-01   1.270659e+02              5             55              4              8   1.154511e+01   8.609352e-02   6.351935e-01
         71500   4.476500e-01   1.280624e+02              4             53              4              9   1.149278e+01   8.155905e-02   6.200872e-01
         72000   4.663584e-01   1.384080e+02              4             53              4              6   1.165653e+01   7.605284e-02   6.448780e-01
         72500   4.738374e-01   1.394038e+02              3             52              3              8   1.174704e+01   9.028923e-02   6.374995e-01
         73000   4.980740e-01   1.194300e+02              5             52              3              9   1.167675e+01   9.882566e-02   6.376135e-01
         73500   4.781647e-01   1.204028e+02              5             55              4              9   1.162015e+01   8.218970e-02   6.390018e-01
         74000   4.777313e-01   1.422374e+02              2             52              4              9   1.163172e+01   8.367885e-02   6.285700e-01
         74500   4.827117e-01   1.220814e+02              3             53              4              9   1.167129e+01   8.685330e-02   6.380627e-01
         75000   5.259402e-01   8.328316e+01              2             44              4              6   1.159966e+01   1.098808e-01   6.321348e-01
         75500   5.160018e-01   1.239915e+02              5             51              5              9   1.151634e+01   9.885426e-02   6.205161e-01
         76000   5.313908e-01   8.519350e+01              4             50              5              8   1.167970e+01   9.482755e-02   6.352432e-01
         76500   5.477776e-01   4.692148e+01              4             50              4              5   1.153103e+01   9.845274e-02   6.350068e-01
         77000   5.555190e-01   8.714650e+01              4             49              3              6   1.147962e+01   1.028008e-01   6.239712e-01
         77500   5.692583e-01   4.878484e+01              4             48              3              7   1.135741e+01   1.112782e-01   6.210384e-01
         78000   6.054984e-01   4.977137e+01              4             44              2              6   1.156747e+01   1.204194e-01   6.489110e-01
         78500   6.314590e-01   5.074214e+01              3             39              4              3   1.159533e+01   1.165595e-01   6.573614e-01
         79000   6.199579e-01   5.170595e+01              3             38              3              5   1.145334e+01   1.153044e-01   6.543288e-01
         79500   6.348880e-01   2.550938e+01              2             37              2              5   1.151789e+01   1.145606e-01   6.496793e-01
         80000   6.611844e-01   2.649587e+01              2             32              2              4   1.152321e+01   1.226862e-01   6.373590e-01
         80500   6.271020e-01   2.748318e+01              3             36              3              6   1.139060e+01   1.257872e-01   6.349271e-01
         81000   6.398015e-01   2.844936e+01              2             35              3              6   1.179414e+01   1.144050e-01   6.514456e-01
         81500   6.385504e-01   2.942945e+01              2             35              3              5   1.133089e+01   1.221306e-01   6.319470e-01
         82000   6.324695e-01   5.739034e+01              3             37              3              3   1.149381e+01   1.254328e-01   6.380510e-01
         82500   6.484668e-01   3.138481e+01              1             37              5              5   1.160931e+01   1.317654e-01   6.378890e-01
         83000   6.374477e-01   5.925599e+01              1             37              5              6   1.137926e+01   1.095750e-01   6.282264e-01
         83500   6.442062e-01   3.336398e+01              2             38              4              6   1.151417e+01   1.019070e-01   6.444852e-01
         84000   6.512761e-01   3.435227e+01              2             37              3              6   1.146841e+01   1.061733e-01   6.419252e-01
         84500   6.565160e-01   3.534937e+01              2             39              5              7   1.149683e+01   1.118068e-01   6.586448e-01
         85000   6.618370e-01   3.634519e+01              2             35              4              6   1.146333e+01   1.162147e-01   6.565128e-01
         85500   6.730237e-01   3.733267e+01              1             38              3              5   1.169643e+01   1.303284e-01   6.678712e-01
         86000   6.763287e-01   3.830637e+01              2             38              4              5   1.146336e+01   1.347014e-01   6.679775e-01
         86500   6.349239e-01   6.541266e+01              2             36              4              5   1.170196e+01   1.228668e-01   6.737503e-01
         87000   6.670215e-01   2.328714e+01              2             38              4              6   1.172173e+01   1.474725e-01   6.780997e-01
         87500   6.618225e-01   4.127623e+01              2             34              4              5   1.180480e+01   1.326501e-01   6.798346e-01
         88000   6.492261e-01   4.226749e+01              1             37              4              7   1.163533e+01   1.386281e-01   6.758189e-01
         88500   6.511951e-01   4.326277e+01              1             36              2              6   1.155964e+01   1.335409e-01   6.781072e-01
         89000   6.476107e-01   4.425400e+01              3             36              3              6   1.171467e+01   1.430799e-01   6.776038e-01
         89500   6.382409e-01   4.524222e+01              1             36              4              6   1.158077e+01   1.077773e-01   6.584646e-01
         90000   6.324078e-01   7.168676e+01              1             35              3              4   1.158070e+01   1.076224e-01   6.561242e-01
         90500   6.465970e-01   4.719065e+01              2             39              3              6   1.159141e+01   1.152220e-01   6.656947e-01
         91000   6.675062e-01   2.999022e+01              2             35              3              5   1.138669e+01   1.201818e-01   6.554280e-01
         91500   6.698306e-01   4.917180e+01              1             35              4              4   1.164619e+01   1.289504e-01   6.621087e-01
         92000   6.517008e-01   5.016678e+01              1             36              3              5   1.135492e+01   1.367718e-01   6.575921e-01
         92500   6.588324e-01   5.116411e+01              1             37              4              5   1.163522e+01   1.479928e-01   6.680249e-01
         93000   6.812046e-01   5.215023e+01              2             32              4              6   1.135456e+01   1.674956e-01   6.566190e-01
         93500   6.346145e-01   5.313808e+01              2             36              4              5   1.150453e+01   1.473678e-01   6.566374e-01
         94000   6.522049e-01   5.412526e+01              2             37              4              5   1.147451e+01   1.524928e-01   6.655242e-01
         94500   6.881382e-01   3.617622e+01              2             30              4              5   1.173717e+01   1.491181e-01   6.867196e-01
         95000   6.890757e-01   3.715283e+01              2             35              4              4   1.166714e+01   1.463848e-01   6.843209e-01
         95500   7.040376e-01   3.814120e+01              1             35              4              3   1.153658e+01   1.679440e-01   6.762769e-01
         96000   7.177034e-01   3.913421e+01              1             31              3              4   1.150454e+01   1.829161e-01   6.722482e-01
         96500   7.028512e-01   4.012917e+01              1             33              4              4   1.153546e+01   1.727601e-01   6.823641e-01
         97000   7.144320e-01   4.112550e+01              1             34              3              5   1.161530e+01   1.876551e-01   6.789959e-01
         97500   7.260794e-01   4.212107e+01              1             34              4              5   1.162133e+01   1.813856e-01   6.827326e-01
         98000   7.190434e-01   4.311530e+01              1             33              2              5   1.171435e+01   1.623535e-01   6.788090e-01
         98500   7.314266e-01   4.410283e+01              2             33              3              4   1.179226e+01   1.650137e-01   6.857134e-01
         99000   6.763088e-01   6.316398e+01              2             36              3              5   1.149330e+01   1.491453e-01   6.641262e-01
         99500   6.873330e-01   4.604409e+01              1             33              2              3   1.166272e+01   1.603409e-01   6.700750e-01
        100000   6.762247e-01   6.511301e+01              1             33              3              4   1.145189e+01   1.709929e-01   6.665338e-01
        100500   6.889900e-01   4.798027e+01              2             35              3              5   1.154791e+01   1.682384e-01   6.859308e-01
        101000   6.979678e-01   4.896044e+01              1             32              4              5   1.143121e+01   1.700090e-01   6.596173e-01
        101500   7.461012e-01   3.282321e+01              2             33              3              6   1.150491e+01   1.734953e-01   6.694487e-01
        102000   7.384521e-01   3.377400e+01              0             33              4              3   1.183536e+01   1.669597e-01   6.933822e-01
        102500   7.381506e-01   5.187556e+01              1             34              4              6   1.149044e+01   1.844564e-01   6.741899e-01
        103000   7.796806e-01   2.045947e+01              2             31              3              5   1.159943e+01   1.969152e-01   6.709772e-01
        103500   7.773394e-01   3.668130e+01              1             33              3              3   1.156003e+01   1.724835e-01   6.671000e-01
        104000   7.398830e-01   3.767479e+01              2             37              4              7   1.146398e+01   1.959488e-01   6.644350e-01
        104500   7.646300e-01   3.867215e+01              1             34              5              6   1.150790e+01   2.033125e-01   6.687203e-01
        105000   7.809958e-01   3.966556e+01              1             32              4              5   1.139486e+01   1.871500e-01   6.539871e-01
        105500   7.679072e-01   4.064538e+01              1             32              3              4   1.143316e+01   1.884393e-01   6.582192e-01
        106000   7.825700e-01   2.591547e+01              1             32              3              6   1.161060e+01   2.149449e-01   6.686417e-01
        106500   8.110488e-01   2.688601e+01              1             33              2              4   1.149475e+01   2.119579e-01   6.556697e-01
        107000   7.850585e-01   4.355061e+01              0             30              4              6   1.144837e+01   2.161425e-01   6.530456e-01
        107500   7.927195e-01   2.882351e+01              1             29              3              5   1.161975e+01   2.493288e-01   6.505424e-01
        108000   7.692222e-01   4.549549e+01              1             32              5              7   1.145704e+01   2.379845e-01   6.466480e-01
        108500   7.711827e-01   4.647245e+01              1             32              5              5   1.130415e+01   2.246944e-01   6.393892e-01
        109000   7.736501e-01   4.744910e+01              1             32              4              6   1.154743e+01   2.392837e-01   6.516337e-01
        109500   7.765736e-01   4.844260e+01              1             32              5              6   1.160050e+01   2.373751e-01   6.651211e-01
        110000   7.779447e-01   4.940801e+01              1             31              5              5   1.157288e+01   2.119587e-01   6.664815e-01
        110500   7.988003e-01   5.035642e+01              1             31              6              5   1.156815e+01   2.051123e-01   6.746831e-01
        111000   7.716360e-01   5.131934e+01              1             31              5              5   1.156453e+01   1.799154e-01   6.664866e-01
        111500   7.513697e-01   5.230268e+01              1             32              5              5   1.174035e+01   1.883063e-01   6.731170e-01
        112000   8.017493e-01   3.729022e+01              1             30              5              5   1.163501e+01   1.764664e-01   6.780003e-01
        112500   8.251235e-01   3.827381e+01              0             28              5              5   1.160819e+01   1.540713e-01   6.531994e-01
        113000   8.733104e-01   2.414451e+01              1             28              6              5   1.162999e+01   1.722299e-01   6.921511e-01
        113500   8.576745e-01   2.512776e+01              0             29              5              6   1.183776e+01   1.934321e-01   6.946836e-01
        114000   8.661896e-01   2.611549e+01              0             29              6              5   1.170953e+01   1.895956e-01   6.915045e-01
        114500   9.000077e-01   2.709261e+01              1             26              4              6   1.172518e+01   1.959956e-01   6.867133e-01
        115000   9.023953e-01   1.624320e+01              1             25              5              3   1.157173e+01   1.756917e-01   6.701602e-01
        115500   8.475810e-01   2.902997e+01              0             28              5              4   1.179118e+01   1.718968e-01   6.729644e-01
        116000   8.803365e-01   3.001810e+01              1             28              6              4   1.146196e+01   1.933139e-01   6.687784e-01
        116500   8.773198e-01   3.101198e+01              1             29              6              6   1.165719e+01   1.993382e-01   6.806249e-01
        117000   8.831535e-01   3.200619e+01              0             27              3              3   1.133098e+01   1.892783e-01   6.521703e-01
        117500   8.809015e-01   3.298626e+01              0             29              4              4   1.162183e+01   2.069608e-01   6.679091e-01
        118000   8.737069e-01   3.396643e+01              1             30              3              3   1.161951e+01   1.997414e-01   6.761539e-01
        118500   8.866310e-01   2.266787e+01              0             23              3              2   1.139987e+01   1.828744e-01   6.574457e-01
        119000   8.637523e-01   3.593192e+01              1             28              3              3   1.135282e+01   1.783084e-01   6.595675e-01
        119500   8.289660e-01   3.687019e+01              0             27              3              2   1.135199e+01   1.644747e-01   6.546462e-01
        120000   8.418902e-01   3.784002e+01              0             31              5              3   1.162830e+01   1.626304e-01   6.652303e-01
        120500   8.642038e-01   3.883865e+01              0             23              6              4   1.179302e+01   1.688586e-01   6.850481e-01
        121000   8.666633e-01   3.983426e+01              0             28              4              4   1.149468e+01   1.780987e-01   6.828816e-01
        121500   8.642535e-01   4.082915e+01              1             27              3              4   1.181561e+01   1.638302e-01   6.881576e-01
        122000   8.943072e-01   4.182199e+01              1             26              4              4   1.207403e+01   1.674966e-01   7.044225e-01
        122500   8.976403e-01   2.956172e+01              1             26              4              4   1.206209e+01   1.660021e-01   7.012616e-01
        123000   8.846932e-01   3.052790e+01              1             26              3              2   1.157457e+01   1.636543e-01   6.718125e-01
        123500   8.736637e-01   4.469948e+01              0             26              3              1   1.168228e+01   1.592896e-01   6.764720e-01
        124000   8.750350e-01   4.569477e+01              0             26              3              1   1.156962e+01   1.791366e-01   6.693201e-01
        124500   9.279139e-01   3.335100e+01              0             21              5              2   1.166383e+01   2.032490e-01   6.898723e-01
        125000   9.255474e-01   3.432695e+01              0             22              4              2   1.171745e+01   1.864635e-01   6.986196e-01
        125500   9.332900e-01   2.243430e+01              0             22              5              2   1.183842e+01   2.071253e-01   6.934940e-01
        126000   9.245253e-01   3.629852e+01              1             26              3              2   1.162226e+01   1.934980e-01   6.702449e-01
        126500   8.923772e-01   4.996439e+01              0             21              5              2   1.159683e+01   1.950209e-01   6.728207e-01
        127000   8.275434e-01   6.140810e+01              0             23              4              3   1.136670e+01   1.987122e-01   6.634321e-01
        127500   8.041546e-01   6.236318e+01              0             25              4              4   1.173135e+01   1.795927e-01   6.697632e-01
        128000   8.065785e-01   6.335749e+01              0             25              5              4   1.173507e+01   1.904610e-01   6.662352e-01
        128500   7.947445e-01   7.216974e+01              1             28              4              3   1.160430e+01   1.767287e-01   6.733282e-01
        129000   7.931615e-01   6.530519e+01              1             28              4              3   1.166773e+01   1.897895e-01   6.762075e-01
        129500   8.421045e-01   6.629259e+01              0             23              4              3   1.176855e+01   1.763059e-01   6.793282e-01
        130000   8.219502e-01   6.725754e+01              1             28              5              5   1.154344e+01   1.741130e-01   6.659286e-01
        130500   8.210904e-01   6.825613e+01              0             25              5              5   1.137974e+01   1.839842e-01   6.587940e-01
        131000   8.033725e-01   6.924878e+01              0             28              6              4   1.145874e+01   1.669181e-01   6.462838e-01
        131500   8.140511e-01   7.022841e+01              0             25              5              4   1.165842e+01   1.681125e-01   6.567572e-01
        132000   8.156710e-01   7.122098e+01              0             28              6              3   1.172560e+01   1.784573e-01   6.703200e-01
        132500   8.437112e-01   6.026977e+01              1             28              3              4   1.185813e+01   1.768164e-01   6.813979e-01
        133000   8.533834e-01   6.126568e+01              0             29              3              4   1.195631e+01   1.836405e-01   6.914049e-01
        133500   8.777364e-01   6.225788e+01              0             29              4              3   1.180742e+01   1.778616e-01   6.957883e-01
        134000   8.957606e-01   4.719035e+01              0             26              3              1   1.176625e+01   1.799042e-01   6.919029e-01
        134500   9.493813e-01   3.094401e+01              0             22              4              1   1.164506e+01   1.945036e-01   6.865890e-01
        135000   9.213899e-01   4.913487e+01              0             22              4              2   1.172930e+01   1.758084e-01   6.816533e-01
        135500   8.926923e-01   5.012247e+01              0             25              4              2   1.182864e+01   1.709002e-01   6.793282e-01
        136000   8.788558e-01   6.672137e+01              0             25              6              3   1.169510e+01   1.720390e-01   6.682514e-01
        136500   9.113901e-01   5.206313e+01              0             24              5              4   1.173907e+01   1.837228e-01   6.814281e-01
        137000   9.143512e-01   5.305497e+01              0             22              4              3   1.143550e+01   1.776621e-01   6.479452e-01
        137500   9.240472e-01   5.404516e+01              0             20              5              4   1.145502e+01   2.074444e-01   6.690632e-01
        138000   9.005791e-01   5.502710e+01              0             20              6              3   1.164188e+01   2.108320e-01   6.746922e-01
        138500   8.942636e-01   7.117761e+01              0             24              6              4   1.162869e+01   1.920046e-01   6.606341e-01
        139000   8.717537e-01   7.211926e+01              0             23              4              3   1.152390e+01   1.808455e-01   6.469140e-01
        139500   8.966764e-01   5.783652e+01              0             23              5              4   1.165077e+01   1.849361e-01   6.561533e-01
        140000   8.838333e-01   7.403836e+01              0             21              4              3   1.135430e+01   2.097025e-01   6.452459e-01
        140500   8.736813e-01   7.503319e+01              0             26              5              2   1.159707e+01   1.855147e-01   6.548263e-01
        141000   8.977951e-01   6.068882e+01              0             21              5              3   1.150811e+01   1.964930e-01   6.468468e-01
        141500   9.154597e-01   6.165349e+01              0             20              4              3   1.163578e+01   2.094529e-01   6.516698e-01
        142000   9.547943e-01   4.317314e+01              0             22              4              3   1.177871e+01   1.957141e-01   6.679880e-01
        142500   1.016182e+00   2.573910e+01              0             19              4              2   1.173455e+01   2.052372e-01   6.533339e-01
        143000   1.045631e+00   1.330439e+01              0             18              3              3   1.189596e+01   1.927281e-01   6.664520e-01
        143500   1.054128e+00   1.429597e+01              0             17              3              2   1.186690e+01   1.905799e-01   6.684243e-01
        144000   1.017681e+00   2.860318e+01              0             19              2              3   1.170622e+01   1.936310e-01   6.688302e-01
        144500   1.037789e+00   2.958278e+01              0             19              3              2   1.187771e+01   1.958117e-01   6.803289e-01
        145000   1.075876e+00   1.721008e+01              0             14              2              1   1.168665e+01   2.006132e-01   6.581584e-01
        145500   1.103792e+00   1.819174e+01              0             14              3              1   1.209736e+01   2.072590e-01   6.880023e-01
        146000   1.114064e+00   1.065377e+01              0             12              0              0   1.188150e+01   1.947367e-01   6.823174e-01
        146500   1.068562e+00   1.998353e+01              0             17              0              1   1.197630e+01   1.942665e-01   6.801095e-01
        147000   1.072352e+00   2.097494e+01              0             15              0              1   1.199862e+01   1.930493e-01   6.697533e-01
        147500   1.097604e+00   1.343517e+01              0             15              0              1   1.158421e+01   2.099054e-01   6.671653e-01
        148000   1.076064e+00   2.293075e+01              0             15              0              1   1.141678e+01   1.913884e-01   6.407148e-01
        148500   1.093850e+00   2.391346e+01              0             13              0              0   1.181462e+01   1.840662e-01   6.616566e-01
        149000   1.094702e+00   2.482148e+01              0             13              2              1   1.151090e+01   1.729717e-01   6.464008e-01
        149500   1.115372e+00   1.729883e+01              0             14              0              1   1.172913e+01   1.606881e-01   6.505083e-01
        150000   1.088714e+00   1.829151e+01              0             12              0              1   1.178214e+01   1.465551e-01   6.458411e-01
        150500   1.092033e+00   1.924605e+01              0             11              0              1   1.169745e+01   1.445725e-01   6.334329e-01
        151000   1.148529e+00   2.022428e+01              0             11              0              0   1.166043e+01   1.592227e-01   6.401424e-01
        151500   1.123921e+00   2.119928e+01              0             11              0              1   1.162225e+01   1.647691e-01   6.408725e-01
        152000   1.160202e+00   1.507681e+01              0              9              0              1   1.177033e+01   1.680403e-01   6.497702e-01
        152500   1.130311e+00   2.310069e+01              0             11              0              1   1.170002e+01   1.799421e-01   6.579568e-01
        153000   1.174656e+00   1.703683e+01              0             12              0              1   1.155357e+01   1.997642e-01   6.545023e-01
        153500   1.169640e+00   1.801923e+01              0             12              0              1   1.153784e+01   1.957876e-01   6.565127e-01
        154000   1.147306e+00   1.901645e+01              0             11              0              1   1.182225e+01   1.861147e-01   6.535004e-01
        154500   1.132910e+00   2.669767e+01              0             11              0              1   1.145381e+01   1.931063e-01   6.382611e-01
        155000   1.135554e+00   2.086684e+01              0             11              0              1   1.124811e+01   2.011924e-01   6.395021e-01
        155500   1.193285e+00   1.451989e+01              0             10              0              1   1.142726e+01   2.058544e-01   6.509556e-01
        156000   1.203227e+00   1.549465e+01              0             10              0              1   1.129052e+01   2.222292e-01   6.599533e-01
        156500   1.211500e+00   1.644903e+01              0             11              0              1   1.146123e+01   2.229902e-01   6.777404e-01
        157000   1.234359e+00   1.743720e+01              0             11              0              0   1.139035e+01   2.321471e-01   6.694375e-01
        157500   1.246271e+00   1.138661e+01              0             10              0              1   1.144454e+01   2.163348e-01   6.663853e-01
        158000   1.264627e+00   1.234215e+01              0             10              0              1   1.150383e+01   2.350491e-01   6.829400e-01
        158500   1.257764e+00   1.333136e+01              0             10              0              1   1.130113e+01   2.357538e-01   6.648587e-01
        159000   1.278267e+00   1.432915e+01              0              9              0              1   1.141189e+01   2.371989e-01   6.833054e-01
        159500   1.259018e+00   1.532384e+01              0             11              0              1   1.124457e+01   2.470250e-01   6.608787e-01
        160000   1.275506e+00   1.631871e+01              0              9              0              1   1.148100e+01   2.190117e-01   6.798999e-01
        160500   1.273087e+00   1.730988e+01              0             10              0              1   1.132915e+01   2.301444e-01   6.727551e-01
        161000   1.282776e+00   1.190391e+01              0             10              0              0   1.165476e+01   2.276911e-01   6.681252e-01
        161500   1.254117e+00   1.928789e+01              0             10              0              1   1.154703e+01   2.202924e-01   6.671288e-01
        162000   1.277819e+00   1.356835e+01              0              9              0              1   1.167866e+01   2.202046e-01   6.710913e-01
        162500   1.243038e+00   2.741662e+01              0             10              0              1   1.153646e+01   2.046949e-01   6.421989e-01
        163000   1.256583e+00   2.222462e+01              0              9              0              0   1.169440e+01   2.026802e-01   6.593933e-01
        163500   1.299776e+00   2.319543e+01              0              9              0              0   1.166655e+01   1.972435e-01   6.654353e-01
        164000   1.246325e+00   3.005918e+01              0             10              0              0   1.184570e+01   2.102313e-01   6.713932e-01
        164500   1.184457e+00   3.463309e+01              0             12              0              1   1.169477e+01   2.107781e-01   6.686208e-01
        165000   1.204429e+00   3.554996e+01              0             10              0              1   1.171137e+01   1.918032e-01   6.576754e-01
        165500   1.173650e+00   3.651978e+01              0             12              0              1   1.141012e+01   2.032923e-01   6.380059e-01
        166000   1.159506e+00   3.750932e+01              0             12              0              1   1.168078e+01   1.978034e-01   6.581203e-01
        166500   1.152608e+00   3.849840e+01              0             10              0              1   1.141741e+01   2.209026e-01   6.389908e-01
        167000   1.155259e+00   3.945848e+01              0             11              0              1   1.140950e+01   2.107514e-01   6.455868e-01
        167500   1.178663e+00   4.045063e+01              0             11              0              2   1.149861e+01   2.170399e-01   6.604664e-01
        168000   1.203724e+00   3.723204e+01              0             11              0              1   1.159789e+01   2.186366e-01   6.686551e-01
        168500   1.218261e+00   3.822702e+01              0             10              0              1   1.149629e+01   2.059431e-01   6.543685e-01
        169000   1.181078e+00   4.317981e+01              0             10              0              1   1.145647e+01   1.859180e-01   6.346187e-01
        169500   1.198534e+00   4.012219e+01              0              9              0              1   1.156158e+01   1.901779e-01   6.353518e-01
        170000   1.215437e+00   4.111996e+01              0             12              0              1   1.140813e+01   2.158934e-01   6.561032e-01
        170500   1.190459e+00   4.209689e+01              0             10              0              1   1.146633e+01   2.050555e-01   6.453642e-01
        171000   1.224119e+00   4.307970e+01              0              9              0              0   1.150987e+01   2.251409e-01   6.449690e-01
        171500   1.280159e+00   3.535501e+01              0              9              0              0   1.149110e+01   2.325962e-01   6.576692e-01
        172000   1.276364e+00   3.634232e+01              0              9              0              0   1.138260e+01   2.363258e-01   6.571863e-01
        172500   1.247238e+00   3.732738e+01              0             10              0              0   1.149779e+01   2.433893e-01   6.652217e-01
        173000   1.314658e+00   2.679984e+01              0              9              0              0   1.158920e+01   2.442042e-01   6.687450e-01
        173500   1.312624e+00   2.779136e+01              0              8              0              0   1.157090e+01   2.348852e-01   6.780782e-01
        174000   1.334776e+00   2.878167e+01              0              8              0              0   1.161972e+01   2.096785e-01   6.703524e-01
        174500   1.387974e+00   9.555972e+00              0              6              0              0   1.159314e+01   2.228992e-01   6.601441e-01
        175000   1.411882e+00   1.053357e+01              0              7              0              0   1.158059e+01   2.278444e-01   6.763416e-01
        175500   1.419238e+00   1.151507e+01              0              7              0              0   1.139252e+01   2.339692e-01   6.476429e-01
        176000   1.428857e+00   1.250129e+01              0              7              0              0   1.145369e+01   2.221638e-01   6.429012e-01
        176500   1.426008e+00   1.346725e+01              0              7              0              0   1.148111e+01   2.146436e-01   6.498743e-01
        177000   1.408429e+00   1.446047e+01              0              7              0              0   1.144756e+01   2.201452e-01   6.529911e-01
        177500   1.411773e+00   1.544646e+01              0              7              0              0   1.157970e+01   2.373137e-01   6.504058e-01
        178000   1.515902e+00   5.902030e+00              0              3              0              0   1.140363e+01   2.559398e-01   6.554437e-01
        178500   1.508670e+00   6.897461e+00              0              4              0              0   1.134376e+01   2.551733e-01   6.522609e-01
        179000   1.507349e+00   7.882775e+00              0              4              0              0   1.125833e+01   2.515689e-01   6.501060e-01
        179500   1.498164e+00   1.305232e+01              0              4              0              0   1.155654e+01   2.453669e-01   6.662995e-01
        180000   1.560716e+00   6.346811e+00              0              1              0              0   1.126599e+01   2.357983e-01   6.430591e-01
        180500   1.520653e+00   1.080830e+01              0              3              0              0   1.126515e+01   2.484712e-01   6.377920e-01
        181000   1.549334e+00   8.249670e+00              0              4              0              0   1.148641e+01   2.635925e-01   6.338503e-01
        181500   1.564537e+00   9.209173e+00              0              3              0              0   1.136354e+01   2.407526e-01   6.242872e-01
        182000   1.563799e+00   1.020530e+01              0              2              0              0   1.134309e+01   2.400151e-01   6.238707e-01
        182500   1.559218e+00   1.118721e+01              0              2              0              0   1.112707e+01   2.539009e-01   6.177931e-01
        183000   1.563304e+00   1.217909e+01              0              2              0              0   1.115851e+01   2.632647e-01   6.269862e-01
        183500   1.539014e+00   1.637431e+01              0              2              0              0   1.096401e+01   2.630902e-01   6.143905e-01
        184000   1.559857e+00   1.411339e+01              0              3              0              0   1.115493e+01   2.694080e-01   6.300080e-01
        184500   1.556507e+00   1.508782e+01              0              2              0              0   1.114314e+01   2.775519e-01   6.203868e-01
        185000   1.588395e+00   1.608504e+01              0              2              0              0   1.130662e+01   2.742484e-01   6.432326e-01
        185500   1.618539e+00   1.248164e+01              0              0              0              0   1.126635e+01   2.789410e-01   6.559316e-01
        186000   1.614907e+00   1.345820e+01              0              1              0              0   1.142841e+01   2.895393e-01   6.671004e-01
        186500   1.621607e+00   1.444929e+01              0              2              0              0   1.135912e+01   2.763915e-01   6.576330e-01
        187000   1.641567e+00   1.024563e+01              0              0              0              0   1.146939e+01   2.638866e-01   6.366975e-01
        187500   1.587299e+00   2.045752e+01              0              1              0              0   1.100754e+01   2.935346e-01   6.288379e-01
        188000   1.582523e+00   2.140451e+01              0              2              0              0   1.118325e+01   2.928835e-01   6.439116e-01
        188500   1.583959e+00   2.239491e+01              0              1              0              0   1.152031e+01   2.770610e-01   6.532406e-01
        189000   1.590927e+00   2.336918e+01              0              1              0              0   1.110592e+01   2.913348e-01   6.371667e-01
        189500   1.624448e+00   2.016957e+01              0              0              0              0   1.107863e+01   2.787812e-01   6.342741e-01
        190000   1.632523e+00   2.116656e+01              0              1              0              0   1.109548e+01   2.860426e-01   6.381104e-01
        190500   1.691736e+00   9.471097e+00              0              0              0              0   1.135539e+01   2.801219e-01   6.422388e-01
        191000   1.716840e+00   1.046200e+01              0              0              0              0   1.147152e+01   2.774340e-01   6.469998e-01
        191500   1.735668e+00   1.145761e+01              0              0              0              0   1.120067e+01   2.787467e-01   6.403660e-01
        192000   1.707008e+00   1.244007e+01              0              0              0              0   1.120721e+01   2.812603e-01   6.389586e-01
        192500   1.781967e+00   8.246323e+00              0              0              0              0   1.101141e+01   2.884601e-01   6.387563e-01
        193000   1.854736e+00   2.910041e+00              0              0              0              0   1.130613e+01   2.754369e-01   6.525270e-01
        193500   1.865863e+00   3.897045e+00              0              0              0              0   1.129385e+01   2.823533e-01   6.427266e-01
        194000   1.880754e+00   4.874449e+00              0              0              0              0   1.145462e+01   2.772038e-01   6.498179e-01
        194500   1.906479e+00   3.901793e+00              0              0              0              0   1.140599e+01   2.760419e-01   6.549607e-01
        195000   1.919742e+00   4.879555e+00              0              0              0              0   1.158973e+01   2.907051e-01   6.650031e-01
        195500   1.887655e+00   7.710456e+00              0              0              0              0   1.130968e+01   2.908223e-01   6.399411e-01
        196000   1.871799e+00   8.688162e+00              0              0              0              0   1.143690e+01   2.660515e-01   6.479871e-01
        196500   1.841273e+00   1.125892e+01              0              0              0              0   1.120027e+01   2.835810e-01   6.441822e-01
        197000   1.797250e+00   1.224912e+01              0              0              0              0   1.144118e+01   2.621224e-01   6.545958e-01
        197500   1.833126e+00   1.323264e+01              0              0              0              0   1.133768e+01   2.599708e-01   6.572778e-01
        198000   1.880576e+00   1.231843e+01              0              0              0              0   1.123864e+01   2.714689e-01   6.627528e-01
        198500   1.910522e+00   1.043747e+01              0              0              0              0   1.156063e+01   2.909844e-01   6.740696e-01
        199000   1.899004e+00   1.141743e+01              0              0              0              0   1.149185e+01   2.866270e-01   6.574463e-01
        199500   1.884293e+00   1.514110e+01              0              0              0              0   1.102859e+01   2.772632e-01   6.116264e-01
        200000   1.871001e+00   1.613358e+01              0              0              0              0   1.124078e+01   2.678905e-01   6.171767e-01
        200500   1.906425e+00   1.418676e+01              0              0              0              0   1.150102e+01   2.486848e-01   6.376066e-01
        201000   1.876412e+00   1.807100e+01              0              0              0              0   1.129581e+01   2.652231e-01   6.323046e-01
        201500   1.858223e+00   1.906675e+01              0              0              0              0   1.153787e+01   2.712187e-01   6.574957e-01
        202000   1.905681e+00   1.688532e+01              0              0              0              0   1.124936e+01   2.862122e-01   6.483571e-01
        202500   1.870923e+00   2.096304e+01              0              0              0              0   1.110283e+01   3.000036e-01   6.487470e-01
        203000   1.885886e+00   2.195894e+01              0              0              0              0   1.135197e+01   2.868565e-01   6.626321e-01
        203500   1.935499e+00   1.972790e+01              0              0              0              0   1.123450e+01   3.054890e-01   6.561301e-01
        204000   1.928856e+00   2.071980e+01              0              0              0              0   1.115028e+01   2.899735e-01   6.485251e-01
        204500   1.999027e+00   9.490647e+00              0              0              0              0   1.117624e+01   2.892547e-01   6.524025e-01
        205000   2.020874e+00   1.048713e+01              0              0              0              0   1.114888e+01   2.847207e-01   6.446202e-01
        205500   2.094490e+00   3.195896e+00              0              0              0              0   1.127507e+01   2.681870e-01   6.534651e-01
        206000   2.135095e+00   2.173575e+00              0              0              0              0   1.144395e+01   2.833389e-01   6.541585e-01
        206500   2.148569e+00   3.094528e+00              0              0              0              0   1.120190e+01   2.840405e-01   6.484326e-01
        207000   2.178141e+00   4.085131e+00              0              0              0              0   1.118620e+01   2.894446e-01   6.474866e-01
        207500   2.180876e+00   5.081207e+00              0              0              0              0   1.126926e+01   2.860596e-01   6.519425e-01
        208000   2.224458e+00   4.426274e+00              0              0              0              0   1.121994e+01   2.803613e-01   6.601272e-01
        208500   2.298085e+00   3.767565e+00              0              0              0              0   1.125263e+01   2.864602e-01   6.563419e-01
        209000   2.335796e+00   3.246554e+00              0              0              0              0   1.109724e+01   2.674411e-01   6.498511e-01
        209500   2.349576e+00   2.942070e+00              0              0              0              0   1.122557e+01   2.592920e-01   6.418057e-01
        210000   2.355437e+00   3.915732e+00              0              0              0              0   1.126770e+01   2.790232e-01   6.498448e-01
        210500   2.392246e+00   3.431737e+00              0              0              0              0   1.114592e+01   2.952777e-01   6.531863e-01
        211000   2.409636e+00   4.386535e+00              0              0              0              0   1.134602e+01   3.004201e-01   6.558842e-01
        211500   2.378155e+00   6.832028e+00              0              0              0              0   1.138834e+01   2.842016e-01   6.652391e-01
        212000   2.385060e+00   7.811759e+00              0              0              0              0   1.142526e+01   2.973499e-01   6.744695e-01
        212500   2.405845e+00   7.240835e+00              0              0              0              0   1.124374e+01   2.957432e-01   6.737954e-01
        213000   2.371167e+00   9.754460e+00              0              0              0              0   1.121748e+01   2.834928e-01   6.557167e-01
        213500   2.315291e+00   1.091928e+01              0              0              0              0   1.152994e+01   2.820373e-01   6.791834e-01
        214000   2.317967e+00   1.191652e+01              0              0              0              0   1.125382e+01   2.923360e-01   6.684924e-01
        214500   2.268461e+00   1.189235e+01              0              0              0              0   1.126834e+01   3.012332e-01   6.669725e-01
        215000   2.260207e+00   1.287534e+01              0              0              0              0   1.146424e+01   2.901933e-01   6.559424e-01
        215500   2.267679e+00   1.387161e+01              0              0              0              0   1.159531e+01   3.064280e-01   6.691138e-01
        216000   2.235933e+00   1.321600e+01              0              0              0              0   1.130559e+01   2.911680e-01   6.589372e-01
        216500   2.253128e+00   1.579502e+01              0              0              0              0   1.149623e+01   3.033955e-01   6.591449e-01
        217000   2.238130e+00   1.516567e+01              0              0              0              0   1.136636e+01   2.770240e-01   6.586442e-01
        217500   2.227361e+00   1.616211e+01              0              0              0              0   1.125645e+01   2.717536e-01   6.593894e-01
        218000   2.186645e+00   1.472113e+01              0              0              0              0   1.139287e+01   2.597153e-01   6.751810e-01
        218500   2.165008e+00   1.571307e+01              0              0              0              0   1.142768e+01   2.790781e-01   6.733631e-01
        219000   2.136414e+00   1.441733e+01              0              0              0              0   1.127423e+01   2.643704e-01   6.564487e-01
        219500   2.118632e+00   1.540091e+01              0              0              0              0   1.137886e+01   2.458995e-01   6.643740e-01
        220000   2.124410e+00   1.640004e+01              0              0              0              0   1.146983e+01   2.533723e-01   6.629808e-01
        220500   2.109208e+00   1.739481e+01              0              0              0              0   1.134566e+01   2.649134e-01   6.419520e-01
        221000   2.055397e+00   1.715861e+01              0              0              0              0   1.107315e+01   2.695446e-01   6.249060e-01
        221500   2.089579e+00   1.814859e+01              0              0              0              0   1.124677e+01   2.771793e-01   6.405107e-01
        222000   2.101075e+00   2.015144e+01              0              0              0              0   1.145560e+01   2.942460e-01   6.631005e-01
        222500   2.090008e+00   2.006511e+01              0              0              0              0   1.136382e+01   2.795198e-01   6.484503e-01
        223000   2.087634e+00   2.203297e+01              0              0              0              0   1.121190e+01   2.795689e-01   6.397138e-01
        223500   2.081561e+00   2.204970e+01              0              0              0              0   1.121586e+01   2.726675e-01   6.355031e-01
        224000   2.131216e+00   2.389891e+01              0              0              0              0   1.157760e+01   2.637618e-01   6.567678e-01
        224500   2.120226e+00   2.489673e+01              0              0              0              0   1.134209e+01   2.634054e-01   6.351532e-01
        225000   2.085397e+00   2.482123e+01              0              0              0              0   1.153068e+01   2.837895e-01   6.423314e-01
        225500   2.082969e+00   2.578562e+01              0              0              0              0   1.127474e+01   2.774770e-01   6.375516e-01
        226000   2.043805e+00   2.570700e+01              0              0              0              0   1.115535e+01   2.787584e-01   6.267070e-01
        226500   2.034012e+00   2.770146e+01              0              0              0              0   1.104990e+01   2.938051e-01   6.202173e-01
        227000   2.075924e+00   2.865950e+01              0              0              0              0   1.112863e+01   2.953433e-01   6.301453e-01
        227500   2.091939e+00   2.964597e+01              0              0              0              0   1.118928e+01   3.051177e-01   6.229066e-01
        228000   2.122275e+00   3.098401e+01              0              0              0              0   1.095520e+01   3.145282e-01   6.009304e-01
        228500   2.068528e+00   3.152996e+01              0              0              0              0   1.104602e+01   2.891948e-01   6.282748e-01
        229000   2.044005e+00   3.083363e+01              0              0              0              0   1.116727e+01   3.014064e-01   6.348792e-01
        229500   2.026773e+00   3.179661e+01              0              0              0              0   1.102191e+01   3.215222e-01   6.472766e-01
        230000   2.007068e+00   3.275330e+01              0              0              0              0   1.114793e+01   2.936589e-01   6.498217e-01
        230500   2.004496e+00   3.374528e+01              0              0              0              0   1.126973e+01   3.022074e-01   6.503309e-01
        231000   1.999129e+00   3.299857e+01              0              0              0              0   1.142858e+01   2.973945e-01   6.600876e-01
        231500   1.981440e+00   3.398575e+01              0              0              0              0   1.151274e+01   2.861867e-01   6.639115e-01
        232000   1.996264e+00   3.497806e+01              0              0              0              0   1.146996e+01   2.893294e-01   6.595951e-01
        232500   2.016043e+00   3.752242e+01              0              0              0              0   1.148035e+01   2.773829e-01   6.492796e-01
        233000   2.014889e+00   3.849682e+01              0              0              0              0   1.160304e+01   2.455645e-01   6.504433e-01
        233500   2.000856e+00   3.948251e+01              0              0              0              0   1.128958e+01   2.507960e-01   6.400623e-01
        234000   2.004688e+00   3.871151e+01              0              0              0              0   1.140135e+01   2.411372e-01   6.402288e-01
        234500   1.888149e+00   3.236975e+01              0              0              0              0   1.152274e+01   2.536582e-01   6.565187e-01
        235000   1.922010e+00   3.757779e+01              0              0              0              0   1.126188e+01   2.620179e-01   6.499792e-01
        235500   1.913889e+00   3.428067e+01              0              0              0              0   1.130296e+01   2.563577e-01   6.630870e-01
        236000   1.883647e+00   3.524248e+01              0              0              0              0   1.123803e+01   2.726017e-01   6.460245e-01
        236500   1.851515e+00   3.046844e+01              0              0              0              0   1.126647e+01   2.642963e-01   6.457280e-01
        237000   1.814086e+00   2.594752e+01              0              0              0              0   1.135747e+01   2.739830e-01   6.428702e-01
        237500   1.810488e+00   3.242895e+01              0              0              0              0   1.131763e+01   2.625817e-01   6.417717e-01
        238000   1.798420e+00   3.339075e+01              0              0              0              0   1.139716e+01   2.684488e-01   6.490581e-01
        238500   1.808467e+00   3.436994e+01              0              0              0              0   1.133119e+01   2.649818e-01   6.507760e-01
        239000   1.773206e+00   2.979081e+01              0              0              0              0   1.137928e+01   2.593587e-01   6.488048e-01
        239500   1.833893e+00   3.620994e+01              0              0              0              0   1.148404e+01   2.469582e-01   6.578909e-01
        240000   1.798978e+00   3.165482e+01              0              0              0              0   1.153685e+01   2.296966e-01   6.440421e-01
        240500   1.762767e+00   3.264383e+01              0              0              0              0   1.139184e+01   2.429808e-01   6.371464e-01
        241000   1.773607e+00   3.363875e+01              0              0              0              0   1.142713e+01   2.628812e-01   6.286298e-01
        241500   1.719449e+00   3.024747e+01              0              0              0              0   1.123989e+01   2.613398e-01   6.494449e-01
        242000   1.694876e+00   2.926179e+01              0              0              0              0   1.139797e+01   2.532536e-01   6.369001e-01
        242500   1.681554e+00   3.025325e+01              0              0              0              0   1.185434e+01   2.660832e-01   6.594960e-01
        243000   1.728401e+00   3.307938e+01              0              0              0              0   1.168110e+01   2.514844e-01   6.501170e-01
        243500   1.767534e+00   3.771233e+01              0              0              0              0   1.163180e+01   2.623495e-01   6.561323e-01
        244000   1.736296e+00   3.499705e+01              0              0              0              0   1.150947e+01   2.406170e-01   6.463491e-01
        244500   1.736697e+00   3.597736e+01              0              0              0              0   1.162115e+01   2.317934e-01   6.490266e-01
        245000   1.701225e+00   3.696219e+01              0              0              0              0   1.154848e+01   2.121398e-01   6.591096e-01
        245500   1.715915e+00   3.792453e+01              0              0              0              0   1.160795e+01   1.983873e-01   6.527620e-01
        246000   1.691963e+00   3.634624e+01              0              0              0              0   1.171574e+01   2.221035e-01   6.635032e-01
        246500   1.672047e+00   3.733383e+01              0              0              0              0   1.170378e+01   2.240058e-01   6.771869e-01
        247000   1.689166e+00   3.832909e+01              0              0              0              0   1.144053e+01   2.366309e-01   6.580422e-01
        247500   1.695257e+00   3.926961e+01              0              0              0              0   1.170489e+01   2.065464e-01   6.562685e-01
        248000   1.701836e+00   4.023874e+01              0              0              0              0   1.164488e+01   2.122922e-01   6.641114e-01
        248500   1.753500e+00   4.567346e+01              0              0              0              0   1.164438e+01   2.233904e-01   6.577743e-01
        249000   1.698585e+00   4.189252e+01              0              0              0              0   1.191420e+01   2.217092e-01   6.600797e-01
        249500   1.671056e+00   4.288652e+01              0              0              0              0   1.171813e+01   2.251065e-01   6.522834e-01
        250000   1.642785e+00   4.037266e+01              0              0              0              0   1.149151e+01   2.183010e-01   6.355295e-01
        250500   1.581417e+00   3.678439e+01              0              0              0              0   1.157391e+01   2.394200e-01   6.394822e-01
        251000   1.585795e+00   3.777105e+01              0              0              0              0   1.177699e+01   2.340983e-01   6.614817e-01
        251500   1.580320e+00   3.876771e+01              0              0              0              0   1.164494e+01   2.054947e-01   6.467818e-01
        252000   1.508262e+00   2.907591e+01              0              0              0              0   1.153533e+01   2.201261e-01   6.517189e-01
        252500   1.487042e+00   3.005525e+01              0              0              0              0   1.165340e+01   2.305541e-01   6.567324e-01
        253000   1.503119e+00   3.604961e+01              0              0              0              0   1.164166e+01   2.242079e-01   6.695719e-01
        253500   1.480820e+00   3.200460e+01              0              0              0              0   1.172480e+01   1.998502e-01   6.646561e-01
        254000   1.454827e+00   3.299362e+01              0              0              0              0   1.160240e+01   2.174629e-01   6.679203e-01
        254500   1.452068e+00   3.103524e+01              0              0              0              0   1.152645e+01   1.981578e-01   6.608609e-01
        255000   1.447520e+00   3.200653e+01              0              0              0              0   1.145667e+01   1.942393e-01   6.618567e-01
        255500   1.503612e+00   3.592934e+01              0              0              0              0   1.158992e+01   2.113856e-01   6.703116e-01
        256000   1.580940e+00   4.480676e+01              0              0              0              0   1.156311e+01   2.248728e-01   6.703738e-01
        256500   1.582938e+00   4.577612e+01              0              0              0              0   1.153010e+01   2.350444e-01   6.650066e-01
        257000   1.588208e+00   4.676799e+01              0              0              0              0   1.139592e+01   2.478113e-01   6.718183e-01
        257500   1.617641e+00   4.958387e+01              0              0              0              0   1.137633e+01   2.325284e-01   6.665235e-01
        258000   1.634647e+00   5.057854e+01              0              0              0              0   1.167635e+01   2.338099e-01   6.831321e-01
        258500   1.622187e+00   5.157642e+01              0              0              0              0   1.178100e+01   2.382564e-01   6.784002e-01
        259000   1.625353e+00   5.257485e+01              0              0              0              0   1.180169e+01   2.177639e-01   6.644719e-01
        259500   1.635814e+00   5.356102e+01              0              0              0              0   1.165883e+01   2.095623e-01   6.516450e-01
        260000   1.612820e+00   5.455198e+01              0              0              0              0   1.177940e+01   2.209003e-01   6.582675e-01
        260500   1.616709e+00   5.554170e+01              0              0              0              0   1.175180e+01   2.163705e-01   6.504404e-01
        261000   1.618138e+00   5.651689e+01              0              0              0              0   1.177480e+01   2.118113e-01   6.534694e-01
        261500   1.635588e+00   5.750959e+01              0              0              0              0   1.174068e+01   2.135843e-01   6.554063e-01
        262000   1.646467e+00   5.769550e+01              0              0              0              0   1.170853e+01   2.133485e-01   6.641422e-01
        262500   1.694486e+00   5.867068e+01              0              0              0              0   1.185096e+01   2.167329e-01   6.681989e-01
        263000   1.716188e+00   5.672018e+01              0              0              0              0   1.178714e+01   2.268328e-01   6.671122e-01
        263500   1.747876e+00   5.432619e+01              0              0              0              0   1.171622e+01   2.115053e-01   6.585433e-01
        264000   1.729095e+00   5.869831e+01              0              0              0              0   1.161331e+01   2.161045e-01   6.592270e-01
        264500   1.730192e+00   5.969612e+01              0              0              0              0   1.172912e+01   2.187351e-01   6.561411e-01
        265000   1.661964e+00   6.306708e+01              0              0              0              0   1.187188e+01   2.190999e-01   6.731354e-01
        265500   1.694792e+00   6.405275e+01              0              0              0              0   1.182537e+01   2.192836e-01   6.721895e-01
        266000   1.731634e+00   6.253903e+01              0              0              0              0   1.199611e+01   2.133199e-01   6.738929e-01
        266500   1.835753e+00   5.498606e+01              0              0              0              0   1.204388e+01   2.255014e-01   6.899697e-01
        267000   1.891116e+00   4.856170e+01              0              0              0              0   1.217018e+01   2.279139e-01   7.096376e-01
        267500   1.935462e+00   4.953050e+01              0              0              0              0   1.206302e+01   2.189074e-01   7.021980e-01
        268000   1.921473e+00   5.050197e+01              0              0              0              0   1.228647e+01   2.463440e-01   7.170283e-01
        268500   1.953013e+00   4.863145e+01              0              0              0              0   1.204572e+01   2.464974e-01   6.923648e-01
        269000   1.978569e+00   4.962696e+01              0              0              0              0   1.194439e+01   2.176998e-01   6.860009e-01
        269500   2.044665e+00   4.784086e+01              0              0              0              0   1.190296e+01   2.111700e-01   6.752307e-01
        270000   2.065062e+00   4.539473e+01              0              0              0              0   1.200986e+01   2.030992e-01   6.707744e-01
        270500   2.083824e+00   4.639068e+01              0              0              0              0   1.210001e+01   2.128215e-01   6.750997e-01
        271000   2.079694e+00   4.737833e+01              0              0              0              0   1.193038e+01   2.120111e-01   6.722079e-01
        271500   2.126486e+00   4.328496e+01              0              0              0              0   1.187830e+01   1.915669e-01   6.713049e-01
        272000   2.198312e+00   3.092842e+01              0              0              0              0   1.197782e+01   2.038389e-01   6.790320e-01
        272500   2.256279e+00   2.613677e+01              0              0              0              0   1.201228e+01   1.952570e-01   6.724727e-01
        273000   2.289919e+00   2.205622e+01              0              0              0              0   1.199513e+01   2.279387e-01   6.851752e-01
        273500   2.319794e+00   2.305128e+01              0              0              0              0   1.184278e+01   2.324295e-01   6.771509e-01
        274000   2.332283e+00   2.404945e+01              0              0              0              0   1.192780e+01   2.243203e-01   6.865011e-01
        274500   2.370750e+00   1.980130e+01              0              0              0              0   1.180985e+01   2.320899e-01   6.826392e-01
        275000   2.404701e+00   1.494342e+01              0              0              0              0   1.184383e+01   2.341729e-01   6.811370e-01
        275500   2.403047e+00   1.593231e+01              0              0              0              0   1.184523e+01   2.315639e-01   6.666992e-01
        276000   2.487032e+00   1.096574e+01              0              0              0              0   1.161143e+01   2.059176e-01   6.520961e-01
