          step              r      E_metad_r      n_cont_CA   n_cont_heavy       n_saltbr        n_hbond           SASA           RMSD             Rg 
             0   4.629278e-01   0.000000e+00              4             55              4              7   1.172751e+01   0.000000e+00   6.459176e-01
           500   4.812921e-01   9.913495e-01              4             54              4              7   1.160158e+01   5.700148e-02   6.502507e-01
          1000   4.754765e-01   1.984084e+00              5             55              4              8   1.169190e+01   5.061195e-02   6.371321e-01
          1500   4.730377e-01   2.980240e+00              5             55              4              7   1.167022e+01   5.871221e-02   6.348475e-01
          2000   4.727579e-01   3.973509e+00              4             54              4              7   1.159244e+01   6.825317e-02   6.253931e-01
          2500   4.832364e-01   4.969341e+00              4             54              4              6   1.159973e+01   1.047364e-01   6.314810e-01
          3000   4.815018e-01   5.960506e+00              5             53              3              8   1.157011e+01   1.008396e-01   6.329977e-01
          3500   4.894425e-01   6.949620e+00              4             52              4              7   1.146878e+01   8.396977e-02   6.277399e-01
          4000   4.909507e-01   7.942716e+00              4             52              4              5   1.158909e+01   8.763293e-02   6.320735e-01
          4500   4.956619e-01   8.909010e+00              3             54              4              8   1.173552e+01   7.387469e-02   6.402707e-01
          5000   4.862895e-01   9.888418e+00              3             54              4              6   1.154820e+01   6.191745e-02   6.296903e-01
          5500   4.945014e-01   1.087325e+01              4             51              4              6   1.164594e+01   7.129288e-02   6.429656e-01
          6000   4.935654e-01   1.181500e+01              4             52              4              8   1.157864e+01   8.414806e-02   6.330568e-01
          6500   4.918310e-01   1.279505e+01              4             54              4              8   1.170712e+01   7.928821e-02   6.403249e-01
          7000   4.798848e-01   1.378110e+01              3             54              4              6   1.170197e+01   7.788222e-02   6.282759e-01
          7500   4.972670e-01   1.475866e+01              3             53              4              6   1.164400e+01   1.055604e-01   6.391589e-01
          8000   4.849315e-01   1.574130e+01              5             55              4              8   1.151401e+01   9.874670e-02   6.296307e-01
          8500   4.840903e-01   1.673470e+01              4             53              3              7   1.152257e+01   9.857789e-02   6.163131e-01
          9000   4.971641e-01   1.771240e+01              5             53              4              8   1.141813e+01   1.079668e-01   6.232989e-01
          9500   4.661288e-01   1.869292e+01              3             53              4              8   1.156794e+01   9.000093e-02   6.185158e-01
         10000   4.755355e-01   1.968771e+01              5             53              4              7   1.156150e+01   8.508592e-02   6.339232e-01
         10500   4.799247e-01   2.067140e+01              4             54              3              7   1.172989e+01   9.993573e-02   6.252712e-01
         11000   4.938074e-01   2.166570e+01              3             52              3              6   1.157619e+01   7.815115e-02   6.220662e-01
         11500   4.778991e-01   2.265307e+01              4             54              4              8   1.155730e+01   8.481207e-02   6.243920e-01
         12000   4.768349e-01   2.364973e+01              3             54              3              7   1.162169e+01   9.077755e-02   6.295347e-01
         12500   4.809741e-01   2.464407e+01              4             54              4              8   1.154532e+01   6.803524e-02   6.335086e-01
         13000   4.877030e-01   2.563691e+01              5             54              3              7   1.168366e+01   6.616938e-02   6.338205e-01
         13500   4.656314e-01   2.661625e+01              4             52              4              8   1.153609e+01   7.202485e-02   6.273523e-01
         14000   4.761199e-01   2.761041e+01              4             53              4              7   1.133093e+01   7.836528e-02   6.195480e-01
         14500   4.598272e-01   2.440605e+01              4             55              4              7   1.158090e+01   5.848320e-02   6.321033e-01
         15000   4.652726e-01   2.959366e+01              4             56              4              8   1.145694e+01   5.711132e-02   6.321267e-01
         15500   4.644828e-01   3.058785e+01              5             55              4              8   1.164958e+01   6.364964e-02   6.373626e-01
         16000   4.854759e-01   2.879027e+01              3             56              4              6   1.167937e+01   5.423597e-02   6.390590e-01
         16500   4.870893e-01   3.253452e+01              4             54              4              8   1.183178e+01   6.159924e-02   6.412965e-01
         17000   4.821402e-01   3.352994e+01              5             56              4              7   1.168461e+01   4.907929e-02   6.493020e-01
         17500   4.591902e-01   3.452017e+01              5             56              4              7   1.150424e+01   6.080117e-02   6.284599e-01
         18000   4.535963e-01   3.058795e+01              4             55              3              5   1.169208e+01   5.787612e-02   6.418191e-01
         18500   4.920065e-01   3.648407e+01              4             55              4              7   1.192095e+01   7.243463e-02   6.665192e-01
         19000   4.773028e-01   3.746778e+01              3             54              4              6   1.169814e+01   7.741331e-02   6.405802e-01
         19500   4.846075e-01   3.845362e+01              4             55              4              8   1.181688e+01   5.706000e-02   6.484006e-01
         20000   4.770909e-01   3.944697e+01              3             55              4              8   1.171192e+01   7.311047e-02   6.384536e-01
         20500   4.881051e-01   4.044413e+01              4             56              4              6   1.149872e+01   1.044612e-01   6.249312e-01
         21000   4.695423e-01   4.143767e+01              4             56              4              8   1.133958e+01   1.058076e-01   6.125511e-01
         21500   4.713963e-01   4.242934e+01              4             56              4              7   1.147205e+01   1.087116e-01   6.203660e-01
         22000   4.563783e-01   3.746577e+01              4             56              4              8   1.172531e+01   9.549898e-02   6.447698e-01
         22500   4.707464e-01   4.438159e+01              5             52              4              7   1.155712e+01   9.315556e-02   6.184362e-01
         23000   4.660116e-01   4.537395e+01              5             55              4              7   1.137738e+01   1.021434e-01   6.119679e-01
         23500   4.833294e-01   4.636870e+01              3             54              4              6   1.170978e+01   8.700571e-02   6.260357e-01
         24000   5.105950e-01   4.292058e+01              4             52              4              7   1.164114e+01   8.908156e-02   6.361292e-01
         24500   4.953063e-01   4.828610e+01              5             51              4              7   1.152425e+01   9.826297e-02   6.263416e-01
         25000   4.915412e-01   4.927452e+01              5             53              3              5   1.159142e+01   8.189162e-02   6.263355e-01
         25500   4.999413e-01   4.576237e+01              5             53              3              6   1.148161e+01   9.854299e-02   6.196063e-01
         26000   4.850866e-01   5.121950e+01              4             56              4              7   1.174190e+01   9.538657e-02   6.296419e-01
         26500   4.830440e-01   5.221391e+01              4             54              4              7   1.144033e+01   8.954072e-02   6.136038e-01
         27000   4.769786e-01   5.320553e+01              5             56              4              9   1.171772e+01   8.384069e-02   6.347393e-01
         27500   4.727281e-01   5.419680e+01              4             55              4              8   1.142057e+01   9.328710e-02   6.249376e-01
         28000   4.690802e-01   5.519087e+01              3             54              4              9   1.118592e+01   1.041314e-01   6.126046e-01
         28500   4.848801e-01   5.618193e+01              3             54              4             10   1.128483e+01   1.052541e-01   6.144754e-01
         29000   4.763632e-01   5.717492e+01              5             52              3              9   1.122893e+01   1.018655e-01   6.145458e-01
         29500   4.808811e-01   5.817088e+01              3             51              3              9   1.147091e+01   1.114932e-01   6.200741e-01
         30000   4.925099e-01   5.915044e+01              4             50              3              8   1.141074e+01   1.103651e-01   6.170342e-01
         30500   4.910019e-01   6.013434e+01              4             50              2              8   1.155031e+01   1.050643e-01   6.208773e-01
         31000   5.012989e-01   5.565535e+01              4             53              3              9   1.139612e+01   1.120694e-01   6.219758e-01
         31500   4.953297e-01   6.202023e+01              5             53              4              8   1.157285e+01   1.122225e-01   6.227605e-01
         32000   4.999426e-01   5.755881e+01              4             50              3              6   1.147142e+01   1.082579e-01   6.155059e-01
         32500   4.726060e-01   6.398950e+01              5             54              3              8   1.159492e+01   1.033464e-01   6.277109e-01
         33000   4.689289e-01   6.498453e+01              4             54              2              8   1.143828e+01   1.157987e-01   6.108734e-01
         33500   4.671884e-01   6.597723e+01              3             55              3              8   1.142913e+01   1.039867e-01   6.274619e-01
         34000   4.725292e-01   6.697069e+01              4             54              4              8   1.156348e+01   9.645678e-02   6.352896e-01
         34500   4.571253e-01   5.850675e+01              5             53              4              8   1.141220e+01   1.089475e-01   6.208528e-01
         35000   4.684686e-01   6.892051e+01              5             55              4              9   1.153817e+01   1.071393e-01   6.214539e-01
         35500   4.782761e-01   6.991363e+01              3             55              4              9   1.139768e+01   1.003619e-01   6.173813e-01
         36000   4.666586e-01   7.090702e+01              4             54              4              8   1.123411e+01   1.073204e-01   6.087413e-01
         36500   4.641646e-01   6.210749e+01              5             53              4              9   1.141996e+01   8.425444e-02   6.195445e-01
         37000   4.797786e-01   7.288639e+01              5             54              4              7   1.126003e+01   9.379540e-02   6.059171e-01
         37500   4.847653e-01   7.387893e+01              4             52              4              8   1.148576e+01   8.789101e-02   6.270838e-01
         38000   4.705969e-01   6.474001e+01              5             52              2              7   1.138526e+01   8.797661e-02   6.236782e-01
         38500   4.692264e-01   7.585633e+01              4             55              4              8   1.156898e+01   8.336934e-02   6.367044e-01
         39000   4.625639e-01   7.682790e+01              4             53              4              9   1.167113e+01   9.057058e-02   6.381506e-01
         39500   4.720781e-01   6.748135e+01              4             54              3              9   1.156353e+01   7.970338e-02   6.376932e-01
         40000   4.754103e-01   7.876747e+01              4             52              3              7   1.153414e+01   7.699332e-02   6.329572e-01
         40500   4.997931e-01   7.205931e+01              4             53              3              8   1.157930e+01   7.531661e-02   6.339983e-01
         41000   4.851561e-01   8.069936e+01              5             54              3              5   1.134424e+01   8.967300e-02   6.137255e-01
         41500   4.799210e-01   8.169587e+01              5             54              3              8   1.142854e+01   8.755672e-02   6.189310e-01
         42000   4.863517e-01   8.266141e+01              5             54              3              9   1.149749e+01   8.355705e-02   6.250765e-01
         42500   4.573180e-01   7.249844e+01              5             53              3             10   1.144680e+01   8.693130e-02   6.248876e-01
         43000   4.707590e-01   8.463968e+01              4             52              3              7   1.137210e+01   1.276464e-01   6.249355e-01
         43500   4.774714e-01   8.563754e+01              5             54              4              8   1.136482e+01   8.818503e-02   6.214966e-01
         44000   4.722586e-01   8.663360e+01              3             54              4              9   1.146075e+01   1.006986e-01   6.379919e-01
         44500   4.874517e-01   7.915839e+01              5             52              4              9   1.142170e+01   9.544689e-02   6.176815e-01
         45000   4.834894e-01   8.860921e+01              4             51              4              9   1.143893e+01   9.098180e-02   6.201969e-01
         45500   5.088889e-01   8.095641e+01              4             50              3              7   1.163694e+01   8.761855e-02   6.366452e-01
         46000   4.993058e-01   8.194356e+01              3             50              4              7   1.161212e+01   8.526347e-02   6.282500e-01
         46500   4.802770e-01   9.147035e+01              5             54              4              9   1.141269e+01   9.901538e-02   6.182169e-01
         47000   4.807038e-01   9.246649e+01              4             53              4              9   1.151448e+01   9.505750e-02   6.279736e-01
         47500   4.782866e-01   9.345863e+01              4             53              4             10   1.136030e+01   9.802908e-02   6.279400e-01
         48000   4.749759e-01   9.445676e+01              3             55              4              9   1.136765e+01   8.535969e-02   6.241092e-01
         48500   4.904513e-01   8.649285e+01              5             55              4              9   1.150186e+01   8.455548e-02   6.161459e-01
         49000   4.814226e-01   9.639702e+01              2             53              4              9   1.139269e+01   9.053183e-02   6.132396e-01
         49500   4.831488e-01   9.736991e+01              4             53              4              8   1.140047e+01   8.731637e-02   6.260651e-01
         50000   5.018018e-01   8.929709e+01              4             52              3              8   1.136696e+01   9.222922e-02   6.325629e-01
         50500   5.035760e-01   9.029283e+01              4             53              3              8   1.157752e+01   8.181381e-02   6.431666e-01
         51000   4.972693e-01   9.128717e+01              3             54              2              7   1.150663e+01   8.427142e-02   6.273209e-01
         51500   4.960964e-01   1.010520e+02              5             52              3              9   1.158510e+01   8.379802e-02   6.316139e-01
         52000   4.976797e-01   9.324667e+01              3             50              3              9   1.142686e+01   8.203042e-02   6.246559e-01
         52500   4.765728e-01   1.029898e+02              4             54              3              9   1.151635e+01   8.009259e-02   6.272117e-01
         53000   4.852682e-01   1.039821e+02              5             53              4              9   1.134859e+01   9.257755e-02   6.165218e-01
         53500   4.850868e-01   1.049226e+02              4             53              3              6   1.138418e+01   8.782046e-02   6.205356e-01
         54000   5.118892e-01   9.696727e+01              3             52              3              8   1.137622e+01   8.706637e-02   6.288714e-01
         54500   5.088406e-01   9.795764e+01              5             55              3              6   1.160342e+01   1.033661e-01   6.562702e-01
         55000   4.796289e-01   1.076235e+02              5             54              4              9   1.159844e+01   8.712777e-02   6.500306e-01
         55500   4.802224e-01   1.086193e+02              4             54              3              9   1.140952e+01   1.001710e-01   6.344189e-01
         56000   4.743652e-01   1.096124e+02              5             54              3              9   1.115230e+01   1.087927e-01   6.160956e-01
         56500   4.778385e-01   1.106105e+02              5             54              4              9   1.134558e+01   9.202404e-02   6.301203e-01
         57000   4.711232e-01   1.116089e+02              4             54              3              9   1.132602e+01   9.698395e-02   6.236156e-01
         57500   4.605221e-01   9.655681e+01              3             54              4              8   1.142631e+01   9.113703e-02   6.308487e-01
         58000   4.852651e-01   1.135731e+02              4             53              4              7   1.168117e+01   9.886632e-02   6.380888e-01
         58500   4.906908e-01   1.049602e+02              4             54              4              8   1.140593e+01   1.052855e-01   6.341607e-01
         59000   4.859984e-01   1.155554e+02              4             53              3              9   1.138350e+01   1.017803e-01   6.311559e-01
         59500   4.819552e-01   1.165431e+02              5             52              4              8   1.137963e+01   9.785380e-02   6.342306e-01
         60000   4.915353e-01   1.175354e+02              4             55              4              8   1.129709e+01   1.060208e-01   6.309162e-01
         60500   4.739503e-01   1.185328e+02              5             56              4              8   1.134780e+01   9.418423e-02   6.360701e-01
         61000   4.726147e-01   1.195305e+02              5             55              3              8   1.153327e+01   9.685532e-02   6.433646e-01
         61500   4.746231e-01   1.205240e+02              4             56              3              8   1.134582e+01   9.375109e-02   6.437335e-01
         62000   4.868893e-01   1.215201e+02              4             54              3              9   1.148655e+01   9.290221e-02   6.441094e-01
         62500   4.553628e-01   1.053201e+02              5             54              4              7   1.125232e+01   1.180859e-01   6.348049e-01
         63000   4.668544e-01   1.063110e+02              3             52              3              7   1.139460e+01   1.135254e-01   6.288491e-01
         63500   4.646885e-01   1.072977e+02              5             54              1              7   1.148742e+01   1.004765e-01   6.418536e-01
         64000   4.862065e-01   1.253089e+02              5             53              2              6   1.125741e+01   1.187529e-01   6.392254e-01
         64500   4.930153e-01   1.151057e+02              4             53              4              7   1.129023e+01   9.597500e-02   6.390063e-01
         65000   4.845474e-01   1.271945e+02              5             54              3              7   1.142342e+01   1.090357e-01   6.349958e-01
         65500   4.618208e-01   1.281903e+02              5             54              3              7   1.140225e+01   1.195257e-01   6.213117e-01
         66000   4.493876e-01   1.115372e+02              5             54              4              8   1.126497e+01   1.104176e-01   6.202616e-01
         66500   4.411858e-01   1.125340e+02              4             53              4              7   1.138367e+01   1.051897e-01   6.381712e-01
         67000   4.485984e-01   1.135248e+02              4             53              4              8   1.134053e+01   1.090485e-01   6.152053e-01
         67500   4.403149e-01   1.144968e+02              4             53              4              8   1.130196e+01   1.185609e-01   6.153545e-01
         68000   4.430542e-01   1.154940e+02              5             54              4              8   1.131570e+01   1.038199e-01   6.249443e-01
         68500   4.434691e-01   1.164754e+02              5             52              5              8   1.136253e+01   9.777580e-02   6.175366e-01
         69000   4.703891e-01   1.342903e+02              4             51              3              7   1.135191e+01   1.048300e-01   6.348228e-01
         69500   4.546614e-01   1.183827e+02              4             54              4              7   1.144220e+01   8.632188e-02   6.313226e-01
         70000   4.409765e-01   1.193419e+02              5             53              3              7   1.148294e+01   9.796443e-02   6.283082e-01
         70500   4.393395e-01   1.203364e+02              4             56              3              7   1.136285e+01   9.259484e-02   6.304824e-01
         71000   4.372294e-01   1.213280e+02              4             54              3              8   1.140114e+01   9.909481e-02   6.222205e-01
         71500   4.392622e-01   1.223254e+02              5             53              3              7   1.121968e+01   1.128514e-01   6.064337e-01
         72000   4.206659e-01   8.641614e+01              4             52              4              8   1.138243e+01   1.120484e-01   6.233304e-01
         72500   4.494195e-01   1.242517e+02              5             53              4              7   1.140249e+01   1.061717e-01   6.237598e-01
         73000   4.504270e-01   1.252449e+02              5             54              3              7   1.130340e+01   1.030153e-01   6.160070e-01
         73500   4.803859e-01   1.419542e+02              5             56              4              8   1.126089e+01   9.960938e-02   6.244231e-01
         74000   4.543240e-01   1.270889e+02              5             55              4              8   1.136078e+01   1.058018e-01   6.294482e-01
         74500   4.476247e-01   1.280854e+02              5             56              3              7   1.137018e+01   1.004321e-01   6.288333e-01
         75000   4.454740e-01   1.290769e+02              5             56              4              7   1.141005e+01   1.010363e-01   6.350281e-01
         75500   4.324624e-01   1.300710e+02              4             56              4              8   1.132361e+01   1.195541e-01   6.383722e-01
         76000   4.420041e-01   1.310434e+02              5             54              3              9   1.132187e+01   1.143675e-01   6.171673e-01
         76500   4.318633e-01   9.405067e+01              5             56              4              8   1.138333e+01   9.975357e-02   6.281706e-01
         77000   4.856031e-01   1.481510e+02              4             55              3              7   1.144778e+01   9.730265e-02   6.428667e-01
         77500   5.085817e-01   1.318849e+02              3             53              4              6   1.118028e+01   1.042399e-01   6.292336e-01
         78000   5.136285e-01   1.328803e+02              4             50              4              7   1.152987e+01   1.020099e-01   6.605027e-01
         78500   5.178962e-01   9.432661e+01              5             54              4              8   1.125498e+01   9.748380e-02   6.280870e-01
         79000   4.833922e-01   1.515113e+02              4             53              4              7   1.149831e+01   1.012992e-01   6.458452e-01
         79500   5.014579e-01   1.357870e+02              4             55              4              5   1.178654e+01   8.067519e-02   6.409164e-01
         80000   5.109325e-01   1.367829e+02              3             51              3              6   1.177549e+01   7.801244e-02   6.492148e-01
         80500   4.831831e-01   1.542350e+02              4             54              3              5   1.157398e+01   5.308521e-02   6.356556e-01
         81000   4.925616e-01   1.386430e+02              5             54              2              7   1.162522e+01   5.809169e-02   6.369581e-01
         81500   5.024405e-01   1.396389e+02              5             55              4              6   1.172864e+01   5.464388e-02   6.487294e-01
         82000   5.112952e-01   1.001742e+02              5             54              3              7   1.175756e+01   6.527386e-02   6.381397e-01
         82500   5.062297e-01   1.416089e+02              3             55              4              7   1.190878e+01   8.727112e-02   6.560748e-01
         83000   5.040024e-01   1.425918e+02              3             50              4              5   1.196153e+01   8.230442e-02   6.528495e-01
         83500   5.443741e-01   1.030082e+02              3             47              4              5   1.189808e+01   9.394126e-02   6.565445e-01
         84000   5.742546e-01   5.981773e+01              3             43              2              4   1.177067e+01   1.002773e-01   6.439989e-01
         84500   5.778175e-01   6.079142e+01              4             44              4              5   1.159267e+01   1.093043e-01   6.395407e-01
         85000   5.849838e-01   6.178814e+01              3             43              4              6   1.181118e+01   1.199785e-01   6.511909e-01
         85500   6.202123e-01   6.277212e+01              2             38              3              6   1.163069e+01   1.177457e-01   6.325506e-01
         86000   6.085297e-01   6.375716e+01              2             41              4              5   1.152427e+01   1.341239e-01   6.401032e-01
         86500   6.047279e-01   6.474989e+01              3             44              4              5   1.160988e+01   1.314294e-01   6.299988e-01
         87000   5.994546e-01   6.572262e+01              4             45              4              6   1.178706e+01   1.172964e-01   6.496705e-01
         87500   6.440931e-01   3.377646e+01              4             42              4              5   1.160399e+01   1.390111e-01   6.337879e-01
         88000   6.537550e-01   3.476578e+01              4             41              4              5   1.171569e+01   1.350317e-01   6.476839e-01
         88500   6.330198e-01   3.574775e+01              4             44              4              6   1.166872e+01   1.490477e-01   6.405450e-01
         89000   6.194160e-01   3.670774e+01              5             45              3              5   1.168866e+01   1.176936e-01   6.333618e-01
         89500   6.158554e-01   7.052572e+01              4             45              4              7   1.150467e+01   1.279036e-01   6.218845e-01
         90000   6.493716e-01   3.864371e+01              3             46              4              5   1.167549e+01   1.393828e-01   6.465218e-01
         90500   6.861121e-01   3.962261e+01              3             43              4              5   1.152359e+01   1.287849e-01   6.406703e-01
         91000   6.605571e-01   4.060572e+01              2             43              4              6   1.176457e+01   1.536906e-01   6.586059e-01
         91500   6.330150e-01   7.397822e+01              3             44              4              6   1.159191e+01   1.457644e-01   6.437570e-01
         92000   6.508329e-01   4.258805e+01              3             41              4              6   1.146569e+01   1.478031e-01   6.291851e-01
         92500   6.065844e-01   7.578392e+01              4             47              4              5   1.162555e+01   1.465190e-01   6.423584e-01
         93000   6.293983e-01   4.452579e+01              4             45              4              7   1.165960e+01   1.430113e-01   6.354041e-01
         93500   6.478101e-01   4.549515e+01              4             46              4              6   1.180306e+01   1.408977e-01   6.414570e-01
         94000   6.287547e-01   7.866238e+01              4             47              4              6   1.166683e+01   1.596446e-01   6.455819e-01
         94500   6.388093e-01   4.744859e+01              5             47              4              8   1.147977e+01   1.672484e-01   6.254954e-01
         95000   6.333951e-01   4.844184e+01              5             47              4              5   1.158097e+01   1.428552e-01   6.393734e-01
         95500   6.510724e-01   4.942809e+01              4             45              4              6   1.168920e+01   1.613050e-01   6.360864e-01
         96000   6.499295e-01   5.041518e+01              4             44              4              7   1.145913e+01   1.943635e-01   6.229102e-01
         96500   6.265500e-01   8.327697e+01              4             46              4              7   1.149417e+01   2.077017e-01   6.129420e-01
         97000   6.573343e-01   3.014176e+01              4             45              4              5   1.128957e+01   2.223558e-01   6.177294e-01
         97500   6.342885e-01   5.337223e+01              4             49              4              7   1.139241e+01   2.175096e-01   6.247644e-01
         98000   6.719998e-01   5.435751e+01              4             44              4              7   1.123370e+01   2.160457e-01   6.251616e-01
         98500   6.267008e-01   5.534401e+01              4             48              4              6   1.162078e+01   2.232713e-01   6.302975e-01
         99000   6.455542e-01   5.632693e+01              4             46              4              7   1.150728e+01   2.004091e-01   6.323986e-01
         99500   6.206351e-01   8.878347e+01              4             46              4              5   1.161400e+01   1.845943e-01   6.340703e-01
        100000   6.325157e-01   8.975211e+01              4             47              4              7   1.152089e+01   1.904418e-01   6.364941e-01
        100500   6.469336e-01   5.923831e+01              2             46              4              7   1.150613e+01   1.928226e-01   6.350826e-01
        101000   6.154261e-01   9.163530e+01              4             42              4              7   1.145493e+01   1.839850e-01   6.237876e-01
        101500   6.218253e-01   9.261073e+01              4             44              4              6   1.145099e+01   1.596489e-01   6.225951e-01
        102000   6.155368e-01   9.358533e+01              4             44              4              6   1.142608e+01   1.645697e-01   6.117843e-01
        102500   6.020142e-01   9.457135e+01              3             45              4              7   1.145977e+01   1.486805e-01   6.242272e-01
        103000   6.320284e-01   6.403147e+01              4             46              4              7   1.145980e+01   1.799684e-01   6.184319e-01
        103500   6.316576e-01   9.650395e+01              4             47              4              5   1.166287e+01   1.501061e-01   6.237000e-01
        104000   6.339612e-01   6.597328e+01              4             45              4              6   1.165329e+01   1.578529e-01   6.283643e-01
        104500   6.338454e-01   6.694885e+01              4             47              4              6   1.166790e+01   1.740862e-01   6.427329e-01
        105000   6.474986e-01   6.793672e+01              4             47              3              7   1.165258e+01   1.640444e-01   6.332029e-01
        105500   6.360240e-01   1.002507e+02              4             48              4              7   1.154628e+01   1.578803e-01   6.287214e-01
        106000   6.364019e-01   6.991618e+01              4             42              4              4   1.173038e+01   1.760956e-01   6.430942e-01
        106500   6.415303e-01   7.090949e+01              4             45              4              5   1.175680e+01   1.456241e-01   6.334513e-01
        107000   6.445393e-01   7.189993e+01              4             45              3              7   1.154058e+01   1.788066e-01   6.209846e-01
        107500   6.363136e-01   7.288778e+01              4             47              3              6   1.158216e+01   1.921382e-01   6.286289e-01
        108000   6.736189e-01   4.767988e+01              4             45              3              7   1.157449e+01   1.543311e-01   6.210444e-01
        108500   6.369531e-01   7.486090e+01              4             43              4              6   1.135010e+01   1.740482e-01   6.142627e-01
        109000   6.524027e-01   7.585400e+01              4             46              4              6   1.136440e+01   1.811709e-01   6.165775e-01
        109500   6.564152e-01   7.685175e+01              4             44              4              6   1.170312e+01   1.708775e-01   6.305226e-01
        110000   6.591813e-01   7.783373e+01              4             45              4              6   1.152445e+01   1.774653e-01   6.224629e-01
        110500   6.097148e-01   1.092107e+02              4             47              4              7   1.153602e+01   1.747879e-01   6.236708e-01
        111000   6.380121e-01   1.101575e+02              4             49              4              6   1.167385e+01   1.797476e-01   6.324545e-01
        111500   6.252826e-01   1.111117e+02              4             49              4              6   1.167478e+01   1.703679e-01   6.371382e-01
        112000   6.414789e-01   8.173267e+01              4             46              4              6   1.150266e+01   1.699141e-01   6.252998e-01
        112500   6.702509e-01   8.271076e+01              4             47              4              8   1.153939e+01   1.671241e-01   6.266286e-01
        113000   6.649568e-01   8.370332e+01              4             43              4              5   1.154674e+01   1.525218e-01   6.194723e-01
        113500   6.545916e-01   8.469523e+01              3             44              4              7   1.161805e+01   1.676306e-01   6.253819e-01
        114000   6.777475e-01   5.806291e+01              4             47              4              6   1.164737e+01   1.646492e-01   6.303084e-01
        114500   6.467206e-01   8.664669e+01              4             44              3              4   1.169696e+01   1.766828e-01   6.284504e-01
        115000   7.031502e-01   5.993955e+01              3             43              3              6   1.175869e+01   1.944614e-01   6.412538e-01
        115500   6.854716e-01   6.092547e+01              3             40              3              6   1.166801e+01   1.824886e-01   6.398987e-01
        116000   6.841180e-01   8.943038e+01              4             43              4              5   1.164663e+01   1.781863e-01   6.429782e-01
        116500   6.726861e-01   9.039131e+01              2             39              4              6   1.161777e+01   1.683417e-01   6.277941e-01
        117000   6.890485e-01   9.134461e+01              2             36              3              5   1.169600e+01   1.559744e-01   6.322659e-01
        117500   6.727794e-01   9.231342e+01              3             39              4              6   1.164968e+01   1.597973e-01   6.380102e-01
        118000   6.938872e-01   6.576868e+01              3             39              4              4   1.160769e+01   1.751655e-01   6.408445e-01
        118500   7.434221e-01   4.113940e+01              2             36              4              5   1.176512e+01   2.101589e-01   6.600666e-01
        119000   7.400014e-01   4.212634e+01              2             37              4              6   1.149474e+01   1.950401e-01   6.452664e-01
        119500   7.263409e-01   6.858179e+01              3             35              4              6   1.151766e+01   2.004238e-01   6.544106e-01
        120000   7.447703e-01   4.409120e+01              3             33              4              4   1.147188e+01   1.965185e-01   6.389820e-01
        120500   7.703937e-01   2.446313e+01              2             34              4              6   1.178801e+01   1.968077e-01   6.594212e-01
        121000   7.407515e-01   4.605018e+01              3             36              4              5   1.183926e+01   1.987258e-01   6.543452e-01
        121500   7.493839e-01   4.704328e+01              3             35              4              4   1.154430e+01   1.846970e-01   6.288541e-01
        122000   7.357873e-01   4.803572e+01              3             36              3              5   1.172134e+01   1.794730e-01   6.387003e-01
        122500   7.413049e-01   4.899656e+01              3             36              4              5   1.185018e+01   1.733584e-01   6.498205e-01
        123000   7.264346e-01   7.500369e+01              3             35              2              4   1.140107e+01   1.856687e-01   6.283062e-01
        123500   7.047231e-01   7.599609e+01              2             36              3              5   1.137158e+01   1.933014e-01   6.157249e-01
        124000   7.045382e-01   7.699153e+01              2             33              3              4   1.148818e+01   1.772568e-01   6.226882e-01
        124500   7.288245e-01   5.269061e+01              2             29              4              6   1.161240e+01   1.733979e-01   6.423879e-01
        125000   7.220904e-01   5.362790e+01              2             29              4              5   1.140815e+01   1.723059e-01   6.349786e-01
        125500   7.844929e-01   5.461000e+01              2             30              3              5   1.156342e+01   1.801243e-01   6.511925e-01
        126000   7.614626e-01   5.558947e+01              2             28              3              4   1.152401e+01   1.952780e-01   6.445910e-01
        126500   7.455180e-01   5.658346e+01              2             32              4              6   1.160033e+01   1.987667e-01   6.634447e-01
        127000   7.484279e-01   5.754953e+01              2             30              3              4   1.145016e+01   1.987491e-01   6.448729e-01
        127500   7.684160e-01   5.853711e+01              2             29              4              4   1.145631e+01   1.935388e-01   6.474734e-01
        128000   7.817374e-01   3.647814e+01              2             31              4              3   1.148402e+01   2.052083e-01   6.519875e-01
        128500   7.491778e-01   6.051452e+01              2             28              3              6   1.160874e+01   2.035024e-01   6.559437e-01
        129000   7.638039e-01   6.149995e+01              2             28              3              3   1.139462e+01   2.294707e-01   6.537631e-01
        129500   7.415742e-01   6.249131e+01              2             32              4              6   1.151254e+01   2.190262e-01   6.617131e-01
        130000   7.556117e-01   6.348532e+01              2             32              4              6   1.162504e+01   2.319097e-01   6.753912e-01
        130500   7.409363e-01   6.447243e+01              2             28              3              4   1.158124e+01   2.132305e-01   6.656259e-01
        131000   7.176021e-01   8.941222e+01              2             29              3              7   1.156462e+01   2.013937e-01   6.716481e-01
        131500   7.627825e-01   6.642272e+01              1             29              3              5   1.170607e+01   2.060863e-01   6.716674e-01
        132000   7.285609e-01   6.741723e+01              1             30              4              6   1.142187e+01   1.801375e-01   6.554235e-01
        132500   7.267578e-01   6.834930e+01              1             29              5              4   1.156861e+01   1.896411e-01   6.608126e-01
        133000   6.984618e-01   9.318509e+01              2             30              5              6   1.166114e+01   1.782673e-01   6.631111e-01
        133500   6.986723e-01   9.417943e+01              3             30              3              7   1.157049e+01   1.967044e-01   6.607396e-01
        134000   6.819189e-01   9.515661e+01              1             31              4              4   1.160912e+01   2.025144e-01   6.513771e-01
        134500   7.165467e-01   9.614833e+01              2             30              4              6   1.160526e+01   2.194661e-01   6.626947e-01
        135000   7.225603e-01   7.271629e+01              2             30              3              6   1.178019e+01   1.882058e-01   6.608448e-01
        135500   7.156378e-01   9.812674e+01              2             29              4              5   1.162719e+01   1.734505e-01   6.538979e-01
        136000   7.097216e-01   9.911445e+01              1             30              6              5   1.168940e+01   1.982125e-01   6.741869e-01
        136500   7.198830e-01   1.001070e+02              2             29              6              6   1.176599e+01   1.833103e-01   6.743499e-01
        137000   7.478437e-01   7.640352e+01              2             32              4              6   1.168276e+01   1.985833e-01   6.619129e-01
        137500   7.410640e-01   7.738993e+01              1             30              6              5   1.162422e+01   2.190581e-01   6.755919e-01
        138000   7.245927e-01   1.028798e+02              2             32              4              7   1.175223e+01   1.896962e-01   6.798086e-01
        138500   7.704246e-01   7.934485e+01              2             28              5              5   1.175057e+01   1.824386e-01   6.671003e-01
        139000   7.491883e-01   8.033445e+01              2             28              3              5   1.184162e+01   2.145303e-01   6.667111e-01
        139500   7.702291e-01   8.130272e+01              2             29              4              5   1.181686e+01   2.217821e-01   6.750983e-01
        140000   7.582829e-01   8.230138e+01              2             29              4              5   1.167937e+01   2.354530e-01   6.795176e-01
        140500   7.656660e-01   8.329625e+01              2             28              4              5   1.178139e+01   2.440086e-01   6.815349e-01
        141000   7.321905e-01   1.080896e+02              2             30              4              5   1.171297e+01   2.357095e-01   6.785170e-01
        141500   7.637859e-01   8.527724e+01              1             28              3              4   1.176002e+01   2.382349e-01   6.801466e-01
        142000   7.359766e-01   1.099077e+02              2             29              5              5   1.147738e+01   2.186084e-01   6.598456e-01
        142500   7.019450e-01   1.108635e+02              2             30              6              8   1.161410e+01   2.150665e-01   6.615323e-01
        143000   6.990859e-01   1.118568e+02              2             32              5              6   1.168361e+01   2.259206e-01   6.613733e-01
        143500   6.885572e-01   1.128484e+02              2             30              6              7   1.173444e+01   2.237986e-01   6.659705e-01
        144000   6.656592e-01   1.301895e+02              2             30              6              7   1.158009e+01   2.222459e-01   6.546321e-01
        144500   7.363900e-01   1.146992e+02              1             29              6              6   1.169108e+01   2.160240e-01   6.698276e-01
        145000   7.333901e-01   9.137534e+01              2             29              6              6   1.159876e+01   2.337121e-01   6.718203e-01
        145500   7.166715e-01   1.166126e+02              2             29              6              6   1.169875e+01   2.216184e-01   6.734286e-01
        146000   7.145244e-01   1.176061e+02              1             30              5              5   1.157934e+01   2.334708e-01   6.664069e-01
        146500   7.295725e-01   1.185957e+02              1             29              6              6   1.177670e+01   2.398579e-01   6.669953e-01
        147000   7.783053e-01   6.486212e+01              1             28              5              6   1.158938e+01   2.327395e-01   6.550285e-01
        147500   7.826393e-01   6.579376e+01              1             27              4              5   1.184506e+01   2.649024e-01   6.806834e-01
        148000   7.423010e-01   9.707498e+01              2             29              5              5   1.175276e+01   2.498318e-01   6.689999e-01
        148500   7.446739e-01   9.806086e+01              1             30              4              7   1.156833e+01   2.395647e-01   6.491149e-01
        149000   7.236858e-01   1.229283e+02              2             30              4              7   1.159951e+01   2.377512e-01   6.560677e-01
        149500   7.360497e-01   1.000019e+02              2             30              4              7   1.174794e+01   2.484160e-01   6.574932e-01
        150000   8.003229e-01   7.001046e+01              0             28              4              3   1.173101e+01   2.716365e-01   6.702009e-01
        150500   8.180538e-01   7.099064e+01              1             28              4              5   1.177856e+01   2.649738e-01   6.695891e-01
        151000   8.338136e-01   4.234932e+01              0             28              4              2   1.179156e+01   2.576788e-01   6.708158e-01
        151500   8.390434e-01   4.330119e+01              1             28              4              4   1.176587e+01   2.671649e-01   6.608860e-01
        152000   8.125419e-01   4.423882e+01              1             29              4              4   1.171287e+01   2.736036e-01   6.626566e-01
        152500   7.871861e-01   7.485733e+01              1             28              4              3   1.172004e+01   2.369840e-01   6.530651e-01
        153000   7.898084e-01   7.585304e+01              1             28              4              4   1.180036e+01   2.595354e-01   6.640001e-01
        153500   7.874423e-01   7.683470e+01              2             29              4              3   1.176197e+01   2.564818e-01   6.621809e-01
        154000   8.124658e-01   7.781700e+01              2             28              3              4   1.175939e+01   2.374984e-01   6.704483e-01
        154500   8.356446e-01   4.864951e+01              1             28              4              4   1.156681e+01   2.381969e-01   6.576953e-01
        155000   8.531651e-01   4.963129e+01              1             26              4              3   1.167442e+01   2.447434e-01   6.618783e-01
        155500   8.824744e-01   2.695548e+01              1             25              4              4   1.195996e+01   2.683800e-01   6.887605e-01
        156000   8.642816e-01   5.158873e+01              1             26              4              2   1.198604e+01   2.743852e-01   7.000167e-01
        156500   8.688515e-01   2.883335e+01              1             25              5              5   1.210949e+01   2.805617e-01   6.954704e-01
        157000   8.614482e-01   5.354804e+01              1             26              5              2   1.202931e+01   2.776452e-01   6.909126e-01
        157500   8.671027e-01   5.453981e+01              1             23              5              5   1.174755e+01   2.945197e-01   6.752047e-01
        158000   9.202342e-01   3.164276e+01              0             24              4              2   1.193384e+01   2.841600e-01   6.888337e-01
        158500   9.014323e-01   3.262526e+01              1             25              4              2   1.182636e+01   2.970239e-01   6.910599e-01
        159000   8.951321e-01   3.360266e+01              0             28              5              3   1.201277e+01   2.954200e-01   6.946848e-01
        159500   8.549426e-01   5.826833e+01              1             28              5              5   1.204742e+01   3.073343e-01   6.954496e-01
        160000   8.551047e-01   5.924836e+01              1             28              5              3   1.208074e+01   2.972520e-01   7.030149e-01
        160500   8.613130e-01   6.024291e+01              1             28              4              4   1.187013e+01   3.014016e-01   6.835872e-01
        161000   8.757063e-01   6.121754e+01              0             28              5              2   1.160801e+01   3.047390e-01   6.699638e-01
        161500   8.698022e-01   6.220155e+01              1             28              3              2   1.193712e+01   2.814329e-01   6.768727e-01
        162000   8.895299e-01   3.918575e+01              1             25              4              3   1.187142e+01   3.099729e-01   6.745041e-01
        162500   8.716175e-01   6.413864e+01              1             28              4              3   1.197538e+01   3.151304e-01   6.801069e-01
        163000   8.903100e-01   6.508779e+01              1             26              4              6   1.176610e+01   3.290643e-01   6.766169e-01
        163500   8.695520e-01   6.604566e+01              1             28              4              4   1.172055e+01   3.083717e-01   6.665976e-01
        164000   8.574143e-01   6.703690e+01              1             27              4              4   1.157276e+01   3.440518e-01   6.791983e-01
        164500   8.785333e-01   6.802713e+01              1             27              5              4   1.156199e+01   3.359077e-01   6.746296e-01
        165000   8.909319e-01   4.492681e+01              1             28              5              4   1.148728e+01   3.453236e-01   6.756894e-01
        165500   9.349622e-01   4.590791e+01              1             27              6              2   1.146487e+01   3.572487e-01   6.759558e-01
        166000   9.057179e-01   4.690001e+01              1             28              5              4   1.169473e+01   3.792801e-01   6.816026e-01
        166500   9.374612e-01   4.788769e+01              1             27              5              4   1.158697e+01   3.795720e-01   6.663680e-01
        167000   9.272744e-01   2.959103e+01              1             27              3              3   1.133545e+01   3.661869e-01   6.454499e-01
        167500   9.188331e-01   4.980516e+01              1             28              3              2   1.132537e+01   3.594888e-01   6.596278e-01
        168000   9.294528e-01   5.078760e+01              1             27              4              3   1.141516e+01   3.501832e-01   6.598663e-01
        168500   8.923499e-01   5.175083e+01              1             28              5              4   1.152978e+01   3.482374e-01   6.564351e-01
        169000   9.226803e-01   5.273328e+01              2             27              5              3   1.122379e+01   3.738197e-01   6.552857e-01
        169500   9.536560e-01   3.412611e+01              0             27              4              2   1.126798e+01   3.680349e-01   6.539532e-01
        170000   9.240748e-01   5.466482e+01              1             28              4              1   1.121130e+01   3.327176e-01   6.586800e-01
        170500   9.132284e-01   5.565774e+01              2             26              2              2   1.187597e+01   3.353936e-01   6.792596e-01
        171000   9.527579e-01   3.698718e+01              0             26              2              2   1.125683e+01   3.376291e-01   6.684468e-01
        171500   1.002294e+00   2.209528e+01              0             21              4              3   1.145898e+01   3.385591e-01   6.745788e-01
        172000   9.978010e-01   2.308392e+01              0             21              5              4   1.125639e+01   3.489290e-01   6.696022e-01
        172500   9.912511e-01   2.407725e+01              0             24              4              3   1.114944e+01   3.260943e-01   6.557022e-01
        173000   9.539292e-01   4.079723e+01              0             26              4              3   1.128168e+01   3.376258e-01   6.631147e-01
        173500   9.281883e-01   6.053463e+01              0             29              4              3   1.146365e+01   3.037910e-01   6.643745e-01
        174000   9.183138e-01   6.150892e+01              1             29              4              4   1.157713e+01   2.953103e-01   6.662800e-01
        174500   9.464932e-01   4.361976e+01              0             28              5              4   1.143804e+01   3.134286e-01   6.642083e-01
        175000   9.644143e-01   4.461331e+01              0             28              5              4   1.124862e+01   3.242688e-01   6.597873e-01
        175500   9.563210e-01   4.559067e+01              1             30              5              4   1.122348e+01   3.026332e-01   6.559380e-01
        176000   9.675076e-01   4.658070e+01              0             24              5              4   1.121489e+01   3.242877e-01   6.689355e-01
        176500   9.622193e-01   4.757282e+01              0             25              6              5   1.129993e+01   3.355979e-01   6.715365e-01
        177000   9.795762e-01   4.855190e+01              0             28              5              5   1.137264e+01   3.365235e-01   6.732999e-01
        177500   9.944574e-01   4.952757e+01              1             28              4              4   1.137888e+01   3.611894e-01   6.730852e-01
        178000   1.015435e+00   3.349023e+01              2             28              5              3   1.105862e+01   3.752045e-01   6.703052e-01
        178500   1.001242e+00   3.447227e+01              1             29              6              5   1.130454e+01   3.588198e-01   6.941449e-01
        179000   1.005935e+00   3.545870e+01              1             28              5              3   1.103522e+01   3.597307e-01   6.689432e-01
        179500   1.007647e+00   3.644632e+01              2             27              6              4   1.117509e+01   3.716184e-01   6.821876e-01
        180000   1.019053e+00   3.743212e+01              1             27              6              5   1.156981e+01   3.461120e-01   7.080656e-01
        180500   1.024267e+00   3.842701e+01              1             28              6              4   1.109342e+01   3.584789e-01   6.706538e-01
        181000   1.004878e+00   3.940590e+01              1             28              6              5   1.130994e+01   3.466585e-01   6.840325e-01
        181500   9.778160e-01   5.665323e+01              1             28              5              5   1.108666e+01   3.241268e-01   6.639365e-01
        182000   9.928084e-01   4.135596e+01              1             27              6              5   1.088981e+01   3.340565e-01   6.537154e-01
        182500   9.857806e-01   5.857418e+01              2             27              6              5   1.109419e+01   3.495628e-01   6.627484e-01
        183000   1.013371e+00   4.332009e+01              1             26              6              3   1.076608e+01   3.486933e-01   6.392046e-01
        183500   1.015212e+00   4.430905e+01              1             24              5              2   1.076835e+01   3.715466e-01   6.501006e-01
        184000   1.024413e+00   4.529289e+01              1             26              3              2   1.064526e+01   3.590870e-01   6.328008e-01
        184500   1.050059e+00   3.028515e+01              1             24              4              2   1.050556e+01   3.734251e-01   6.240457e-01
        185000   1.045072e+00   3.125502e+01              0             23              3              2   1.065062e+01   3.851879e-01   6.329378e-01
        185500   1.031432e+00   3.220788e+01              0             24              4              3   1.081511e+01   4.060911e-01   6.407097e-01
        186000   1.039828e+00   3.318817e+01              0             25              5              4   1.089087e+01   4.024080e-01   6.482152e-01
        186500   1.011676e+00   5.011875e+01              0             25              6              4   1.098823e+01   3.952947e-01   6.519991e-01
        187000   1.044485e+00   3.505189e+01              0             25              6              4   1.095477e+01   3.873500e-01   6.413013e-01
        187500   1.056329e+00   3.604224e+01              0             23              4              3   1.088902e+01   3.879361e-01   6.486707e-01
        188000   1.071520e+00   3.703549e+01              0             21              6              3   1.060702e+01   3.943532e-01   6.376302e-01
        188500   1.091593e+00   3.801614e+01              1             25              4              3   1.066410e+01   3.790578e-01   6.411267e-01
        189000   1.054159e+00   3.900624e+01              0             22              5              3   1.076978e+01   3.755457e-01   6.499256e-01
        189500   1.038480e+00   3.999011e+01              1             25              5              5   1.065380e+01   3.879817e-01   6.330759e-01
        190000   1.061285e+00   4.096914e+01              1             23              4              2   1.062155e+01   3.851978e-01   6.434956e-01
        190500   1.062254e+00   4.196651e+01              0             23              4              2   1.071229e+01   3.835159e-01   6.416601e-01
        191000   1.053743e+00   4.296495e+01              0             22              5              3   1.048099e+01   3.882200e-01   6.316686e-01
        191500   1.034728e+00   5.914209e+01              0             20              5              3   1.049387e+01   3.952358e-01   6.322449e-01
        192000   1.052862e+00   4.492504e+01              0             21              6              4   1.049467e+01   4.072676e-01   6.347020e-01
        192500   1.051127e+00   4.591950e+01              0             19              5              3   1.038387e+01   4.006689e-01   6.278751e-01
        193000   1.007263e+00   6.196466e+01              0             21              5              3   1.034903e+01   3.848186e-01   6.263984e-01
        193500   1.008489e+00   6.295807e+01              1             25              5              3   1.037566e+01   3.946770e-01   6.261129e-01
        194000   1.034727e+00   6.394867e+01              0             22              6              3   1.037319e+01   3.797753e-01   6.291220e-01
        194500   1.052942e+00   4.948010e+01              0             21              6              4   1.055471e+01   3.823325e-01   6.330405e-01
        195000   1.079305e+00   5.047414e+01              0             21              4              3   1.049858e+01   3.793425e-01   6.405799e-01
        195500   1.057336e+00   5.145277e+01              0             21              4              2   1.068795e+01   3.690644e-01   6.470193e-01
        196000   1.079178e+00   5.244402e+01              0             21              4              5   1.050556e+01   3.875345e-01   6.364338e-01
        196500   1.073431e+00   5.343835e+01              0             24              5              4   1.068664e+01   3.840881e-01   6.488453e-01
        197000   1.088003e+00   3.689716e+01              0             25              5              5   1.068311e+01   3.896235e-01   6.573561e-01
        197500   1.085599e+00   5.541156e+01              0             21              5              3   1.067628e+01   4.030000e-01   6.544220e-01
        198000   1.056814e+00   5.639108e+01              0             22              5              5   1.085854e+01   3.981119e-01   6.497974e-01
        198500   1.114812e+00   3.963004e+01              0             21              5              4   1.069539e+01   4.131140e-01   6.434400e-01
        199000   1.083646e+00   4.062129e+01              0             22              5              5   1.043499e+01   4.003384e-01   6.378326e-01
        199500   1.058109e+00   5.925723e+01              1             25              5              5   1.063281e+01   4.026926e-01   6.496660e-01
        200000   1.041185e+00   6.024387e+01              1             25              4              5   1.049812e+01   3.849825e-01   6.376352e-01
        200500   1.059967e+00   6.122484e+01              0             24              5              4   1.059277e+01   4.045316e-01   6.433378e-01
        201000   1.083844e+00   4.406341e+01              0             22              5              5   1.057527e+01   3.963623e-01   6.481008e-01
        201500   1.096380e+00   4.500990e+01              0             20              5              4   1.063661e+01   3.897998e-01   6.483613e-01
        202000   1.080951e+00   4.595436e+01              0             22              5              5   1.078770e+01   3.951069e-01   6.560874e-01
        202500   1.104939e+00   4.694945e+01              0             22              5              7   1.074113e+01   3.886532e-01   6.633030e-01
        203000   1.088658e+00   4.794057e+01              0             25              6              5   1.077121e+01   3.781239e-01   6.589955e-01
        203500   1.107910e+00   4.890358e+01              0             24              6              6   1.078555e+01   3.690345e-01   6.431890e-01
        204000   1.094716e+00   4.989776e+01              0             22              6              5   1.059844e+01   3.892663e-01   6.479242e-01
        204500   1.065762e+00   6.880641e+01              0             23              6              6   1.057974e+01   3.849481e-01   6.414445e-01
        205000   1.044851e+00   6.976515e+01              0             23              5              5   1.047420e+01   3.699614e-01   6.503843e-01
        205500   1.098675e+00   5.250479e+01              0             25              6              6   1.075309e+01   3.774698e-01   6.413789e-01
        206000   1.056184e+00   7.168002e+01              0             25              5              5   1.068680e+01   3.826155e-01   6.475607e-01
        206500   1.080136e+00   7.266633e+01              0             24              6              6   1.066368e+01   3.826665e-01   6.442619e-01
        207000   1.095413e+00   5.527971e+01              0             22              6              5   1.069574e+01   3.728719e-01   6.457960e-01
        207500   1.102853e+00   5.627063e+01              0             23              5              7   1.069918e+01   3.839987e-01   6.455384e-01
        208000   1.119829e+00   5.725336e+01              0             19              6              5   1.067074e+01   3.894679e-01   6.420874e-01
        208500   1.092663e+00   5.821826e+01              0             24              6              4   1.087777e+01   3.742047e-01   6.527611e-01
        209000   1.069004e+00   5.916555e+01              0             25              6              5   1.061149e+01   3.785956e-01   6.386311e-01
        209500   1.103373e+00   6.013360e+01              0             21              6              5   1.070138e+01   3.821232e-01   6.488966e-01
        210000   1.065850e+00   7.906462e+01              0             22              6              5   1.047893e+01   3.749125e-01   6.457965e-01
        210500   1.116427e+00   6.203649e+01              0             21              6              5   1.079553e+01   3.774848e-01   6.547657e-01
        211000   1.132233e+00   4.141932e+01              0             21              6              6   1.097793e+01   3.943058e-01   6.790519e-01
        211500   1.120002e+00   6.399382e+01              0             24              6              6   1.095509e+01   3.751940e-01   6.839371e-01
        212000   1.156757e+00   4.330963e+01              0             23              6              5   1.078949e+01   3.888818e-01   6.779663e-01
        212500   1.169810e+00   4.430131e+01              0             20              6              5   1.073507e+01   3.847693e-01   6.542668e-01
        213000   1.164243e+00   4.529841e+01              0             19              6              5   1.080025e+01   3.787387e-01   6.624871e-01
        213500   1.144033e+00   4.629321e+01              0             21              6              5   1.060141e+01   3.769250e-01   6.623729e-01
        214000   1.126888e+00   6.853529e+01              0             21              6              6   1.060468e+01   3.817271e-01   6.560035e-01
        214500   1.176425e+00   4.824166e+01              0             22              6              4   1.053572e+01   3.836388e-01   6.453666e-01
        215000   1.187136e+00   2.912185e+01              0             18              6              4   1.057072e+01   3.807442e-01   6.574725e-01
        215500   1.210028e+00   3.011372e+01              0             17              6              4   1.053175e+01   3.640793e-01   6.429457e-01
        216000   1.190645e+00   5.102351e+01              0             18              5              4   1.055511e+01   3.739068e-01   6.408410e-01
        216500   1.231902e+00   3.208782e+01              0             18              5              4   1.071862e+01   3.758120e-01   6.518117e-01
        217000   1.193757e+00   3.307733e+01              0             19              6              4   1.065559e+01   3.748831e-01   6.493435e-01
        217500   1.232192e+00   3.405889e+01              0             18              6              3   1.075931e+01   3.701546e-01   6.489803e-01
        218000   1.182002e+00   3.504795e+01              0             17              6              4   1.052529e+01   3.530181e-01   6.361231e-01
        218500   1.211085e+00   3.601483e+01              0             19              6              4   1.064703e+01   3.625301e-01   6.389399e-01
        219000   1.216566e+00   3.701328e+01              0             18              6              4   1.065100e+01   3.669757e-01   6.440416e-01
        219500   1.225264e+00   3.800030e+01              0             17              6              4   1.081453e+01   3.781557e-01   6.514901e-01
        220000   1.232190e+00   3.899147e+01              0             18              6              3   1.032263e+01   3.806365e-01   6.374858e-01
        220500   1.224000e+00   3.998012e+01              0             17              5              3   1.060874e+01   3.823487e-01   6.434091e-01
        221000   1.217303e+00   4.096383e+01              0             17              5              2   1.061880e+01   3.756108e-01   6.561180e-01
        221500   1.238457e+00   4.194942e+01              0             18              6              3   1.039076e+01   3.886799e-01   6.400619e-01
        222000   1.269831e+00   2.697496e+01              0             17              6              2   1.031045e+01   3.833860e-01   6.401789e-01
        222500   1.280988e+00   2.796583e+01              0             17              4              2   1.042481e+01   3.818042e-01   6.445685e-01
        223000   1.281252e+00   1.682674e+01              0             17              4              2   1.043269e+01   3.694333e-01   6.261256e-01
        223500   1.304900e+00   1.777438e+01              0             17              3              2   1.044884e+01   3.738559e-01   6.324097e-01
        224000   1.293422e+00   3.086695e+01              0             17              4              2   1.061616e+01   3.867233e-01   6.323062e-01
        224500   1.290556e+00   1.971137e+01              0             15              4              2   1.043230e+01   3.733616e-01   6.283325e-01
        225000   1.317260e+00   2.068702e+01              0             15              3              0   1.032307e+01   4.084361e-01   6.361866e-01
        225500   1.293584e+00   2.167892e+01              0             15              3              1   1.034519e+01   4.043650e-01   6.244110e-01
        226000   1.279016e+00   2.264001e+01              0             15              4              2   1.035327e+01   3.808478e-01   6.312217e-01
        226500   1.293595e+00   3.556594e+01              0             14              4              2   1.056873e+01   3.966808e-01   6.471915e-01
        227000   1.264522e+00   3.653780e+01              0             15              4              2   1.011783e+01   4.015940e-01   6.249604e-01
        227500   1.297243e+00   2.543451e+01              0             15              4              2   1.044533e+01   4.081214e-01   6.451713e-01
        228000   1.302183e+00   2.640535e+01              0             14              4              2   1.041059e+01   4.017342e-01   6.414128e-01
        228500   1.309878e+00   2.740042e+01              0             14              4              1   1.034986e+01   4.056710e-01   6.344208e-01
        229000   1.297956e+00   2.837077e+01              0             14              4              2   1.039964e+01   4.064942e-01   6.425871e-01
        229500   1.357300e+00   1.862118e+01              0             14              3              1   1.057487e+01   4.016749e-01   6.403833e-01
        230000   1.360368e+00   1.961006e+01              0             14              3              1   1.076857e+01   4.062287e-01   6.570851e-01
        230500   1.352030e+00   2.058523e+01              0             13              3              1   1.054079e+01   4.144600e-01   6.428446e-01
        231000   1.369501e+00   2.157315e+01              0             12              2              1   1.072105e+01   4.165164e-01   6.563315e-01
        231500   1.384549e+00   1.354587e+01              0             14              3              1   1.084423e+01   4.300296e-01   6.601698e-01
        232000   1.422990e+00   1.452031e+01              0             11              3              1   1.089456e+01   4.308906e-01   6.556256e-01
        232500   1.418675e+00   1.551743e+01              0             13              3              1   1.058680e+01   4.315354e-01   6.467623e-01
        233000   1.396315e+00   1.650453e+01              0             12              4              2   1.083876e+01   4.168923e-01   6.429220e-01
        233500   1.420575e+00   1.748747e+01              0             12              3              2   1.079435e+01   4.239046e-01   6.484028e-01
        234000   1.441703e+00   1.131169e+01              0             10              4              2   1.099274e+01   4.187894e-01   6.607324e-01
        234500   1.432886e+00   1.942286e+01              0             11              4              2   1.080631e+01   4.297126e-01   6.585782e-01
        235000   1.437518e+00   2.038177e+01              0             14              4              2   1.054689e+01   4.292268e-01   6.379513e-01
        235500   1.429643e+00   2.137092e+01              0             13              3              3   1.056337e+01   4.163332e-01   6.338218e-01
        236000   1.427672e+00   2.235390e+01              0             11              3              1   1.068239e+01   4.146984e-01   6.345734e-01
        236500   1.444273e+00   2.334345e+01              0             12              4              2   1.061874e+01   3.870837e-01   6.332576e-01
        237000   1.456384e+00   1.702005e+01              0             10              3              3   1.061532e+01   3.973044e-01   6.296730e-01
        237500   1.443880e+00   1.798414e+01              0             12              3              3   1.052988e+01   4.106840e-01   6.311562e-01
        238000   1.473696e+00   1.894222e+01              0             11              4              2   1.057759e+01   3.951764e-01   6.367163e-01
        238500   1.463219e+00   1.993819e+01              0             11              4              2   1.049700e+01   4.023478e-01   6.358926e-01
        239000   1.481178e+00   2.093216e+01              0             12              3              2   1.068748e+01   3.954065e-01   6.300139e-01
        239500   1.465157e+00   2.193123e+01              0             12              4              2   1.042505e+01   3.937331e-01   6.238858e-01
        240000   1.485596e+00   2.292604e+01              0             10              4              2   1.066445e+01   3.888999e-01   6.323715e-01
        240500   1.515689e+00   1.649185e+01              0             10              4              2   1.067214e+01   3.884572e-01   6.269873e-01
        241000   1.469013e+00   2.473607e+01              0             11              4              2   1.064271e+01   3.787568e-01   6.297165e-01
        241500   1.461015e+00   2.572509e+01              0             10              4              2   1.103507e+01   3.659758e-01   6.294010e-01
        242000   1.445718e+00   2.671667e+01              0             10              4              2   1.069156e+01   3.779428e-01   6.270271e-01
        242500   1.470237e+00   2.769412e+01              0             10              4              2   1.090002e+01   3.883802e-01   6.438041e-01
        243000   1.482653e+00   2.096016e+01              0             10              4              2   1.086000e+01   3.780962e-01   6.411310e-01
        243500   1.472790e+00   2.966925e+01              0              9              4              2   1.110732e+01   3.625665e-01   6.407419e-01
        244000   1.475970e+00   3.066334e+01              0             13              4              2   1.110778e+01   3.679660e-01   6.571889e-01
        244500   1.478382e+00   3.164746e+01              0             12              4              2   1.089545e+01   3.697725e-01   6.516085e-01
        245000   1.512657e+00   2.461393e+01              0             11              4              1   1.118826e+01   3.683062e-01   6.578863e-01
        245500   1.505370e+00   2.560911e+01              0             12              4              2   1.110409e+01   3.718769e-01   6.544301e-01
        246000   1.472977e+00   3.447913e+01              0             12              4              2   1.084289e+01   3.649364e-01   6.489328e-01
        246500   1.433161e+00   4.019046e+01              0             14              4              2   1.068511e+01   3.505792e-01   6.304551e-01
        247000   1.477809e+00   3.637688e+01              0             14              4              2   1.108745e+01   3.354783e-01   6.400150e-01
        247500   1.510478e+00   2.896241e+01              0             11              3              1   1.102659e+01   3.420214e-01   6.405713e-01
        248000   1.519152e+00   2.995782e+01              0             11              4              2   1.112171e+01   3.261501e-01   6.397028e-01
        248500   1.438631e+00   4.327210e+01              0             11              4              2   1.124697e+01   3.280663e-01   6.369743e-01
        249000   1.363698e+00   4.536588e+01              0             13              4              2   1.104258e+01   3.663559e-01   6.366541e-01
        249500   1.397588e+00   4.513563e+01              0             12              4              2   1.103474e+01   3.625904e-01   6.501558e-01
        250000   1.420347e+00   4.609407e+01              0             12              4              2   1.091792e+01   3.592830e-01   6.355820e-01
        250500   1.414394e+00   4.709061e+01              0             12              4              2   1.091763e+01   3.533091e-01   6.305248e-01
        251000   1.392744e+00   4.911623e+01              0             10              4              2   1.076597e+01   3.438700e-01   6.114293e-01
        251500   1.433461e+00   4.904007e+01              0             12              4              1   1.085133e+01   3.277447e-01   6.364263e-01
        252000   1.475422e+00   4.482322e+01              0             10              4              2   1.049165e+01   3.425982e-01   6.257641e-01
        252500   1.506309e+00   3.563151e+01              0             10              4              2   1.054055e+01   3.354263e-01   6.305269e-01
        253000   1.523935e+00   3.662589e+01              0              9              4              2   1.058587e+01   3.374949e-01   6.251174e-01
        253500   1.480178e+00   3.757915e+01              0              9              4              2   1.078536e+01   3.446973e-01   6.307758e-01
        254000   1.492767e+00   3.853942e+01              0              8              4              2   1.074951e+01   3.425616e-01   6.249111e-01
        254500   1.455947e+00   4.951020e+01              0              9              4              2   1.088194e+01   3.438655e-01   6.437561e-01
        255000   1.495929e+00   5.048828e+01              0              7              5              2   1.077650e+01   3.405652e-01   6.327622e-01
        255500   1.515238e+00   4.125933e+01              0              8              3              2   1.084487e+01   3.332233e-01   6.475013e-01
        256000   1.582247e+00   2.851524e+01              0             10              4              2   1.072387e+01   3.588511e-01   6.527917e-01
        256500   1.579508e+00   2.950281e+01              0              8              3              1   1.063437e+01   3.307637e-01   6.326033e-01
        257000   1.597780e+00   1.771797e+01              0              9              4              2   1.064210e+01   3.352001e-01   6.321649e-01
        257500   1.601203e+00   1.869068e+01              0              6              4              2   1.073705e+01   3.309309e-01   6.308687e-01
        258000   1.600938e+00   1.967100e+01              0              7              3              1   1.083891e+01   3.345810e-01   6.424740e-01
        258500   1.613531e+00   2.066704e+01              0              7              2              1   1.093745e+01   3.405082e-01   6.297175e-01
        259000   1.616355e+00   2.166155e+01              0              5              2              1   1.114983e+01   3.580151e-01   6.390053e-01
        259500   1.657298e+00   1.278548e+01              0              5              1              1   1.098053e+01   3.293290e-01   6.354333e-01
        260000   1.641202e+00   1.376639e+01              0              6              2              1   1.077601e+01   3.397048e-01   6.194822e-01
        260500   1.646773e+00   1.473004e+01              0              6              2              1   1.123943e+01   3.162919e-01   6.382073e-01
        261000   1.590284e+00   2.552715e+01              0              5              2              1   1.092278e+01   3.190836e-01   6.314161e-01
        261500   1.631212e+00   2.651915e+01              0              5              1              0   1.088924e+01   3.317674e-01   6.424095e-01
        262000   1.643136e+00   2.748929e+01              0              3              1              0   1.105959e+01   3.243454e-01   6.470928e-01
        262500   1.689356e+00   1.840003e+01              0              3              0              0   1.113398e+01   3.206600e-01   6.544664e-01
        263000   1.718728e+00   1.160214e+01              0              0              0              0   1.068010e+01   3.379745e-01   6.135597e-01
        263500   1.675510e+00   2.030228e+01              0              0              0              0   1.078426e+01   3.379999e-01   6.257801e-01
        264000   1.655839e+00   2.129320e+01              0              0              0              0   1.078909e+01   3.412572e-01   6.248992e-01
        264500   1.639726e+00   3.160952e+01              0              0              0              0   1.129049e+01   3.410687e-01   6.597305e-01
        265000   1.674943e+00   2.324308e+01              0              0              0              0   1.086957e+01   3.556983e-01   6.502677e-01
        265500   1.726533e+00   1.603550e+01              0              0              0              0   1.095750e+01   3.426728e-01   6.420939e-01
        266000   1.743597e+00   1.702192e+01              0              0              0              0   1.090688e+01   3.131918e-01   6.364608e-01
        266500   1.796884e+00   6.093107e+00              0              0              0              0   1.069132e+01   3.176737e-01   6.283147e-01
        267000   1.888852e+00   3.699738e+00              0              0              0              0   1.080457e+01   3.125306e-01   6.358794e-01
        267500   1.940376e+00   2.756813e+00              0              0              0              0   1.068033e+01   3.205996e-01   6.204636e-01
        268000   1.949520e+00   3.712354e+00              0              0              0              0   1.039759e+01   3.368811e-01   6.068735e-01
        268500   1.918415e+00   4.696733e+00              0              0              0              0   1.058551e+01   3.333873e-01   6.235606e-01
        269000   1.885419e+00   7.147696e+00              0              0              0              0   1.073786e+01   3.229338e-01   6.209535e-01
        269500   1.869295e+00   8.124924e+00              0              0              0              0   1.047893e+01   3.474788e-01   6.003327e-01
        270000   1.858162e+00   9.104362e+00              0              0              0              0   1.059678e+01   3.482388e-01   6.130041e-01
        270500   1.867148e+00   1.010174e+01              0              0              0              0   1.060099e+01   3.481237e-01   6.201670e-01
        271000   1.830789e+00   1.309099e+01              0              0              0              0   1.063922e+01   3.345315e-01   6.296460e-01
        271500   1.851281e+00   1.201707e+01              0              0              0              0   1.057697e+01   3.335837e-01   6.221044e-01
        272000   1.808648e+00   1.502698e+01              0              0              0              0   1.060429e+01   3.126183e-01   6.156377e-01
        272500   1.826898e+00   1.601726e+01              0              0              0              0   1.057273e+01   3.273405e-01   6.145301e-01
        273000   1.861824e+00   1.472549e+01              0              0              0              0   1.066715e+01   3.219839e-01   6.119098e-01
        273500   1.871819e+00   1.569333e+01              0              0              0              0   1.053016e+01   3.100390e-01   6.136836e-01
        274000   1.817543e+00   1.886791e+01              0              0              0              0   1.068422e+01   3.155901e-01   6.179921e-01
        274500   1.746211e+00   2.442350e+01              0              0              0              0   1.054677e+01   3.371820e-01   6.228225e-01
        275000   1.714401e+00   2.541037e+01              0              0              0              0   1.044993e+01   3.384693e-01   6.191872e-01
        275500   1.748516e+00   2.347513e+01              0              0              0              0   1.040949e+01   3.396457e-01   6.158525e-01
        276000   1.755918e+00   2.446449e+01              0              0              0              0   1.074071e+01   3.173982e-01   6.227089e-01
        276500   1.811942e+00   2.274075e+01              0              0              0              0   1.062775e+01   3.202171e-01   6.096166e-01
        277000   1.899062e+00   1.530067e+01              0              0              0              0   1.084762e+01   3.079897e-01   6.254210e-01
        277500   1.941964e+00   1.093119e+01              0              0              0              0   1.072514e+01   3.178404e-01   6.244277e-01
        278000   2.024400e+00   7.130812e+00              0              0              0              0   1.077636e+01   2.943456e-01   6.203261e-01
        278500   2.058828e+00   4.605497e+00              0              0              0              0   1.069670e+01   2.926181e-01   6.089870e-01
        279000   2.053991e+00   5.598723e+00              0              0              0              0   1.077000e+01   2.929999e-01   6.234575e-01
        279500   2.083784e+00   6.594991e+00              0              0              0              0   1.079404e+01   2.981617e-01   6.110681e-01
        280000   2.124612e+00   5.047927e+00              0              0              0              0   1.103999e+01   2.846031e-01   6.056398e-01
        280500   2.164169e+00   3.964198e+00              0              0              0              0   1.114072e+01   3.156742e-01   6.400791e-01
        281000   2.144006e+00   6.975072e+00              0              0              0              0   1.109013e+01   2.898137e-01   6.207863e-01
        281500   2.142247e+00   7.931879e+00              0              0              0              0   1.107028e+01   3.428411e-01   6.308384e-01
        282000   2.203671e+00   6.857782e+00              0              0              0              0   1.072134e+01   3.582810e-01   6.370875e-01
        282500   2.211050e+00   5.595932e+00              0              0              0              0   1.082978e+01   3.558503e-01   6.327199e-01
        283000   2.178833e+00   8.730437e+00              0              0              0              0   1.059318e+01   3.354705e-01   6.255223e-01
        283500   2.169406e+00   9.718068e+00              0              0              0              0   1.085542e+01   3.324897e-01   6.298348e-01
        284000   2.228703e+00   8.374322e+00              0              0              0              0   1.077795e+01   3.368938e-01   6.260068e-01
        284500   2.235366e+00   9.360023e+00              0              0              0              0   1.080174e+01   3.343790e-01   6.239854e-01
        285000   2.249649e+00   7.363280e+00              0              0              0              0   1.089904e+01   3.410353e-01   6.246525e-01
        285500   2.270144e+00   8.333723e+00              0              0              0              0   1.076498e+01   3.258447e-01   6.134166e-01
        286000   2.289085e+00   9.323697e+00              0              0              0              0   1.088944e+01   3.173976e-01   6.226569e-01
        286500   2.320585e+00   7.009022e+00              0              0              0              0   1.070656e+01   3.010083e-01   6.039327e-01
        287000   2.353643e+00   4.959633e+00              0              0              0              0   1.098559e+01   3.189479e-01   6.256845e-01
        287500   2.421482e+00   3.546008e+00              0              0              0              0   1.081328e+01   3.243222e-01   6.200402e-01
        288000   2.420611e+00   4.541245e+00              0              0              0              0   1.080225e+01   3.272447e-01   6.308736e-01
        288500   2.475890e+00   3.738247e+00              0              0              0              0   1.071695e+01   3.088672e-01   6.159028e-01
        289000   2.466228e+00   4.725613e+00              0              0              0              0   1.103550e+01   3.058427e-01   6.281985e-01
        289500   2.461318e+00   5.706891e+00              0              0              0              0   1.075519e+01   3.086474e-01   6.270160e-01
        290000   2.499577e+00   6.676851e+00              0              0              0              0   1.077919e+01   2.976583e-01   6.200433e-01
        290500   2.488886e+00   7.662831e+00              0              0              0              0   1.079108e+01   3.037952e-01   6.257482e-01
