          step              r      E_metad_r      n_cont_CA   n_cont_heavy       n_saltbr        n_hbond           SASA           RMSD             Rg 
             0   4.629278e-01   0.000000e+00              4             55              4              7   1.172751e+01   0.000000e+00   6.459176e-01
           500   4.773754e-01   9.929790e-01              5             54              4              8   1.190641e+01   4.920336e-02   6.479471e-01
          1000   4.795962e-01   1.982301e+00              5             54              4              6   1.181280e+01   5.641347e-02   6.457065e-01
          1500   4.890259e-01   2.972864e+00              4             53              4              8   1.165326e+01   8.214536e-02   6.443218e-01
          2000   4.933382e-01   3.965104e+00              4             55              4              7   1.193274e+01   8.476227e-02   6.602984e-01
          2500   4.561088e-01   4.933128e+00              2             53              4              8   1.165228e+01   7.401793e-02   6.324942e-01
          3000   4.585375e-01   5.920340e+00              5             54              4              8   1.147633e+01   7.960546e-02   6.349852e-01
          3500   4.732860e-01   6.916038e+00              4             54              4              8   1.154714e+01   6.179411e-02   6.288312e-01
          4000   4.539079e-01   7.905196e+00              4             54              3              6   1.162321e+01   7.681395e-02   6.350132e-01
          4500   4.586733e-01   8.890501e+00              5             54              4              8   1.154750e+01   7.052773e-02   6.251052e-01
          5000   4.467194e-01   8.941751e+00              4             56              4              8   1.160375e+01   8.106645e-02   6.385591e-01
          5500   4.416479e-01   9.904250e+00              5             55              4              8   1.156656e+01   7.018013e-02   6.270069e-01
          6000   4.588052e-01   1.083347e+01              4             55              4              7   1.172902e+01   7.546794e-02   6.358502e-01
          6500   4.816754e-01   1.280259e+01              5             52              4              8   1.166206e+01   8.098785e-02   6.412854e-01
          7000   4.793609e-01   1.379567e+01              4             53              4              6   1.162831e+01   5.753969e-02   6.325019e-01
          7500   4.782208e-01   1.479269e+01              4             52              4              7   1.171361e+01   7.289866e-02   6.326190e-01
          8000   4.679417e-01   1.577997e+01              4             53              4              6   1.167587e+01   8.854274e-02   6.379296e-01
          8500   4.967049e-01   1.677248e+01              4             51              4              6   1.163858e+01   9.842644e-02   6.264663e-01
          9000   4.814350e-01   1.776663e+01              4             55              4              7   1.150726e+01   8.828270e-02   6.340232e-01
          9500   4.657637e-01   1.876226e+01              5             54              4              7   1.152530e+01   8.592521e-02   6.298355e-01
         10000   4.637807e-01   1.974044e+01              5             55              3              6   1.152331e+01   5.974387e-02   6.351543e-01
         10500   4.462053e-01   2.069979e+01              5             54              4              8   1.143674e+01   8.195897e-02   6.301274e-01
         11000   4.596239e-01   2.168299e+01              5             55              4              8   1.161394e+01   8.534173e-02   6.286785e-01
         11500   4.802439e-01   2.266930e+01              5             56              3              9   1.150878e+01   8.207608e-02   6.368479e-01
         12000   4.846529e-01   2.035564e+01              4             52              4              8   1.166974e+01   1.012945e-01   6.475948e-01
         12500   4.485209e-01   2.244705e+01              5             54              3              5   1.169410e+01   1.027206e-01   6.366583e-01
         13000   4.502150e-01   2.339852e+01              4             54              4              8   1.151348e+01   9.774829e-02   6.285337e-01
         13500   4.580344e-01   2.429390e+01              4             54              4              7   1.164144e+01   9.148616e-02   6.288363e-01
         14000   4.555419e-01   2.757259e+01              3             54              4              8   1.155407e+01   8.123853e-02   6.294510e-01
         14500   4.741870e-01   2.855398e+01              5             53              4              8   1.154761e+01   8.540955e-02   6.257004e-01
         15000   4.674748e-01   2.955106e+01              4             55              4              7   1.152830e+01   6.566248e-02   6.338456e-01
         15500   4.687195e-01   3.054880e+01              3             49              4              7   1.188984e+01   7.759350e-02   6.407558e-01
         16000   4.701095e-01   3.154544e+01              5             54              3              6   1.173149e+01   7.811323e-02   6.481872e-01
         16500   4.576799e-01   3.252588e+01              4             56              4              8   1.156208e+01   6.996821e-02   6.344198e-01
         17000   4.614807e-01   3.350892e+01              4             53              4              5   1.157176e+01   8.233876e-02   6.332798e-01
         17500   4.614456e-01   3.448791e+01              5             52              3              8   1.160966e+01   9.342755e-02   6.289154e-01
         18000   4.823441e-01   3.548327e+01              4             51              4              9   1.155069e+01   8.385206e-02   6.281613e-01
         18500   4.704407e-01   3.648049e+01              4             51              4              8   1.151902e+01   8.429769e-02   6.265783e-01
         19000   4.624505e-01   3.747842e+01              3             55              4              9   1.170338e+01   7.305873e-02   6.375018e-01
         19500   4.897838e-01   3.297153e+01              4             51              3              6   1.157135e+01   9.514811e-02   6.308050e-01
         20000   4.804203e-01   3.944555e+01              4             53              4              9   1.156882e+01   8.519553e-02   6.255185e-01
         20500   4.905131e-01   4.043694e+01              4             53              4              8   1.157413e+01   8.009896e-02   6.395149e-01
         21000   4.651675e-01   4.142537e+01              5             55              4              9   1.153443e+01   8.020817e-02   6.342970e-01
         21500   4.697106e-01   4.240717e+01              4             54              4              9   1.159374e+01   7.977642e-02   6.335011e-01
         22000   4.706625e-01   4.340375e+01              4             54              4              8   1.178942e+01   7.169355e-02   6.519511e-01
         22500   4.826823e-01   4.439848e+01              5             53              5              7   1.161979e+01   7.978923e-02   6.424968e-01
         23000   4.780028e-01   4.539206e+01              5             55              4             10   1.175267e+01   8.237556e-02   6.535803e-01
         23500   4.739296e-01   4.639037e+01              5             55              4              8   1.182974e+01   9.908140e-02   6.617739e-01
         24000   4.677319e-01   4.738698e+01              5             54              4              8   1.176719e+01   1.200962e-01   6.630087e-01
         24500   4.729754e-01   4.836961e+01              4             53              3              7   1.167871e+01   1.037227e-01   6.648750e-01
         25000   4.701340e-01   4.935520e+01              4             53              4              9   1.189454e+01   1.168239e-01   6.758782e-01
         25500   4.666960e-01   5.034081e+01              4             54              3              8   1.165165e+01   9.939989e-02   6.490509e-01
         26000   4.720743e-01   5.133593e+01              5             54              4              8   1.173142e+01   9.964732e-02   6.495358e-01
         26500   4.715595e-01   5.232846e+01              4             53              4              6   1.180469e+01   1.165729e-01   6.724547e-01
         27000   4.713414e-01   5.330822e+01              4             54              4              8   1.162714e+01   1.043310e-01   6.669631e-01
         27500   4.938303e-01   5.429696e+01              4             52              4              8   1.176565e+01   1.192469e-01   6.682836e-01
         28000   4.677099e-01   5.528752e+01              4             53              4              9   1.170306e+01   1.085871e-01   6.521596e-01
         28500   4.638769e-01   5.627833e+01              4             54              4              7   1.174704e+01   1.124520e-01   6.666113e-01
         29000   4.830213e-01   5.727498e+01              5             54              4              8   1.187346e+01   1.175618e-01   6.543013e-01
         29500   4.786284e-01   5.826471e+01              4             53              4              9   1.178993e+01   1.066754e-01   6.591208e-01
         30000   4.817427e-01   5.924760e+01              5             54              4             10   1.165357e+01   9.093125e-02   6.503879e-01
         30500   4.733868e-01   6.024402e+01              5             54              4              7   1.151061e+01   1.094282e-01   6.452512e-01
         31000   4.674060e-01   6.123854e+01              5             54              3             10   1.168464e+01   1.249128e-01   6.497323e-01
         31500   4.566703e-01   6.223338e+01              4             53              4              8   1.172157e+01   1.162118e-01   6.675216e-01
         32000   4.812210e-01   6.322682e+01              4             53              4              6   1.162178e+01   1.064770e-01   6.469875e-01
         32500   4.630990e-01   6.420694e+01              4             54              3              8   1.174724e+01   1.020700e-01   6.447360e-01
         33000   4.701178e-01   6.516642e+01              4             54              4              9   1.177547e+01   1.149888e-01   6.521094e-01
         33500   4.719645e-01   6.616238e+01              4             54              4              7   1.161871e+01   1.086733e-01   6.529668e-01
         34000   4.502745e-01   6.090071e+01              5             54              3              6   1.169334e+01   1.128517e-01   6.462484e-01
         34500   4.620606e-01   6.184139e+01              5             55              4              7   1.160732e+01   1.125649e-01   6.431866e-01
         35000   4.659385e-01   6.908863e+01              5             55              4              8   1.159617e+01   1.020373e-01   6.434523e-01
         35500   4.655985e-01   7.008725e+01              5             53              4             10   1.180099e+01   1.364619e-01   6.575582e-01
         36000   4.775146e-01   7.108458e+01              4             53              4             10   1.169667e+01   1.167496e-01   6.475717e-01
         36500   4.795830e-01   7.206949e+01              5             53              4              9   1.182163e+01   1.226746e-01   6.593266e-01
         37000   4.662363e-01   7.303584e+01              4             51              4              9   1.169804e+01   1.152149e-01   6.437777e-01
         37500   4.652512e-01   7.400553e+01              4             52              4              9   1.180725e+01   1.559980e-01   6.439729e-01
         38000   4.756695e-01   7.499564e+01              5             54              4              8   1.168888e+01   1.255137e-01   6.429670e-01
         38500   4.613654e-01   7.599035e+01              5             54              4              9   1.170661e+01   1.083837e-01   6.499837e-01
         39000   4.772994e-01   7.698568e+01              5             55              4              8   1.174636e+01   1.014719e-01   6.526107e-01
         39500   4.868310e-01   7.794473e+01              3             53              4              8   1.174253e+01   1.175873e-01   6.669877e-01
         40000   4.864074e-01   7.890301e+01              4             55              3              8   1.178141e+01   9.675048e-02   6.664350e-01
         40500   4.673445e-01   7.988438e+01              5             53              3              9   1.171650e+01   9.729005e-02   6.486323e-01
         41000   4.873235e-01   8.085922e+01              3             53              4              9   1.173591e+01   9.336228e-02   6.613802e-01
         41500   4.851288e-01   8.185317e+01              4             52              4              8   1.164595e+01   9.712712e-02   6.502897e-01
         42000   4.793665e-01   8.283633e+01              5             52              3              8   1.192127e+01   1.112792e-01   6.572646e-01
         42500   4.733362e-01   8.383196e+01              5             53              4              9   1.153877e+01   1.067262e-01   6.372777e-01
         43000   4.660705e-01   8.482393e+01              4             53              4              9   1.165822e+01   1.029379e-01   6.431238e-01
         43500   4.748286e-01   8.581845e+01              4             54              3              7   1.150747e+01   1.013739e-01   6.495341e-01
         44000   4.643472e-01   8.681349e+01              5             55              4              9   1.176384e+01   1.022120e-01   6.443155e-01
         44500   4.852996e-01   7.683189e+01              5             54              3              7   1.156849e+01   1.017374e-01   6.496768e-01
         45000   4.886915e-01   8.878171e+01              3             55              4              8   1.183388e+01   9.535836e-02   6.633551e-01
         45500   4.939275e-01   8.975144e+01              5             52              3              8   1.155549e+01   9.165838e-02   6.349697e-01
         46000   4.534382e-01   9.073793e+01              4             55              4              7   1.174308e+01   9.101773e-02   6.451909e-01
         46500   4.854901e-01   9.171899e+01              4             51              4              7   1.191226e+01   9.332761e-02   6.429038e-01
         47000   4.613384e-01   8.297295e+01              4             51              4              9   1.162731e+01   9.420014e-02   6.301001e-01
         47500   4.594473e-01   9.365028e+01              5             54              4              8   1.185593e+01   9.956731e-02   6.581014e-01
         48000   4.672833e-01   9.462573e+01              3             53              4              8   1.177744e+01   1.093912e-01   6.575853e-01
         48500   4.815736e-01   9.561295e+01              4             54              4              9   1.168794e+01   9.895929e-02   6.579522e-01
         49000   4.797502e-01   9.659336e+01              5             53              4              9   1.155987e+01   1.051699e-01   6.505549e-01
         49500   4.504183e-01   9.754742e+01              4             54              4              8   1.176614e+01   9.594198e-02   6.525349e-01
         50000   4.548765e-01   8.847067e+01              5             53              4              9   1.160331e+01   9.086531e-02   6.425681e-01
         50500   4.716381e-01   9.949379e+01              5             55              4              9   1.166005e+01   8.991575e-02   6.453151e-01
         51000   4.509648e-01   9.025573e+01              5             55              4             10   1.167177e+01   8.973678e-02   6.532226e-01
         51500   4.639536e-01   1.014216e+02              4             54              4              9   1.155544e+01   9.049609e-02   6.415363e-01
         52000   4.726923e-01   1.024022e+02              4             52              4              8   1.163610e+01   9.153976e-02   6.359113e-01
         52500   4.856024e-01   1.033994e+02              5             55              4             10   1.162520e+01   8.647365e-02   6.469990e-01
         53000   4.793328e-01   1.043954e+02              4             54              3             10   1.162812e+01   9.528690e-02   6.382333e-01
         53500   4.904668e-01   9.204933e+01              4             53              4              8   1.176344e+01   9.576681e-02   6.528750e-01
         54000   4.755251e-01   1.063629e+02              5             51              3              8   1.168222e+01   9.692176e-02   6.478987e-01
         54500   4.761785e-01   1.073605e+02              4             54              4              9   1.175258e+01   9.097919e-02   6.469987e-01
         55000   4.884276e-01   9.469036e+01              4             53              4              8   1.180367e+01   8.427183e-02   6.540312e-01
         55500   4.721282e-01   1.093320e+02              5             54              4              7   1.165996e+01   8.812090e-02   6.520419e-01
         56000   4.748156e-01   1.103203e+02              4             55              4              9   1.192761e+01   9.633665e-02   6.714451e-01
         56500   4.868200e-01   1.113123e+02              4             54              4              8   1.168580e+01   8.974095e-02   6.562214e-01
         57000   4.698250e-01   1.123102e+02              5             55              4              9   1.176955e+01   9.146643e-02   6.565098e-01
         57500   4.716753e-01   1.133085e+02              3             54              4              9   1.161591e+01   8.840916e-02   6.478659e-01
         58000   4.784475e-01   1.143029e+02              5             55              4              8   1.174748e+01   1.031983e-01   6.569365e-01
         58500   4.872665e-01   1.152981e+02              4             53              4              8   1.204235e+01   1.049326e-01   6.729008e-01
         59000   4.957321e-01   1.018719e+02              3             53              4              8   1.185411e+01   1.038556e-01   6.536586e-01
         59500   4.800258e-01   1.171951e+02              3             52              4              8   1.164091e+01   1.004894e-01   6.447452e-01
         60000   4.954993e-01   1.037715e+02              3             53              4              8   1.172329e+01   9.912127e-02   6.510193e-01
         60500   4.707807e-01   1.190817e+02              5             54              4              8   1.180715e+01   9.916696e-02   6.582299e-01
         61000   4.733968e-01   1.200777e+02              5             52              4              8   1.173529e+01   1.077900e-01   6.490893e-01
         61500   4.752065e-01   1.210522e+02              3             51              4              9   1.186588e+01   1.016564e-01   6.541659e-01
         62000   4.632904e-01   1.220452e+02              4             52              4              9   1.187537e+01   1.004382e-01   6.437366e-01
         62500   5.001392e-01   1.082513e+02              3             52              4              7   1.192054e+01   9.274296e-02   6.513563e-01
         63000   5.272332e-01   7.562287e+01              5             51              4              9   1.159119e+01   1.032168e-01   6.462227e-01
         63500   4.814800e-01   1.248127e+02              5             52              3              7   1.167813e+01   1.049855e-01   6.481047e-01
         64000   4.951217e-01   1.110847e+02              3             54              4              8   1.173890e+01   1.016949e-01   6.592171e-01
         64500   5.282665e-01   7.797170e+01              3             53              4              9   1.176460e+01   1.102358e-01   6.656872e-01
         65000   5.183460e-01   1.130107e+02              4             53              3              6   1.182921e+01   9.785137e-02   6.633393e-01
         65500   5.024568e-01   1.140045e+02              2             53              4              8   1.174500e+01   1.001856e-01   6.578581e-01
         66000   4.945285e-01   1.291745e+02              3             54              3              7   1.179509e+01   9.694320e-02   6.644723e-01
         66500   5.034989e-01   1.159341e+02              3             52              3              8   1.188375e+01   1.068104e-01   6.696197e-01
         67000   4.855255e-01   1.169319e+02              4             52              4              7   1.162839e+01   1.012323e-01   6.485549e-01
         67500   5.085120e-01   1.179086e+02              3             52              3              7   1.185627e+01   9.841052e-02   6.586358e-01
         68000   5.090822e-01   1.189054e+02              3             51              4              7   1.182655e+01   1.021227e-01   6.569872e-01
         68500   4.795083e-01   1.336812e+02              3             54              3              7   1.190599e+01   1.027226e-01   6.640858e-01
         69000   4.908336e-01   1.346296e+02              2             54              4              7   1.188128e+01   1.020032e-01   6.584766e-01
         69500   4.654191e-01   1.356036e+02              5             54              4              8   1.162655e+01   1.005805e-01   6.557221e-01
         70000   4.964626e-01   1.226402e+02              4             52              3              7   1.183483e+01   9.525508e-02   6.542978e-01
         70500   4.772504e-01   1.236139e+02              3             54              4              7   1.185803e+01   1.057828e-01   6.700454e-01
         71000   4.924879e-01   1.245830e+02              4             54              3              8   1.170751e+01   9.412708e-02   6.523467e-01
         71500   4.722662e-01   1.393479e+02              4             51              3              9   1.167351e+01   9.478228e-02   6.412451e-01
         72000   4.595968e-01   1.229099e+02              5             54              4              8   1.188436e+01   8.692817e-02   6.481574e-01
         72500   4.753010e-01   1.412551e+02              4             54              4              8   1.179952e+01   8.654963e-02   6.480114e-01
         73000   4.896230e-01   1.279708e+02              4             52              4              7   1.167154e+01   8.890398e-02   6.457715e-01
         73500   4.828214e-01   1.432169e+02              5             55              4              9   1.176494e+01   9.132967e-02   6.497883e-01
         74000   4.691205e-01   1.442066e+02              5             53              3              8   1.159324e+01   9.707135e-02   6.403528e-01
         74500   4.908144e-01   1.306202e+02              4             53              4              8   1.166755e+01   9.507649e-02   6.433490e-01
         75000   4.583000e-01   1.461636e+02              4             55              3              8   1.173577e+01   9.668709e-02   6.532992e-01
         75500   4.810393e-01   1.471269e+02              4             53              3              8   1.176535e+01   9.279546e-02   6.490009e-01
         76000   4.754639e-01   1.481087e+02              5             52              3             10   1.185792e+01   8.860157e-02   6.506475e-01
         76500   4.781563e-01   1.491064e+02              5             55              3              8   1.167114e+01   8.879472e-02   6.524661e-01
         77000   4.495965e-01   1.317962e+02              4             55              3              8   1.176934e+01   1.042677e-01   6.504639e-01
         77500   4.447679e-01   1.327946e+02              5             55              3              9   1.156778e+01   1.010211e-01   6.509914e-01
         78000   4.316097e-01   9.308828e+01              3             55              3              8   1.167531e+01   1.038812e-01   6.506795e-01
         78500   4.440897e-01   1.347465e+02              4             56              4              9   1.180819e+01   1.040604e-01   6.630207e-01
         79000   4.387446e-01   1.357269e+02              5             54              4              8   1.154979e+01   1.118129e-01   6.514315e-01
         79500   4.482159e-01   1.367248e+02              5             56              3              8   1.187323e+01   1.125374e-01   6.660532e-01
         80000   4.658664e-01   1.550896e+02              4             56              4              8   1.180366e+01   9.670822e-02   6.651474e-01
         80500   4.584310e-01   1.386002e+02              5             55              4              7   1.178639e+01   1.064088e-01   6.587185e-01
         81000   4.588669e-01   1.395942e+02              3             56              4              6   1.181861e+01   9.894586e-02   6.652564e-01
         81500   4.828386e-01   1.403901e+02              5             54              5              7   1.186128e+01   9.632958e-02   6.544062e-01
         82000   4.727865e-01   1.588966e+02              5             56              5              9   1.170626e+01   9.358273e-02   6.555703e-01
         82500   4.253175e-01   1.001669e+02              5             55              4              8   1.180116e+01   1.189025e-01   6.533525e-01
         83000   4.539221e-01   1.431980e+02              4             52              4              8   1.179139e+01   1.175957e-01   6.416581e-01
         83500   4.611553e-01   1.441918e+02              5             54              4              9   1.176357e+01   1.243304e-01   6.466663e-01
         84000   4.419253e-01   1.028104e+02              4             55              4              8   1.171148e+01   1.100069e-01   6.394231e-01
         84500   4.500146e-01   1.461696e+02              4             55              4              8   1.167607e+01   1.010606e-01   6.468058e-01
         85000   4.472213e-01   1.471656e+02              5             55              4              8   1.180772e+01   8.938082e-02   6.619411e-01
         85500   4.617192e-01   1.481610e+02              4             52              4              7   1.180335e+01   1.122780e-01   6.411609e-01
         86000   4.475262e-01   1.491551e+02              4             55              4              9   1.151474e+01   9.800996e-02   6.434270e-01
         86500   4.462267e-01   1.501213e+02              5             55              4              8   1.175747e+01   9.392459e-02   6.533142e-01
         87000   4.472347e-01   1.511162e+02              5             53              3              9   1.143364e+01   1.054096e-01   6.411972e-01
         87500   4.522457e-01   1.521013e+02              5             54              4              8   1.169557e+01   1.050828e-01   6.429617e-01
         88000   4.371808e-01   1.100316e+02              4             53              3              7   1.168108e+01   1.119986e-01   6.454768e-01
         88500   4.508344e-01   1.540748e+02              5             54              3              9   1.173798e+01   1.166421e-01   6.609869e-01
         89000   4.494202e-01   1.550730e+02              5             54              3              8   1.161946e+01   9.924489e-02   6.399955e-01
         89500   4.380123e-01   1.560687e+02              5             54              4              7   1.173514e+01   9.502955e-02   6.469346e-01
         90000   4.529485e-01   1.570613e+02              5             53              4              9   1.151881e+01   1.094155e-01   6.230139e-01
         90500   4.543579e-01   1.580590e+02              5             54              4              7   1.171144e+01   9.264890e-02   6.507029e-01
         91000   4.653737e-01   1.590549e+02              4             53              4              8   1.166455e+01   1.024527e-01   6.467877e-01
         91500   4.443474e-01   1.600504e+02              5             55              3              8   1.171070e+01   9.462907e-02   6.639903e-01
         92000   4.494486e-01   1.610445e+02              5             55              4              8   1.156584e+01   9.095860e-02   6.423134e-01
         92500   4.611568e-01   1.620427e+02              3             54              4              9   1.172303e+01   9.281088e-02   6.556445e-01
         93000   4.628912e-01   1.779367e+02              5             56              4              9   1.176559e+01   9.852812e-02   6.592152e-01
         93500   4.665393e-01   1.789295e+02              3             54              3              7   1.169153e+01   9.698676e-02   6.565740e-01
         94000   4.521711e-01   1.647768e+02              5             53              3              8   1.144558e+01   9.572625e-02   6.354195e-01
         94500   4.577281e-01   1.657705e+02              4             55              1              8   1.168519e+01   9.417482e-02   6.581427e-01
         95000   4.941589e-01   1.575559e+02              5             54              3              8   1.158887e+01   1.078197e-01   6.509471e-01
         95500   4.858159e-01   1.585507e+02              4             55              5              9   1.178391e+01   1.084983e-01   6.625571e-01
         96000   5.263027e-01   1.104552e+02              4             52              5              8   1.185115e+01   1.113878e-01   6.552169e-01
         96500   4.959927e-01   1.604181e+02              5             53              5              8   1.176067e+01   1.156183e-01   6.522549e-01
         97000   5.067357e-01   1.613899e+02              4             51              5              8   1.175834e+01   1.049462e-01   6.600608e-01
         97500   5.020730e-01   1.623856e+02              4             53              4              8   1.180789e+01   9.356963e-02   6.566376e-01
         98000   4.811207e-01   1.633769e+02              5             55              4              7   1.171732e+01   9.163013e-02   6.606520e-01
         98500   5.371950e-01   1.150923e+02              4             50              3              7   1.153860e+01   1.148717e-01   6.533053e-01
         99000   5.441260e-01   1.160852e+02              3             49              3              6   1.169157e+01   1.086009e-01   6.462545e-01
         99500   5.303223e-01   1.170763e+02              4             53              2              7   1.209923e+01   9.945539e-02   6.692964e-01
        100000   5.113522e-01   1.669696e+02              3             52              4             10   1.186321e+01   1.041700e-01   6.572977e-01
        100500   5.535478e-01   1.190382e+02              3             51              3              7   1.180157e+01   1.219226e-01   6.485581e-01
        101000   5.477544e-01   1.200218e+02              3             50              4              8   1.184129e+01   1.252983e-01   6.649461e-01
        101500   5.621630e-01   6.979727e+01              3             49              4              7   1.195743e+01   1.358535e-01   6.835018e-01
        102000   5.408999e-01   1.219741e+02              3             51              4              7   1.189017e+01   1.357098e-01   6.773028e-01
        102500   5.399125e-01   1.229718e+02              2             47              4              7   1.184955e+01   1.279970e-01   6.626267e-01
        103000   5.368921e-01   1.239602e+02              3             47              4              8   1.174605e+01   1.449247e-01   6.639487e-01
        103500   5.502990e-01   1.249359e+02              3             47              4              7   1.209447e+01   1.404430e-01   6.768603e-01
        104000   5.617175e-01   7.444376e+01              2             46              4              7   1.221086e+01   1.509384e-01   6.812722e-01
        104500   5.601905e-01   7.542953e+01              3             45              4              8   1.207781e+01   1.487179e-01   6.792101e-01
        105000   5.793499e-01   7.641211e+01              3             44              4              7   1.184700e+01   1.649239e-01   6.626140e-01
        105500   5.707634e-01   7.738913e+01              1             44              4              8   1.185026e+01   1.615084e-01   6.574925e-01
        106000   5.813047e-01   1.295999e+02              2             41              4              5   1.204760e+01   1.603216e-01   6.618347e-01
        106500   6.043389e-01   7.935934e+01              0             44              3              6   1.190989e+01   1.545241e-01   6.578598e-01
        107000   6.023668e-01   8.035265e+01              1             44              4              6   1.197870e+01   1.584604e-01   6.597904e-01
        107500   6.063387e-01   8.134713e+01              2             40              4              6   1.193668e+01   1.549447e-01   6.687245e-01
        108000   5.991020e-01   8.233824e+01              3             42              4              7   1.182231e+01   1.585599e-01   6.764243e-01
        108500   6.179818e-01   4.398015e+01              2             38              4              8   1.180227e+01   1.779072e-01   6.819079e-01
        109000   6.146258e-01   8.428908e+01              1             37              4              7   1.189824e+01   1.950837e-01   6.908581e-01
        109500   6.314506e-01   4.592503e+01              1             34              4              4   1.193686e+01   1.873962e-01   6.808586e-01
        110000   6.492187e-01   4.691592e+01              3             33              3              6   1.168848e+01   1.748865e-01   6.746236e-01
        110500   6.731162e-01   4.790956e+01              2             32              4              7   1.179411e+01   1.795007e-01   6.809682e-01
        111000   6.921265e-01   2.418633e+01              1             33              4              5   1.199451e+01   1.855340e-01   7.029332e-01
        111500   6.942357e-01   2.516914e+01              3             33              3              5   1.172186e+01   1.945479e-01   6.872742e-01
        112000   6.998781e-01   2.615584e+01              3             33              5              8   1.179363e+01   2.253042e-01   7.073482e-01
        112500   7.179690e-01   2.714797e+01              2             32              4              5   1.176407e+01   2.209826e-01   6.971029e-01
        113000   7.086619e-01   2.814123e+01              2             31              4              5   1.172988e+01   2.119848e-01   6.944911e-01
        113500   7.041193e-01   2.913381e+01              2             33              6              7   1.174458e+01   2.276717e-01   7.108863e-01
        114000   6.923534e-01   3.012703e+01              1             33              4              6   1.160615e+01   2.271606e-01   6.945083e-01
        114500   7.200478e-01   3.111290e+01              3             32              4              6   1.174942e+01   2.253921e-01   6.955162e-01
        115000   7.156636e-01   3.210799e+01              1             30              5              6   1.174832e+01   2.168958e-01   6.940706e-01
        115500   6.965732e-01   3.310172e+01              2             32              3              6   1.153896e+01   2.099481e-01   6.847532e-01
        116000   7.180498e-01   3.410041e+01              2             31              3              6   1.167235e+01   2.206094e-01   6.895354e-01
        116500   7.298950e-01   2.017836e+01              1             30              4              6   1.164279e+01   2.298005e-01   6.951133e-01
        117000   7.315953e-01   3.607645e+01              1             29              4              5   1.178666e+01   2.331458e-01   6.860726e-01
        117500   7.113655e-01   3.707275e+01              1             30              4              5   1.162754e+01   2.274161e-01   6.850477e-01
        118000   7.015559e-01   3.806263e+01              1             28              3              5   1.155719e+01   2.100514e-01   6.736079e-01
        118500   7.195479e-01   3.905107e+01              1             31              2              6   1.169763e+01   2.051596e-01   6.886307e-01
        119000   7.293671e-01   4.003945e+01              2             32              3              6   1.167456e+01   2.223714e-01   7.052024e-01
        119500   7.127254e-01   4.102592e+01              3             34              3              6   1.169033e+01   2.021528e-01   6.937654e-01
        120000   7.346713e-01   4.200243e+01              2             29              3              4   1.175313e+01   2.045593e-01   6.887537e-01
        120500   7.164253e-01   4.299186e+01              0             29              3              4   1.160199e+01   2.085808e-01   6.828069e-01
        121000   7.279426e-01   2.828582e+01              3             31              3              4   1.152151e+01   2.338910e-01   6.793184e-01
        121500   7.503386e-01   2.926926e+01              2             29              2              5   1.155286e+01   2.294518e-01   6.832196e-01
        122000   7.727760e-01   3.026108e+01              1             29              5              3   1.143313e+01   2.458664e-01   6.766507e-01
        122500   7.633479e-01   3.125587e+01              1             30              2              1   1.165609e+01   2.361287e-01   6.649019e-01
        123000   7.788953e-01   1.986838e+01              1             28              1              3   1.161984e+01   2.368907e-01   6.747371e-01
        123500   7.780950e-01   3.323395e+01              1             31              4              4   1.171147e+01   2.416401e-01   6.871835e-01
        124000   7.594067e-01   3.422268e+01              1             30              2              3   1.176815e+01   2.274775e-01   6.805643e-01
        124500   7.501242e-01   3.520399e+01              3             33              2              4   1.172298e+01   2.288856e-01   6.923301e-01
        125000   7.783333e-01   3.619646e+01              2             31              3              3   1.164674e+01   2.027603e-01   6.787892e-01
        125500   7.706562e-01   3.717645e+01              1             29              2              3   1.180050e+01   2.043267e-01   6.827671e-01
        126000   7.525515e-01   3.815907e+01              2             29              2              2   1.179437e+01   2.004029e-01   6.892303e-01
        126500   7.626271e-01   3.912482e+01              3             30              1              4   1.178255e+01   2.013159e-01   6.788938e-01
        127000   7.661573e-01   4.011779e+01              2             26              2              3   1.178255e+01   1.929787e-01   6.840273e-01
        127500   7.675912e-01   4.111476e+01              1             27              2              4   1.174462e+01   1.906835e-01   6.807146e-01
        128000   7.766722e-01   4.211059e+01              3             29              2              5   1.172817e+01   1.953903e-01   6.719635e-01
        128500   7.778772e-01   4.308439e+01              1             27              2              4   1.167223e+01   2.333082e-01   6.715801e-01
        129000   7.915091e-01   4.404787e+01              1             27              2              5   1.173790e+01   2.334898e-01   6.938692e-01
        129500   8.053000e-01   4.497695e+01              1             25              2              3   1.169829e+01   2.367873e-01   6.909625e-01
        130000   8.280581e-01   3.234844e+01              1             23              2              3   1.170738e+01   2.262323e-01   6.880069e-01
        130500   7.968096e-01   3.332211e+01              2             26              2              4   1.180409e+01   2.192177e-01   6.932757e-01
        131000   8.030774e-01   3.431230e+01              2             27              1              3   1.149761e+01   2.048338e-01   6.590941e-01
        131500   7.998921e-01   3.530694e+01              1             29              2              4   1.170409e+01   2.034805e-01   6.729107e-01
        132000   8.259773e-01   3.630290e+01              1             26              2              3   1.155041e+01   1.914957e-01   6.633715e-01
        132500   8.712356e-01   2.380578e+01              1             23              1              4   1.170854e+01   2.231045e-01   6.842292e-01
        133000   8.767916e-01   2.478871e+01              2             24              2              3   1.177853e+01   2.232350e-01   6.853931e-01
        133500   8.572013e-01   2.578448e+01              1             27              1              2   1.170154e+01   1.981155e-01   6.714150e-01
        134000   8.627661e-01   2.677731e+01              1             25              2              4   1.173598e+01   2.331556e-01   6.710004e-01
        134500   8.896470e-01   1.631408e+01              1             23              2              2   1.159766e+01   2.161244e-01   6.718839e-01
        135000   8.818230e-01   2.874027e+01              1             28              2              4   1.160581e+01   2.327656e-01   6.717097e-01
        135500   9.029617e-01   1.822829e+01              2             24              2              4   1.169195e+01   2.369534e-01   6.827300e-01
        136000   9.183969e-01   1.921968e+01              1             27              1              3   1.166748e+01   2.423104e-01   6.763514e-01
        136500   9.026655e-01   2.019764e+01              1             22              2              4   1.162265e+01   2.442463e-01   6.677185e-01
        137000   9.039610e-01   2.118726e+01              2             24              2              4   1.181865e+01   2.327233e-01   6.716119e-01
        137500   9.170542e-01   2.218511e+01              2             28              2              4   1.166844e+01   2.524833e-01   6.764632e-01
        138000   9.134492e-01   2.318002e+01              1             24              1              4   1.165786e+01   2.047670e-01   6.768584e-01
        138500   9.028739e-01   2.417289e+01              2             26              1              4   1.181032e+01   2.440446e-01   6.887694e-01
        139000   9.226984e-01   2.517115e+01              1             25              2              3   1.174037e+01   2.398729e-01   6.884317e-01
        139500   8.925706e-01   2.610606e+01              2             25              2              3   1.172334e+01   2.093924e-01   6.732955e-01
        140000   8.796118e-01   3.779848e+01              1             28              1              4   1.166051e+01   2.037268e-01   6.802512e-01
        140500   9.104611e-01   2.806856e+01              1             22              2              2   1.163565e+01   1.972123e-01   6.715245e-01
        141000   8.728420e-01   3.967390e+01              1             24              2              4   1.158810e+01   1.783697e-01   6.589462e-01
        141500   8.977894e-01   2.996810e+01              2             24              1              3   1.159847e+01   2.098235e-01   6.521759e-01
        142000   8.820794e-01   4.158346e+01              2             26              2              4   1.176596e+01   1.934761e-01   6.643662e-01
        142500   8.747866e-01   4.257959e+01              3             34              1              3   1.185993e+01   2.239728e-01   6.673185e-01
        143000   8.706569e-01   4.356497e+01              2             26              2              3   1.182069e+01   2.206462e-01   6.616687e-01
        143500   8.781841e-01   4.455903e+01              2             28              2              4   1.171896e+01   2.194856e-01   6.566829e-01
        144000   9.017668e-01   3.458512e+01              2             30              2              3   1.174515e+01   2.191714e-01   6.600156e-01
        144500   8.643036e-01   4.648146e+01              1             32              2              3   1.185314e+01   2.463257e-01   6.577618e-01
        145000   9.156348e-01   3.648509e+01              1             30              2              4   1.174448e+01   2.573649e-01   6.548180e-01
        145500   8.774080e-01   4.833628e+01              2             28              2              3   1.180097e+01   2.453079e-01   6.526321e-01
        146000   8.983546e-01   3.839341e+01              2             26              2              3   1.164061e+01   2.575645e-01   6.433019e-01
        146500   8.746411e-01   5.028420e+01              2             26              1              4   1.163933e+01   2.885278e-01   6.506858e-01
        147000   8.773345e-01   5.127658e+01              2             30              2              4   1.182185e+01   2.757617e-01   6.493435e-01
        147500   8.766457e-01   5.227137e+01              2             28              2              3   1.159400e+01   2.927158e-01   6.422679e-01
        148000   8.958442e-01   5.322832e+01              3             28              2              4   1.143367e+01   2.846916e-01   6.355733e-01
        148500   8.454964e-01   5.420351e+01              3             31              2              4   1.145297e+01   2.711680e-01   6.486933e-01
        149000   7.959549e-01   6.227630e+01              2             27              2              3   1.164705e+01   2.667092e-01   6.548842e-01
        149500   8.257615e-01   6.323622e+01              2             29              2              4   1.160428e+01   2.528788e-01   6.595096e-01
        150000   8.334244e-01   6.422245e+01              2             27              2              4   1.159966e+01   2.532010e-01   6.655454e-01
        150500   8.561001e-01   5.773544e+01              1             23              1              3   1.170419e+01   2.479153e-01   6.659668e-01
        151000   8.291269e-01   6.613977e+01              2             30              2              3   1.171991e+01   2.743890e-01   6.666858e-01
        151500   8.718870e-01   5.965647e+01              1             32              2              3   1.141864e+01   2.723853e-01   6.438657e-01
        152000   8.595692e-01   6.065441e+01              2             31              2              4   1.155461e+01   2.692307e-01   6.526589e-01
        152500   8.841315e-01   6.164739e+01              2             28              2              4   1.167677e+01   2.501020e-01   6.519383e-01
        153000   9.213892e-01   4.977821e+01              1             25              1              3   1.184925e+01   2.479507e-01   6.775954e-01
        153500   9.206696e-01   5.077414e+01              1             24              2              3   1.167539e+01   2.486689e-01   6.944796e-01
        154000   9.194484e-01   5.176665e+01              1             25              2              2   1.169281e+01   2.399942e-01   6.833258e-01
        154500   8.925010e-01   5.274242e+01              1             24              1              5   1.172300e+01   2.270798e-01   6.854205e-01
        155000   9.174011e-01   5.373469e+01              1             27              2              3   1.174542e+01   2.262228e-01   6.878041e-01
        155500   9.081846e-01   5.472518e+01              1             23              2              3   1.185154e+01   2.187095e-01   6.922329e-01
        156000   9.216613e-01   5.571970e+01              1             24              1              3   1.177265e+01   2.293558e-01   6.809724e-01
        156500   9.579334e-01   3.994913e+01              2             26              1              3   1.180321e+01   2.461095e-01   6.829789e-01
        157000   9.653563e-01   4.094237e+01              3             26              1              3   1.172755e+01   2.363591e-01   6.730108e-01
        157500   9.629022e-01   4.193579e+01              2             27              1              3   1.183138e+01   2.284709e-01   6.832794e-01
        158000   9.465636e-01   4.290406e+01              1             23              2              3   1.171584e+01   2.118678e-01   6.775709e-01
        158500   9.397275e-01   4.384250e+01              1             26              1              3   1.176790e+01   2.201609e-01   6.703782e-01
        159000   9.565353e-01   4.481771e+01              2             24              1              3   1.165998e+01   2.222398e-01   6.724920e-01
        159500   9.679300e-01   4.580573e+01              1             25              2              3   1.155116e+01   2.300799e-01   6.646359e-01
        160000   9.888823e-01   4.676169e+01              2             25              1              3   1.164580e+01   2.345843e-01   6.658366e-01
        160500   9.992592e-01   3.016539e+01              2             27              2              4   1.168290e+01   2.440406e-01   6.741274e-01
        161000   9.952276e-01   3.115139e+01              1             31              2              3   1.182156e+01   2.580163e-01   6.745013e-01
        161500   1.002937e+00   3.214370e+01              2             30              1              4   1.184198e+01   2.410068e-01   6.712416e-01
        162000   1.010644e+00   3.313138e+01              2             31              1              4   1.189179e+01   2.231138e-01   6.833320e-01
        162500   1.006682e+00   3.412953e+01              2             28              2              3   1.172931e+01   2.338112e-01   6.804698e-01
        163000   1.000003e+00   3.512586e+01              1             29              2              3   1.177379e+01   2.348742e-01   6.809696e-01
        163500   1.041527e+00   2.099478e+01              1             27              2              3   1.153625e+01   2.587092e-01   6.772549e-01
        164000   1.045695e+00   2.195936e+01              2             28              2              3   1.165539e+01   2.521507e-01   6.967473e-01
        164500   1.046850e+00   3.800356e+01              1             25              2              3   1.177243e+01   2.513182e-01   7.022846e-01
        165000   1.018319e+00   3.897669e+01              2             25              2              3   1.175223e+01   2.574701e-01   6.844063e-01
        165500   1.027436e+00   3.996415e+01              1             22              2              3   1.185867e+01   2.633997e-01   7.053106e-01
        166000   1.044705e+00   4.094026e+01              2             24              2              3   1.165929e+01   2.672994e-01   6.791494e-01
        166500   1.021294e+00   4.191371e+01              1             24              2              3   1.187423e+01   2.974111e-01   6.907429e-01
        167000   1.041504e+00   4.289081e+01              2             24              2              4   1.166748e+01   3.246568e-01   6.668153e-01
        167500   1.054197e+00   2.859890e+01              1             25              2              3   1.183519e+01   3.331090e-01   6.827923e-01
        168000   1.108262e+00   1.719271e+01              2             25              2              3   1.149024e+01   3.312733e-01   6.732525e-01
        168500   1.080572e+00   3.050957e+01              1             21              2              3   1.162326e+01   3.356827e-01   6.792639e-01
        169000   1.113001e+00   1.915400e+01              3             25              2              3   1.163753e+01   3.164168e-01   6.871245e-01
        169500   1.074814e+00   3.236812e+01              2             25              2              4   1.155429e+01   3.332037e-01   6.704023e-01
        170000   1.092884e+00   2.105123e+01              1             24              2              4   1.175924e+01   3.197013e-01   6.841796e-01
        170500   1.084405e+00   3.432402e+01              1             20              1              4   1.159380e+01   3.271937e-01   6.739361e-01
        171000   1.072967e+00   3.530996e+01              1             24              2              4   1.162279e+01   2.956563e-01   6.754009e-01
        171500   1.042039e+00   3.629530e+01              3             27              2              4   1.160131e+01   2.950558e-01   6.787208e-01
        172000   1.005819e+00   5.104237e+01              2             25              2              4   1.167609e+01   3.211596e-01   6.622232e-01
        172500   1.023271e+00   5.203543e+01              2             24              2              2   1.162567e+01   3.268578e-01   6.637861e-01
        173000   1.060586e+00   3.903267e+01              2             25              2              4   1.138109e+01   3.410180e-01   6.465314e-01
        173500   1.086064e+00   4.002078e+01              2             22              2              3   1.148623e+01   3.538586e-01   6.617418e-01
        174000   1.085932e+00   4.100442e+01              1             23              2              2   1.166942e+01   3.651113e-01   6.634778e-01
        174500   1.052893e+00   4.199152e+01              2             25              2              4   1.153670e+01   3.359684e-01   6.500770e-01
        175000   1.092205e+00   2.941159e+01              3             26              2              4   1.146861e+01   3.294172e-01   6.625909e-01
        175500   1.097987e+00   3.037658e+01              2             23              1              3   1.172203e+01   3.177091e-01   6.917730e-01
        176000   1.121107e+00   3.135936e+01              1             23              2              3   1.152990e+01   3.265858e-01   6.953002e-01
        176500   1.090485e+00   3.233874e+01              2             22              2              3   1.175002e+01   3.174061e-01   7.088428e-01
        177000   1.070764e+00   4.671171e+01              1             22              2              3   1.158968e+01   3.381949e-01   7.087393e-01
        177500   1.070269e+00   4.770811e+01              2             24              1              3   1.159489e+01   3.297252e-01   6.909235e-01
        178000   1.071029e+00   4.870627e+01              1             27              1              5   1.165747e+01   3.253078e-01   6.854261e-01
        178500   1.082598e+00   4.968476e+01              0             24              2              4   1.163501e+01   3.233534e-01   6.863010e-01
        179000   1.039357e+00   6.258330e+01              1             23              2              2   1.172518e+01   3.254626e-01   6.978478e-01
        179500   1.056155e+00   5.165352e+01              1             23              1              2   1.176960e+01   3.252707e-01   6.975713e-01
        180000   1.074572e+00   5.264752e+01              1             22              2              2   1.175429e+01   3.379709e-01   6.971679e-01
        180500   1.065639e+00   5.363736e+01              0             21              2              2   1.161198e+01   3.370551e-01   6.951327e-01
        181000   1.030606e+00   5.461171e+01              1             22              2              3   1.178667e+01   3.280189e-01   7.145582e-01
        181500   1.009849e+00   6.716127e+01              1             23              2              3   1.177407e+01   3.336731e-01   7.036116e-01
        182000   1.032951e+00   6.814782e+01              1             24              2              2   1.188262e+01   3.507645e-01   7.100365e-01
        182500   1.023278e+00   6.913245e+01              1             22              2              3   1.184846e+01   3.516383e-01   7.189686e-01
        183000   1.026962e+00   7.012200e+01              1             21              2              4   1.180753e+01   3.442411e-01   7.208976e-01
        183500   1.032214e+00   7.111109e+01              0             22              1              3   1.173985e+01   3.503397e-01   7.103731e-01
        184000   1.058106e+00   6.017053e+01              1             21              1              3   1.159037e+01   3.662290e-01   6.954538e-01
        184500   1.042914e+00   7.299308e+01              1             23              1              3   1.170577e+01   3.631784e-01   6.977990e-01
        185000   1.053253e+00   6.213435e+01              0             20              2              2   1.173571e+01   3.695515e-01   7.028457e-01
        185500   1.085188e+00   4.683132e+01              0             16              2              2   1.178223e+01   3.441329e-01   6.780300e-01
        186000   1.113964e+00   4.780627e+01              0             19              1              2   1.190398e+01   3.674781e-01   6.858828e-01
        186500   1.146675e+00   3.115303e+01              0             15              2              1   1.172551e+01   3.944146e-01   6.795563e-01
        187000   1.157865e+00   3.214117e+01              0             16              2              2   1.180102e+01   3.873463e-01   6.909092e-01
        187500   1.178437e+00   1.821892e+01              0             17              2              2   1.176108e+01   3.958502e-01   7.066802e-01
        188000   1.224440e+00   1.919604e+01              0             15              2              2   1.152900e+01   3.712461e-01   7.074380e-01
        188500   1.204321e+00   2.017787e+01              0             17              2              2   1.161732e+01   3.799292e-01   6.966994e-01
        189000   1.226175e+00   2.116405e+01              0             15              1              2   1.155699e+01   3.913029e-01   7.011317e-01
        189500   1.206428e+00   2.215950e+01              0             15              1              1   1.170212e+01   4.087981e-01   7.119306e-01
        190000   1.203790e+00   2.311779e+01              0             16              2              2   1.182044e+01   4.030254e-01   7.044976e-01
        190500   1.220231e+00   2.410982e+01              0             15              1              1   1.169688e+01   3.920744e-01   7.151217e-01
        191000   1.231257e+00   2.510201e+01              0             16              2              2   1.158007e+01   3.757308e-01   7.072172e-01
        191500   1.246575e+00   1.534294e+01              0             16              2              2   1.175625e+01   3.829472e-01   6.983715e-01
        192000   1.268507e+00   1.633112e+01              0             15              2              2   1.183982e+01   3.905665e-01   7.073312e-01
        192500   1.284817e+00   1.732321e+01              0             16              2              2   1.167748e+01   3.685655e-01   6.955877e-01
        193000   1.263941e+00   1.830695e+01              0             12              2              2   1.176481e+01   3.836105e-01   7.016667e-01
        193500   1.259132e+00   1.929986e+01              0             11              2              2   1.167753e+01   4.004276e-01   6.989495e-01
        194000   1.256706e+00   2.029584e+01              0             18              2              2   1.181911e+01   3.567576e-01   6.969654e-01
        194500   1.264525e+00   2.126690e+01              0             14              1              1   1.149938e+01   3.740807e-01   6.763160e-01
        195000   1.282363e+00   2.226177e+01              0             15              1              1   1.165227e+01   3.734609e-01   6.987432e-01
        195500   1.305328e+00   1.502645e+01              0             11              2              2   1.159009e+01   3.732132e-01   6.782250e-01
        196000   1.304830e+00   1.600927e+01              0             10              2              0   1.170444e+01   3.598699e-01   6.638237e-01
        196500   1.286220e+00   2.513181e+01              0              9              2              2   1.182626e+01   3.635507e-01   6.747338e-01
        197000   1.293567e+00   2.609440e+01              0             10              1              2   1.166579e+01   3.651918e-01   6.699985e-01
        197500   1.316111e+00   1.890984e+01              0              7              2              1   1.163645e+01   3.886936e-01   6.821841e-01
        198000   1.311433e+00   1.990272e+01              0              9              1              2   1.147260e+01   3.675855e-01   6.736289e-01
        198500   1.338439e+00   2.089596e+01              0              7              1              1   1.153060e+01   3.653519e-01   6.921464e-01
        199000   1.303098e+00   2.187897e+01              0              9              1              2   1.138432e+01   3.605643e-01   6.636992e-01
        199500   1.332648e+00   2.284217e+01              0             10              2              1   1.156581e+01   3.432063e-01   6.692724e-01
        200000   1.354313e+00   1.616744e+01              0              6              2              2   1.160660e+01   3.596830e-01   6.778595e-01
        200500   1.315124e+00   2.479817e+01              0              9              2              2   1.156780e+01   3.578276e-01   6.934478e-01
        201000   1.321004e+00   2.579080e+01              0              8              1              2   1.159426e+01   3.306166e-01   6.930367e-01
        201500   1.293206e+00   3.383550e+01              0              8              2              1   1.164813e+01   3.177750e-01   6.863549e-01
        202000   1.342790e+00   2.775002e+01              0              9              2              2   1.148282e+01   3.284721e-01   6.946386e-01
        202500   1.394770e+00   1.260668e+01              0             10              2              2   1.179534e+01   3.258392e-01   7.125927e-01
        203000   1.395798e+00   1.357967e+01              0              8              2              2   1.173860e+01   3.230163e-01   7.139286e-01
        203500   1.400941e+00   1.452671e+01              0              7              2              2   1.202357e+01   3.308972e-01   7.343862e-01
        204000   1.450165e+00   1.551414e+01              0              7              2              2   1.183647e+01   3.209498e-01   7.269600e-01
        204500   1.436748e+00   1.647908e+01              0              7              2              2   1.176153e+01   3.236939e-01   7.132849e-01
        205000   1.452030e+00   1.743492e+01              0             10              2              2   1.170367e+01   3.393792e-01   7.177931e-01
        205500   1.460434e+00   1.167149e+01              0             11              2              2   1.174317e+01   3.391961e-01   7.081488e-01
        206000   1.463189e+00   1.265337e+01              0              8              1              1   1.155325e+01   3.126359e-01   6.916586e-01
        206500   1.476826e+00   1.364648e+01              0             10              2              2   1.163027e+01   3.147162e-01   7.019066e-01
        207000   1.494306e+00   1.463668e+01              0             10              2              2   1.191443e+01   3.139551e-01   7.259135e-01
        207500   1.542114e+00   1.010820e+01              0             10              2              2   1.182408e+01   3.210742e-01   7.213775e-01
        208000   1.501621e+00   1.109704e+01              0              7              1              1   1.181176e+01   3.377402e-01   7.193007e-01
        208500   1.454135e+00   1.731288e+01              0              9              1              2   1.189370e+01   3.227191e-01   7.227394e-01
        209000   1.486406e+00   1.830264e+01              0             10              2              2   1.187435e+01   3.110279e-01   7.126894e-01
        209500   1.517213e+00   1.382283e+01              0             11              2              2   1.186040e+01   3.004581e-01   7.152856e-01
        210000   1.518305e+00   1.481222e+01              0             12              2              2   1.183840e+01   2.864391e-01   7.017152e-01
        210500   1.500858e+00   1.579996e+01              0             11              2              2   1.183752e+01   2.869300e-01   7.024242e-01
        211000   1.508573e+00   1.678261e+01              0             14              2              1   1.192547e+01   2.881023e-01   6.990183e-01
        211500   1.539981e+00   1.210461e+01              0             12              2              1   1.188301e+01   2.853095e-01   7.084886e-01
        212000   1.582004e+00   1.309254e+01              0             13              2              1   1.202362e+01   2.779537e-01   7.017481e-01
        212500   1.586460e+00   1.402964e+01              0             13              1              1   1.177576e+01   3.013955e-01   6.914954e-01
        213000   1.593767e+00   1.501617e+01              0             14              2              0   1.191307e+01   3.295013e-01   7.074029e-01
        213500   1.632151e+00   1.070732e+01              0             12              2              1   1.149092e+01   3.137894e-01   6.950467e-01
        214000   1.658139e+00   7.188740e+00              0             13              2              1   1.181873e+01   3.207780e-01   7.059360e-01
        214500   1.675590e+00   8.185411e+00              0             15              2              1   1.156833e+01   3.344132e-01   6.969479e-01
        215000   1.684374e+00   9.164394e+00              0             14              2              0   1.181467e+01   3.034445e-01   7.031477e-01
        215500   1.672780e+00   1.014663e+01              0             10              1              1   1.172586e+01   2.892341e-01   6.916590e-01
        216000   1.701910e+00   7.368257e+00              0             11              1              0   1.169885e+01   2.957926e-01   6.849288e-01
        216500   1.724000e+00   8.354054e+00              0              9              0              0   1.142365e+01   2.850606e-01   6.727648e-01
        217000   1.721051e+00   9.342923e+00              0             11              0              0   1.160135e+01   2.593986e-01   6.658579e-01
        217500   1.745600e+00   6.813614e+00              0              6              0              0   1.152273e+01   2.843199e-01   6.644204e-01
        218000   1.723630e+00   1.129593e+01              0             10              0              0   1.169410e+01   2.720094e-01   6.687775e-01
        218500   1.751464e+00   8.651274e+00              0              4              0              0   1.191203e+01   2.866840e-01   6.854208e-01
        219000   1.793348e+00   9.633222e+00              0              6              0              0   1.177750e+01   2.980411e-01   6.733865e-01
        219500   1.814208e+00   7.066428e+00              0              6              0              0   1.146355e+01   3.075201e-01   6.649978e-01
        220000   1.817112e+00   8.054953e+00              0              6              0              0   1.180618e+01   2.599680e-01   6.943952e-01
        220500   1.849137e+00   5.803808e+00              0              6              0              0   1.171161e+01   2.596788e-01   6.936391e-01
        221000   1.890239e+00   4.051469e+00              0              6              0              0   1.201151e+01   2.652755e-01   7.029687e-01
        221500   1.860429e+00   7.776364e+00              0              7              0              0   1.180595e+01   2.600492e-01   6.921433e-01
        222000   1.841345e+00   8.685251e+00              0              6              0              0   1.183540e+01   2.627915e-01   6.876387e-01
        222500   1.834188e+00   1.275011e+01              0              8              0              0   1.177487e+01   2.673875e-01   6.807202e-01
        223000   1.879189e+00   1.059923e+01              0              8              0              0   1.153167e+01   2.818521e-01   6.615907e-01
        223500   1.885381e+00   1.159190e+01              0              7              0              0   1.142829e+01   2.975908e-01   6.455591e-01
        224000   1.863618e+00   1.257465e+01              0              9              0              0   1.138600e+01   2.876203e-01   6.450555e-01
        224500   1.884989e+00   1.356469e+01              0              9              0              0   1.157075e+01   2.916811e-01   6.464515e-01
        225000   1.870143e+00   1.456185e+01              0              9              0              0   1.132778e+01   2.761041e-01   6.443172e-01
        225500   1.848975e+00   1.801294e+01              0              9              0              0   1.177588e+01   2.680968e-01   6.704776e-01
        226000   1.793869e+00   1.966952e+01              0             10              0              0   1.173529e+01   2.743959e-01   6.663822e-01
        226500   1.865998e+00   1.732139e+01              0              9              0              0   1.178712e+01   2.764990e-01   6.335112e-01
        227000   1.858435e+00   1.830038e+01              0              9              0              0   1.175117e+01   2.617053e-01   6.618353e-01
        227500   1.853312e+00   1.929060e+01              0              7              0              0   1.176480e+01   2.717375e-01   6.615727e-01
        228000   1.872417e+00   2.025325e+01              0              7              0              0   1.169032e+01   2.692990e-01   6.656333e-01
        228500   1.876110e+00   2.125178e+01              0              9              0              0   1.181421e+01   2.648242e-01   6.688143e-01
        229000   1.948698e+00   1.084791e+01              0              9              0              0   1.167007e+01   2.787157e-01   6.653263e-01
        229500   2.020505e+00   6.505326e+00              0              5              0              0   1.178903e+01   2.540991e-01   6.686518e-01
        230000   2.019625e+00   7.481613e+00              0              4              0              0   1.172811e+01   2.632903e-01   6.590615e-01
        230500   2.072982e+00   4.917402e+00              0              3              0              0   1.184064e+01   2.634016e-01   6.699538e-01
        231000   2.073032e+00   5.903181e+00              0              3              0              0   1.172704e+01   2.600991e-01   6.708138e-01
        231500   2.124531e+00   4.509768e+00              0              2              0              0   1.176872e+01   2.518286e-01   6.776263e-01
        232000   2.080835e+00   7.828196e+00              0              3              0              0   1.184128e+01   2.430261e-01   6.754835e-01
        232500   2.103232e+00   6.386620e+00              0              3              0              0   1.193778e+01   2.617147e-01   6.959380e-01
        233000   2.159869e+00   5.036082e+00              0              2              0              0   1.197482e+01   2.571616e-01   6.925885e-01
        233500   2.179661e+00   6.033573e+00              0              1              0              0   1.167819e+01   2.673401e-01   6.780578e-01
        234000   2.132894e+00   9.182330e+00              0              3              0              0   1.158922e+01   2.745184e-01   6.672718e-01
        234500   2.115552e+00   1.017680e+01              0              2              0              0   1.162536e+01   2.747463e-01   6.615363e-01
        235000   2.103885e+00   1.269436e+01              0              0              0              0   1.173043e+01   2.440773e-01   6.693431e-01
        235500   2.083120e+00   1.367756e+01              0              2              0              0   1.175951e+01   2.164964e-01   6.524478e-01
        236000   2.113161e+00   1.307397e+01              0              2              0              0   1.169829e+01   2.293703e-01   6.464104e-01
        236500   2.078569e+00   1.558326e+01              0              3              0              0   1.165226e+01   2.299634e-01   6.601986e-01
        237000   2.084069e+00   1.657518e+01              0              3              0              0   1.170269e+01   2.509072e-01   6.655916e-01
        237500   2.161188e+00   1.240298e+01              0              0              0              0   1.151252e+01   2.428674e-01   6.456389e-01
        238000   2.158827e+00   1.339616e+01              0              0              0              0   1.166428e+01   2.402534e-01   6.523055e-01
        238500   2.210499e+00   9.733390e+00              0              0              0              0   1.137975e+01   2.642311e-01   6.460635e-01
        239000   2.268105e+00   6.332465e+00              0              0              0              0   1.140235e+01   2.557883e-01   6.448754e-01
        239500   2.311612e+00   4.106460e+00              0              0              0              0   1.168048e+01   2.638720e-01   6.617612e-01
        240000   2.383709e+00   3.012842e+00              0              0              0              0   1.144413e+01   2.421252e-01   6.453692e-01
        240500   2.458298e+00   1.719781e+00              0              0              0              0   1.168607e+01   2.523392e-01   6.587140e-01
        241000   2.386397e+00   4.712934e+00              0              0              0              0   1.121686e+01   2.755504e-01   6.284398e-01
        241500   2.410968e+00   4.566248e+00              0              0              0              0   1.146921e+01   2.548731e-01   6.398933e-01
        242000   2.426938e+00   5.565254e+00              0              0              0              0   1.157057e+01   2.746525e-01   6.538575e-01
        242500   2.397474e+00   7.488898e+00              0              0              0              0   1.152109e+01   2.753662e-01   6.535971e-01
        243000   2.465261e+00   5.880616e+00              0              0              0              0   1.153427e+01   2.730602e-01   6.443435e-01
        243500   2.467252e+00   6.871882e+00              0              0              0              0   1.130744e+01   2.734925e-01   6.325898e-01
        244000   2.474712e+00   7.868229e+00              0              0              0              0   1.172237e+01   2.763990e-01   6.527736e-01
        244500   2.491785e+00   8.865064e+00              0              0              0              0   1.133775e+01   2.710698e-01   6.377317e-01
        245000   2.448640e+00   9.855281e+00              0              0              0              0   1.154673e+01   2.555674e-01   6.434409e-01
        245500   2.489362e+00   1.082677e+01              0              0              0              0   1.148056e+01   2.736050e-01   6.491937e-01
