          step              r      E_metad_r      n_cont_CA   n_cont_heavy       n_saltbr        n_hbond           SASA           RMSD             Rg 
             0   7.538603e-01   0.000000e+00              2             57              0              6   1.481728e+01   0.000000e+00   7.145941e-01
           500   7.841504e-01   9.910589e-01              1             56              0              4   1.492644e+01   5.775227e-02   7.234928e-01
          1000   7.773615e-01   1.987814e+00              2             54              0              5   1.467625e+01   7.624695e-02   7.202708e-01
          1500   7.900913e-01   2.984461e+00              2             54              0              5   1.450013e+01   7.514115e-02   7.122921e-01
          2000   7.795744e-01   3.970782e+00              2             56              0              6   1.499486e+01   7.686564e-02   7.224819e-01
          2500   7.773050e-01   4.960925e+00              1             55              0              3   1.503224e+01   6.888747e-02   7.279521e-01
          3000   7.744314e-01   5.953780e+00              1             56              0              6   1.536757e+01   8.302411e-02   7.247693e-01
          3500   7.671495e-01   6.945929e+00              2             58              0              4   1.544870e+01   8.790705e-02   7.234618e-01
          4000   7.686198e-01   7.943060e+00              1             55              0              4   1.509341e+01   7.577236e-02   7.222285e-01
          4500   7.689171e-01   8.941945e+00              3             57              0              4   1.509792e+01   9.409652e-02   7.241845e-01
          5000   8.006934e-01   8.923584e+00              1             53              0              4   1.511826e+01   1.131016e-01   7.378041e-01
          5500   7.739605e-01   1.092155e+01              1             57              0              6   1.516749e+01   1.260844e-01   7.237387e-01
          6000   7.690084e-01   1.191834e+01              2             57              0              5   1.515832e+01   1.462246e-01   7.089698e-01
          6500   7.839101e-01   1.291117e+01              1             57              0              5   1.528014e+01   1.333758e-01   7.290554e-01
          7000   7.927663e-01   1.389253e+01              1             55              0              5   1.513079e+01   1.368390e-01   7.147617e-01
          7500   7.882466e-01   1.487938e+01              1             57              0              6   1.510792e+01   1.213811e-01   7.161622e-01
          8000   7.848283e-01   1.585484e+01              1             56              0              6   1.494912e+01   1.215340e-01   7.089634e-01
          8500   7.832277e-01   1.684385e+01              1             58              0              6   1.491671e+01   1.266278e-01   7.035501e-01
          9000   7.741929e-01   1.783700e+01              2             56              0              7   1.521258e+01   1.262120e-01   7.123799e-01
          9500   7.917390e-01   1.882615e+01              1             55              0              3   1.489899e+01   1.181279e-01   7.161347e-01
         10000   7.842960e-01   1.981136e+01              1             58              0              5   1.520105e+01   1.285352e-01   7.055682e-01
         10500   7.891988e-01   2.080695e+01              1             56              0              4   1.512474e+01   1.269753e-01   7.110723e-01
         11000   7.910891e-01   2.180010e+01              2             57              0              6   1.529385e+01   1.340858e-01   7.072722e-01
         11500   8.104197e-01   2.276002e+01              1             54              0              6   1.538386e+01   1.489894e-01   7.198441e-01
         12000   8.077868e-01   2.150960e+01              2             54              0              5   1.531751e+01   1.305580e-01   7.342454e-01
         12500   7.958650e-01   2.470862e+01              1             55              0              4   1.500249e+01   1.455777e-01   7.016905e-01
         13000   8.082383e-01   2.343707e+01              1             54              0              4   1.516682e+01   1.260081e-01   7.095424e-01
         13500   7.860154e-01   2.664397e+01              1             55              0              5   1.530726e+01   1.261494e-01   7.122214e-01
         14000   7.967284e-01   2.530943e+01              1             51              0              4   1.523384e+01   1.345337e-01   7.257787e-01
         14500   7.775667e-01   2.861087e+01              1             56              0              5   1.521875e+01   1.391813e-01   7.076577e-01
         15000   8.012564e-01   2.710907e+01              1             54              0              6   1.513480e+01   1.290273e-01   7.176187e-01
         15500   7.773728e-01   3.056831e+01              2             55              0              5   1.530998e+01   1.269423e-01   7.137625e-01
         16000   7.713226e-01   3.155298e+01              1             57              0              3   1.524895e+01   1.334003e-01   7.217823e-01
         16500   8.093462e-01   2.986769e+01              2             53              0              4   1.553640e+01   1.353526e-01   7.284703e-01
         17000   7.951395e-01   3.349150e+01              1             53              0              6   1.523767e+01   1.224144e-01   7.182883e-01
         17500   7.958377e-01   3.448364e+01              2             54              0              5   1.527785e+01   1.398467e-01   7.188375e-01
         18000   7.900212e-01   3.546800e+01              1             54              0              5   1.537069e+01   1.254568e-01   7.181119e-01
         18500   7.853684e-01   3.646146e+01              1             53              0              5   1.528954e+01   1.296972e-01   7.278545e-01
         19000   7.746823e-01   3.743889e+01              1             56              0              2   1.506514e+01   1.308505e-01   7.148093e-01
         19500   7.751146e-01   3.843272e+01              1             54              0              4   1.504918e+01   1.302696e-01   7.094971e-01
         20000   7.819655e-01   3.942121e+01              1             57              0              4   1.531314e+01   1.366581e-01   7.216928e-01
         20500   8.033104e-01   3.729598e+01              1             52              0              3   1.522273e+01   1.441310e-01   7.242785e-01
         21000   8.163241e-01   3.824960e+01              2             50              0              3   1.492044e+01   1.454368e-01   7.059460e-01
         21500   7.855538e-01   4.226362e+01              3             53              0              4   1.497901e+01   1.468812e-01   7.192400e-01
         22000   7.894689e-01   4.324075e+01              2             52              0              5   1.492187e+01   1.393219e-01   7.231582e-01
         22500   8.047471e-01   4.422444e+01              1             53              0              5   1.514326e+01   1.365625e-01   7.192636e-01
         23000   7.844765e-01   4.203042e+01              1             52              0              3   1.519655e+01   1.307528e-01   7.223067e-01
         23500   7.906213e-01   4.615778e+01              3             55              0              6   1.513667e+01   1.268265e-01   7.146402e-01
         24000   7.746829e-01   4.714275e+01              2             54              0              6   1.485922e+01   1.228484e-01   7.078959e-01
         24500   8.248522e-01   4.484777e+01              2             54              0              4   1.528647e+01   1.401456e-01   7.213570e-01
         25000   8.210598e-01   4.583025e+01              2             52              0              5   1.498377e+01   1.435561e-01   7.079625e-01
         25500   7.971023e-01   4.982815e+01              1             52              0              5   1.489704e+01   1.376033e-01   7.029506e-01
         26000   8.019918e-01   5.079962e+01              1             52              0              4   1.513406e+01   1.314216e-01   7.141892e-01
         26500   7.901053e-01   5.175194e+01              2             55              0              5   1.522993e+01   1.296785e-01   7.188217e-01
         27000   7.830741e-01   5.274517e+01              2             60              0              5   1.503005e+01   1.322931e-01   7.125506e-01
         27500   7.788628e-01   5.373532e+01              1             57              0              4   1.517867e+01   1.205173e-01   7.234128e-01
         28000   7.834041e-01   5.472625e+01              2             57              0              5   1.508571e+01   1.300456e-01   7.199048e-01
         28500   7.806071e-01   5.571769e+01              2             58              0              5   1.500546e+01   1.441178e-01   7.129781e-01
         29000   8.043223e-01   5.328566e+01              1             55              0              5   1.513842e+01   1.397240e-01   7.295166e-01
         29500   7.722319e-01   5.765606e+01              2             56              0              5   1.507269e+01   1.359301e-01   7.205429e-01
         30000   7.861089e-01   5.864531e+01              2             56              0              5   1.533402e+01   1.328185e-01   7.258020e-01
         30500   7.738997e-01   5.963891e+01              2             57              0              6   1.487974e+01   1.302655e-01   7.182838e-01
         31000   7.788224e-01   6.063637e+01              1             58              0              7   1.508242e+01   1.384267e-01   7.069997e-01
         31500   8.057911e-01   5.781461e+01              2             54              0              6   1.522594e+01   1.351968e-01   7.196905e-01
         32000   7.888378e-01   6.254215e+01              2             51              0              5   1.524401e+01   1.361191e-01   7.231528e-01
         32500   7.672016e-01   6.353211e+01              1             57              0              6   1.521320e+01   1.315108e-01   7.145478e-01
         33000   7.821805e-01   6.452443e+01              1             54              0              6   1.522302e+01   1.325326e-01   7.190233e-01
         33500   7.844676e-01   6.552189e+01              2             54              0              5   1.510098e+01   1.238484e-01   7.250631e-01
         34000   8.008581e-01   6.235030e+01              1             54              0              5   1.508775e+01   1.253854e-01   7.167903e-01
         34500   7.679151e-01   6.748325e+01              1             57              0              4   1.508715e+01   1.089605e-01   7.178680e-01
         35000   7.761215e-01   6.847521e+01              2             57              0              6   1.533970e+01   1.047273e-01   7.258384e-01
         35500   7.965274e-01   6.493460e+01              3             55              0              6   1.519149e+01   1.090200e-01   7.325484e-01
         36000   7.859210e-01   7.045127e+01              1             53              0              4   1.526566e+01   1.140181e-01   7.362666e-01
         36500   7.776554e-01   7.144532e+01              1             56              0              5   1.519787e+01   1.008868e-01   7.256185e-01
         37000   7.750071e-01   7.244187e+01              1             55              0              4   1.489672e+01   1.010253e-01   7.299080e-01
         37500   7.678840e-01   7.343873e+01              1             57              0              6   1.520034e+01   8.647975e-02   7.318560e-01
         38000   7.671591e-01   7.443284e+01              3             56              0              5   1.506749e+01   9.897903e-02   7.162150e-01
         38500   7.772715e-01   7.542925e+01              2             57              0              4   1.516463e+01   9.819846e-02   7.271446e-01
         39000   7.763869e-01   7.642388e+01              1             59              0              4   1.520736e+01   1.053583e-01   7.171665e-01
         39500   7.720803e-01   7.741862e+01              1             58              0              6   1.503788e+01   9.874930e-02   7.237658e-01
         40000   7.641360e-01   7.839920e+01              3             54              0              6   1.503809e+01   1.242654e-01   7.345468e-01
         40500   7.599126e-01   7.935783e+01              2             57              0              5   1.487436e+01   1.028912e-01   7.127865e-01
         41000   7.690444e-01   8.027404e+01              1             53              0              3   1.488575e+01   9.378245e-02   7.263898e-01
         41500   8.012192e-01   7.521737e+01              1             53              0              6   1.489558e+01   9.903827e-02   7.257435e-01
         42000   7.891828e-01   8.223769e+01              1             55              0              6   1.503674e+01   9.448752e-02   7.232281e-01
         42500   7.786894e-01   8.323221e+01              1             60              0              5   1.534340e+01   1.134419e-01   7.248302e-01
         43000   7.764072e-01   8.422804e+01              1             59              1              5   1.508499e+01   1.199811e-01   7.194307e-01
         43500   7.560940e-01   7.250252e+01              1             59              0              6   1.507014e+01   9.669323e-02   7.171232e-01
         44000   7.624096e-01   8.616798e+01              1             58              1              4   1.514769e+01   9.740756e-02   7.171746e-01
         44500   7.705534e-01   8.712023e+01              1             55              0              5   1.517606e+01   9.304930e-02   7.239699e-01
         45000   7.675948e-01   7.531242e+01              3             57              0              5   1.486637e+01   9.031912e-02   7.193249e-01
         45500   7.747412e-01   8.906699e+01              2             53              0              5   1.485885e+01   1.049805e-01   7.337797e-01
         46000   7.756988e-01   9.005590e+01              2             55              0              4   1.477526e+01   9.048595e-02   7.235951e-01
         46500   7.757127e-01   9.103989e+01              1             56              0              4   1.515109e+01   9.161209e-02   7.223140e-01
         47000   7.706704e-01   9.203362e+01              2             54              0              3   1.492121e+01   1.030047e-01   7.133109e-01
         47500   7.927774e-01   9.302086e+01              2             51              0              4   1.504502e+01   1.030659e-01   7.234281e-01
         48000   7.921979e-01   9.398788e+01              2             52              0              7   1.496698e+01   1.110921e-01   7.177176e-01
         48500   7.849285e-01   9.493959e+01              1             56              0              5   1.506881e+01   1.116907e-01   7.165134e-01
         49000   7.626249e-01   8.211636e+01              2             57              0              5   1.520169e+01   1.036032e-01   7.158261e-01
         49500   7.635112e-01   9.685768e+01              1             55              0              5   1.526285e+01   1.087474e-01   7.220843e-01
         50000   7.729434e-01   9.781009e+01              2             56              0              4   1.503356e+01   1.187906e-01   7.094284e-01
         50500   7.396255e-01   8.500609e+01              1             58              0              5   1.490391e+01   1.008492e-01   7.049078e-01
         51000   7.633191e-01   8.599871e+01              1             57              0              5   1.491276e+01   1.110567e-01   7.116509e-01
         51500   8.070797e-01   9.172950e+01              1             52              0              7   1.501680e+01   1.378885e-01   7.236796e-01
         52000   7.845543e-01   1.015275e+02              1             56              0              4   1.509431e+01   1.291684e-01   7.266856e-01
         52500   8.096362e-01   9.365270e+01              1             56              0              5   1.518283e+01   1.374002e-01   7.349603e-01
         53000   8.019272e-01   9.464341e+01              1             57              0              4   1.529121e+01   1.306995e-01   7.266379e-01
         53500   8.291196e-01   6.921740e+01              1             54              0              4   1.521384e+01   1.187490e-01   7.259642e-01
         54000   8.196914e-01   9.660892e+01              1             55              0              5   1.549534e+01   1.570237e-01   7.432129e-01
         54500   7.903383e-01   1.058252e+02              1             51              0              5   1.524394e+01   1.324141e-01   7.238576e-01
         55000   8.228516e-01   9.855455e+01              1             54              0              4   1.573163e+01   1.396434e-01   7.351504e-01
         55500   8.226850e-01   9.953698e+01              1             55              0              4   1.551132e+01   1.358545e-01   7.322370e-01
         56000   8.181940e-01   1.005243e+02              1             54              0              4   1.550772e+01   1.451873e-01   7.177050e-01
         56500   8.453201e-01   7.465646e+01              1             47              0              5   1.565539e+01   1.903499e-01   7.408532e-01
         57000   8.632485e-01   7.564864e+01              1             43              0              5   1.554679e+01   1.792361e-01   7.561907e-01
         57500   8.727590e-01   7.662105e+01              2             44              0              5   1.554328e+01   1.901343e-01   7.505674e-01
         58000   8.662190e-01   7.754593e+01              2             48              0              7   1.592491e+01   1.836708e-01   7.635949e-01
         58500   8.694142e-01   7.852512e+01              2             47              0              4   1.548017e+01   1.990301e-01   7.523120e-01
         59000   8.691050e-01   7.951596e+01              2             46              0              7   1.571093e+01   1.812174e-01   7.528615e-01
         59500   8.531548e-01   8.051364e+01              1             49              0              5   1.596671e+01   1.875626e-01   7.619939e-01
         60000   8.510493e-01   8.149238e+01              1             48              0              5   1.569236e+01   1.750643e-01   7.595148e-01
         60500   8.277715e-01   1.080471e+02              1             52              0              4   1.577607e+01   1.852514e-01   7.462778e-01
         61000   8.586704e-01   8.345972e+01              1             49              0              6   1.572684e+01   1.686759e-01   7.573694e-01
         61500   8.624021e-01   8.444246e+01              1             46              0              6   1.569633e+01   1.907554e-01   7.618097e-01
         62000   8.706750e-01   8.543304e+01              1             45              0              4   1.569474e+01   1.997975e-01   7.674948e-01
         62500   8.723432e-01   8.641785e+01              2             47              0              6   1.563782e+01   1.992090e-01   7.653761e-01
         63000   8.747991e-01   8.740473e+01              2             47              0              4   1.532330e+01   1.940303e-01   7.464496e-01
         63500   8.446161e-01   1.131034e+02              2             46              0              5   1.543720e+01   1.594387e-01   7.320666e-01
         64000   8.828621e-01   5.710825e+01              1             48              0              4   1.568055e+01   1.727881e-01   7.490398e-01
         64500   8.420278e-01   9.033912e+01              2             49              0              7   1.538557e+01   1.461120e-01   7.260298e-01
         65000   8.657184e-01   5.886974e+01              1             50              0              4   1.544643e+01   1.511198e-01   7.420297e-01
         65500   8.823399e-01   5.982784e+01              1             46              0              5   1.538365e+01   1.544525e-01   7.379035e-01
         66000   8.720671e-01   9.323838e+01              2             46              0              6   1.518799e+01   1.474688e-01   7.294293e-01
         66500   8.629930e-01   9.421111e+01              2             48              0              6   1.497744e+01   1.400531e-01   7.067967e-01
         67000   8.596092e-01   9.519757e+01              2             50              0              6   1.514769e+01   1.386002e-01   7.202276e-01
         67500   8.460955e-01   9.619591e+01              2             48              0              7   1.531000e+01   1.428138e-01   7.124241e-01
         68000   8.703677e-01   9.718919e+01              2             46              0              7   1.538319e+01   1.458773e-01   7.373553e-01
         68500   8.771339e-01   9.815555e+01              2             48              0              5   1.515401e+01   1.561289e-01   7.359457e-01
         69000   8.622952e-01   9.911999e+01              2             47              0              5   1.529640e+01   1.577461e-01   7.388290e-01
         69500   8.601822e-01   1.000830e+02              2             48              0              4   1.534348e+01   1.537413e-01   7.337589e-01
         70000   8.529438e-01   1.010714e+02              2             49              0              7   1.523657e+01   1.472359e-01   7.205134e-01
         70500   8.776831e-01   1.020575e+02              2             50              0              6   1.506908e+01   1.523498e-01   7.202083e-01
         71000   8.732174e-01   1.030392e+02              2             47              0              5   1.518306e+01   1.401818e-01   7.316423e-01
         71500   9.137419e-01   7.114336e+01              2             45              0              6   1.503200e+01   1.588468e-01   7.327205e-01
         72000   9.148155e-01   7.213214e+01              2             43              0              6   1.507772e+01   1.585436e-01   7.275595e-01
         72500   9.517203e-01   4.248743e+01              2             41              0              6   1.486151e+01   1.763328e-01   7.448673e-01
         73000   9.584259e-01   4.348312e+01              2             43              0              6   1.478275e+01   1.706115e-01   7.373292e-01
         73500   9.963371e-01   2.261347e+01              2             40              0              7   1.520208e+01   1.817612e-01   7.561940e-01
         74000   9.760597e-01   4.542176e+01              2             43              0              5   1.524889e+01   1.857941e-01   7.599566e-01
         74500   9.751168e-01   4.639350e+01              2             43              0              6   1.540178e+01   1.622855e-01   7.438885e-01
         75000   9.916984e-01   4.737495e+01              2             41              0              5   1.537882e+01   1.808383e-01   7.595953e-01
         75500   9.777004e-01   4.832254e+01              2             39              0              6   1.517918e+01   1.707147e-01   7.520062e-01
         76000   9.729287e-01   4.929578e+01              2             39              0              5   1.530639e+01   1.547722e-01   7.546176e-01
         76500   1.034628e+00   1.441023e+01              2             35              0              4   1.508010e+01   1.940805e-01   7.826929e-01
         77000   1.039130e+00   1.539191e+01              2             39              0              5   1.533179e+01   1.869625e-01   7.775026e-01
         77500   1.063048e+00   1.636634e+01              2             36              0              7   1.528110e+01   2.046223e-01   7.861810e-01
         78000   1.064899e+00   1.736388e+01              2             30              0              5   1.532977e+01   1.852271e-01   7.727339e-01
         78500   1.038617e+00   3.213323e+01              2             36              0              6   1.521677e+01   1.744483e-01   7.704313e-01
         79000   1.027884e+00   3.311248e+01              2             36              0              3   1.525983e+01   1.943110e-01   7.838046e-01
         79500   1.052902e+00   2.025397e+01              2             35              0              5   1.549026e+01   2.191289e-01   8.017816e-01
         80000   1.052593e+00   3.503607e+01              2             34              0              5   1.543152e+01   2.028108e-01   7.817166e-01
         80500   1.055052e+00   2.221817e+01              2             33              0              4   1.541733e+01   2.325099e-01   7.979060e-01
         81000   1.073135e+00   1.363195e+01              1             33              0              4   1.562054e+01   2.235515e-01   7.828284e-01
         81500   1.069196e+00   2.419688e+01              2             36              0              5   1.530834e+01   2.287889e-01   7.959644e-01
         82000   1.075479e+00   2.518894e+01              2             38              0              4   1.520580e+01   2.538795e-01   8.113127e-01
         82500   1.112888e+00   1.639643e+01              1             30              0              3   1.547761e+01   2.645268e-01   8.241361e-01
         83000   1.100938e+00   1.736854e+01              2             34              0              3   1.535514e+01   2.558976e-01   8.243453e-01
         83500   1.095716e+00   1.834793e+01              1             36              0              5   1.557535e+01   2.574801e-01   8.429328e-01
         84000   1.112988e+00   1.934242e+01              2             36              0              4   1.564975e+01   2.683876e-01   8.418032e-01
         84500   1.092125e+00   2.989627e+01              2             35              0              3   1.582026e+01   2.565026e-01   8.290439e-01
         85000   1.118390e+00   2.128339e+01              2             37              0              5   1.544157e+01   2.526142e-01   8.178577e-01
         85500   1.069776e+00   3.177985e+01              1             37              0              3   1.534841e+01   2.461694e-01   8.145296e-01
         86000   1.085188e+00   3.277020e+01              2             39              0              4   1.540195e+01   2.456374e-01   8.124861e-01
         86500   1.122728e+00   2.414354e+01              2             30              0              3   1.553868e+01   2.625646e-01   8.272944e-01
         87000   1.089829e+00   2.511699e+01              2             32              0              4   1.543975e+01   2.555872e-01   8.167755e-01
         87500   1.087288e+00   3.558016e+01              2             34              0              3   1.537193e+01   2.615018e-01   8.062263e-01
         88000   1.108012e+00   3.649301e+01              2             32              0              4   1.531940e+01   2.817837e-01   8.382456e-01
         88500   1.079253e+00   3.741250e+01              2             35              0              4   1.527927e+01   2.685937e-01   8.171475e-01
         89000   1.069645e+00   3.839065e+01              2             36              0              5   1.550337e+01   2.561201e-01   8.172793e-01
         89500   1.090141e+00   3.936502e+01              2             34              0              5   1.555282e+01   2.519545e-01   8.172639e-01
         90000   1.081071e+00   4.034093e+01              1             33              0              2   1.530345e+01   2.339882e-01   8.038207e-01
         90500   1.096982e+00   3.180609e+01              1             33              0              4   1.513908e+01   2.465247e-01   8.068279e-01
         91000   1.063863e+00   4.229877e+01              2             34              0              3   1.531361e+01   2.265058e-01   7.879739e-01
         91500   1.057009e+00   4.328955e+01              1             30              0              3   1.512368e+01   2.314883e-01   7.898466e-01
         92000   1.083677e+00   4.427961e+01              2             29              0              3   1.508947e+01   2.250618e-01   7.906801e-01
         92500   1.057336e+00   4.526764e+01              2             35              0              5   1.496322e+01   2.153188e-01   7.916001e-01
         93000   1.062832e+00   4.626166e+01              2             34              0              6   1.525153e+01   2.227194e-01   7.944042e-01
         93500   1.049496e+00   4.725179e+01              1             34              0              4   1.502386e+01   2.270880e-01   7.807131e-01
         94000   1.073383e+00   4.823462e+01              2             36              0              4   1.537687e+01   2.440763e-01   8.077964e-01
         94500   1.074070e+00   4.922049e+01              2             35              0              5   1.533699e+01   2.388464e-01   8.044134e-01
         95000   1.064290e+00   5.021883e+01              2             34              0              5   1.514742e+01   2.281476e-01   7.941484e-01
         95500   1.073516e+00   5.121557e+01              2             36              0              5   1.534134e+01   2.420966e-01   7.980273e-01
         96000   1.104045e+00   4.144552e+01              2             30              0              5   1.528772e+01   2.526999e-01   8.129633e-01
         96500   1.131046e+00   4.243926e+01              2             31              0              5   1.576543e+01   2.733365e-01   8.391210e-01
         97000   1.132932e+00   4.341865e+01              1             33              0              4   1.560572e+01   2.892694e-01   8.347366e-01
         97500   1.179278e+00   1.773638e+01              1             28              0              4   1.559148e+01   2.909453e-01   8.481903e-01
         98000   1.132889e+00   3.186317e+01              1             30              0              3   1.540971e+01   2.767915e-01   8.320312e-01
         98500   1.157892e+00   3.282486e+01              1             30              0              3   1.522266e+01   2.852618e-01   8.314209e-01
         99000   1.143445e+00   3.381767e+01              2             34              0              3   1.555812e+01   2.815039e-01   8.448987e-01
         99500   1.096272e+00   4.811104e+01              2             35              0              4   1.575868e+01   2.635198e-01   8.289280e-01
        100000   1.124502e+00   4.910268e+01              1             31              0              4   1.554522e+01   2.610326e-01   8.248295e-01
        100500   1.163808e+00   3.650168e+01              1             32              0              5   1.566155e+01   2.906463e-01   8.576539e-01
        101000   1.131554e+00   5.097042e+01              1             32              0              4   1.570301e+01   2.636870e-01   8.407467e-01
        101500   1.117545e+00   5.194827e+01              2             35              0              4   1.564958e+01   2.510906e-01   8.241595e-01
        102000   1.114385e+00   5.292975e+01              2             33              0              4   1.544777e+01   2.533060e-01   8.149883e-01
        102500   1.127699e+00   5.392087e+01              2             29              0              4   1.565610e+01   2.626303e-01   8.166991e-01
        103000   1.129684e+00   5.487807e+01              2             33              0              3   1.554473e+01   2.592776e-01   8.191654e-01
        103500   1.133870e+00   5.586061e+01              2             34              0              4   1.557827e+01   2.674599e-01   8.288917e-01
        104000   1.119251e+00   5.685710e+01              2             33              0              5   1.545859e+01   2.583141e-01   8.195533e-01
        104500   1.115563e+00   5.785128e+01              2             36              0              5   1.551889e+01   2.533907e-01   8.188552e-01
        105000   1.155938e+00   4.476111e+01              2             29              0              4   1.563512e+01   2.706709e-01   8.251744e-01
        105500   1.148896e+00   4.575663e+01              2             33              0              4   1.550391e+01   2.931102e-01   8.375313e-01
        106000   1.194708e+00   3.000619e+01              1             34              0              4   1.551861e+01   3.107413e-01   8.456210e-01
        106500   1.207463e+00   3.100300e+01              1             29              0              3   1.549649e+01   2.913485e-01   8.484995e-01
        107000   1.208054e+00   3.199648e+01              2             32              0              5   1.535085e+01   3.259212e-01   8.590598e-01
        107500   1.208029e+00   3.299310e+01              1             29              0              4   1.566452e+01   3.351873e-01   8.650561e-01
        108000   1.174003e+00   5.027852e+01              1             30              0              3   1.557106e+01   3.342850e-01   8.595991e-01
        108500   1.191758e+00   3.494154e+01              1             30              0              5   1.564328e+01   3.164610e-01   8.585301e-01
        109000   1.205388e+00   3.592791e+01              1             26              0              3   1.553815e+01   3.299163e-01   8.604855e-01
        109500   1.190026e+00   3.689715e+01              1             27              0              4   1.543844e+01   3.222379e-01   8.555029e-01
        110000   1.214184e+00   3.786459e+01              1             28              0              6   1.529386e+01   2.929031e-01   8.450646e-01
        110500   1.187952e+00   5.498093e+01              1             31              0              4   1.556912e+01   3.030206e-01   8.566789e-01
        111000   1.185352e+00   5.595084e+01              1             29              0              4   1.552151e+01   2.901770e-01   8.360444e-01
        111500   1.187817e+00   5.691498e+01              1             30              0              2   1.544358e+01   3.144565e-01   8.574524e-01
        112000   1.192624e+00   5.789064e+01              1             30              0              4   1.530209e+01   3.201883e-01   8.440312e-01
        112500   1.177990e+00   4.271863e+01              1             29              0              3   1.586551e+01   3.019524e-01   8.516075e-01
        113000   1.171668e+00   5.983366e+01              1             34              0              5   1.537393e+01   3.177165e-01   8.491830e-01
        113500   1.155032e+00   6.082938e+01              1             32              0              3   1.539610e+01   3.074392e-01   8.563032e-01
        114000   1.180869e+00   6.182222e+01              1             30              0              4   1.568608e+01   2.932121e-01   8.590093e-01
        114500   1.176980e+00   6.281053e+01              1             30              0              4   1.551573e+01   2.789847e-01   8.474830e-01
        115000   1.185002e+00   6.378694e+01              1             30              0              2   1.585880e+01   2.955980e-01   8.574820e-01
        115500   1.235168e+00   4.826844e+01              1             31              0              5   1.590405e+01   3.266439e-01   8.776834e-01
        116000   1.231419e+00   4.923938e+01              1             28              0              3   1.593167e+01   3.254913e-01   8.799430e-01
        116500   1.269342e+00   3.231194e+01              1             29              0              3   1.595032e+01   3.268016e-01   8.755879e-01
        117000   1.284249e+00   1.842054e+01              1             28              0              3   1.596984e+01   3.374607e-01   8.771574e-01
        117500   1.246409e+00   3.429073e+01              1             27              0              2   1.585876e+01   3.150766e-01   8.700334e-01
        118000   1.228633e+00   5.277363e+01              1             29              0              4   1.543978e+01   3.117999e-01   8.589632e-01
        118500   1.258670e+00   3.624223e+01              1             28              0              3   1.585285e+01   3.050358e-01   8.531074e-01
        119000   1.252780e+00   3.723920e+01              1             29              0              3   1.593927e+01   3.189043e-01   8.519976e-01
        119500   1.276263e+00   2.267590e+01              1             27              0              3   1.604543e+01   3.352875e-01   8.662525e-01
        120000   1.267805e+00   3.920685e+01              1             26              0              2   1.627476e+01   3.356260e-01   8.745132e-01
        120500   1.257968e+00   4.020113e+01              1             30              0              3   1.597211e+01   3.141045e-01   8.539651e-01
        121000   1.282149e+00   2.545367e+01              1             26              0              2   1.600008e+01   3.351843e-01   8.662899e-01
        121500   1.245567e+00   4.217626e+01              1             25              0              2   1.582017e+01   3.087048e-01   8.438102e-01
        122000   1.255016e+00   4.317305e+01              1             28              0              5   1.597106e+01   2.999620e-01   8.481565e-01
        122500   1.265914e+00   4.416343e+01              1             26              0              3   1.590124e+01   2.989916e-01   8.403542e-01
        123000   1.180056e+00   7.419128e+01              1             28              0              1   1.605607e+01   2.990480e-01   8.297299e-01
        123500   1.142497e+00   8.060372e+01              1             30              0              4   1.612293e+01   2.769157e-01   8.097839e-01
        124000   1.114775e+00   8.158540e+01              2             31              0              4   1.599706e+01   2.849395e-01   8.061001e-01
        124500   1.105190e+00   8.257636e+01              1             32              0              3   1.586448e+01   2.709588e-01   7.962293e-01
        125000   1.140127e+00   8.355254e+01              2             28              0              4   1.579724e+01   2.730017e-01   7.963444e-01
        125500   1.171553e+00   7.871115e+01              1             29              0              4   1.614177e+01   2.927501e-01   8.172720e-01
        126000   1.093017e+00   8.314976e+01              2             30              0              5   1.578583e+01   2.776289e-01   8.083420e-01
        126500   1.164831e+00   8.041106e+01              1             29              0              3   1.581064e+01   2.834296e-01   8.070621e-01
        127000   1.166443e+00   8.140868e+01              1             29              0              3   1.623140e+01   2.922204e-01   8.265543e-01
        127500   1.168888e+00   8.236521e+01              1             30              0              3   1.575024e+01   3.015411e-01   8.181885e-01
        128000   1.166942e+00   8.334971e+01              1             29              0              4   1.586609e+01   2.820348e-01   8.214593e-01
        128500   1.174720e+00   8.429787e+01              1             29              0              4   1.570260e+01   2.997776e-01   8.380550e-01
        129000   1.146633e+00   9.064929e+01              2             30              0              5   1.585382e+01   2.793762e-01   8.075733e-01
        129500   1.178218e+00   8.624882e+01              1             28              0              4   1.557051e+01   2.708414e-01   8.147318e-01
        130000   1.164870e+00   8.724500e+01              2             28              0              3   1.576590e+01   2.685280e-01   8.173399e-01
        130500   1.200378e+00   7.320470e+01              1             26              0              3   1.556021e+01   2.685449e-01   8.165609e-01
        131000   1.196288e+00   7.419634e+01              2             27              0              2   1.580056e+01   3.032100e-01   8.448625e-01
        131500   1.144398e+00   9.482895e+01              2             31              0              5   1.545553e+01   2.964974e-01   8.185416e-01
        132000   1.185269e+00   9.111136e+01              2             29              0              6   1.630622e+01   3.101851e-01   8.398232e-01
        132500   1.178029e+00   9.210457e+01              2             32              0              3   1.593932e+01   3.135351e-01   8.399024e-01
        133000   1.183616e+00   7.768548e+01              2             33              0              5   1.595221e+01   3.220281e-01   8.431941e-01
        133500   1.208552e+00   7.864959e+01              2             35              0              4   1.612425e+01   3.320833e-01   8.611561e-01
        134000   1.226429e+00   7.963834e+01              2             33              0              5   1.632124e+01   3.339240e-01   8.642014e-01
        134500   1.231534e+00   8.062633e+01              1             35              0              2   1.627500e+01   3.354130e-01   8.643249e-01
        135000   1.234441e+00   8.161547e+01              2             34              0              5   1.632100e+01   3.449271e-01   8.742113e-01
        135500   1.227895e+00   8.259445e+01              2             33              0              5   1.635125e+01   3.378215e-01   8.657804e-01
        136000   1.229532e+00   8.357679e+01              2             29              0              4   1.626283e+01   3.536243e-01   8.853764e-01
        136500   1.245578e+00   6.236422e+01              1             32              0              4   1.632182e+01   3.354759e-01   8.810996e-01
        137000   1.279526e+00   6.331622e+01              1             33              0              5   1.616822e+01   3.630735e-01   8.972991e-01
        137500   1.299727e+00   4.114755e+01              1             29              0              3   1.643429e+01   3.830243e-01   8.989793e-01
        138000   1.294305e+00   4.213956e+01              2             34              0              4   1.655869e+01   3.922124e-01   8.934767e-01
        138500   1.288560e+00   4.313159e+01              2             37              0              5   1.630650e+01   3.838601e-01   8.928786e-01
        139000   1.283402e+00   6.703954e+01              2             33              0              3   1.622535e+01   3.887602e-01   8.814633e-01
        139500   1.298754e+00   4.509846e+01              1             31              0              4   1.659214e+01   3.986861e-01   8.937779e-01
        140000   1.312353e+00   4.609342e+01              1             32              0              4   1.638390e+01   4.090188e-01   9.222014e-01
        140500   1.325797e+00   4.706843e+01              2             31              0              5   1.681667e+01   4.153088e-01   9.170805e-01
        141000   1.342510e+00   2.839887e+01              1             31              0              5   1.630283e+01   4.280868e-01   9.240052e-01
        141500   1.331895e+00   4.899361e+01              1             29              0              4   1.669175e+01   4.009150e-01   9.039429e-01
        142000   1.365324e+00   3.036598e+01              1             27              0              4   1.690233e+01   4.337860e-01   9.317921e-01
        142500   1.350037e+00   3.135225e+01              1             30              0              3   1.681374e+01   4.326108e-01   9.255263e-01
        143000   1.327115e+00   3.232133e+01              2             31              0              5   1.711251e+01   4.078357e-01   9.041157e-01
        143500   1.307802e+00   5.275952e+01              2             27              0              4   1.665730e+01   3.963189e-01   8.957506e-01
        144000   1.309859e+00   5.374826e+01              1             27              0              2   1.677240e+01   4.037029e-01   8.943940e-01
        144500   1.315212e+00   5.474158e+01              2             29              0              5   1.659744e+01   3.976761e-01   8.980925e-01
        145000   1.317893e+00   5.572202e+01              1             29              0              2   1.641901e+01   3.903520e-01   8.917190e-01
        145500   1.296851e+00   5.671581e+01              2             30              0              3   1.655325e+01   3.849299e-01   8.930694e-01
        146000   1.313853e+00   5.770803e+01              1             34              0              4   1.666223e+01   3.889293e-01   8.959389e-01
        146500   1.316724e+00   5.870255e+01              1             27              0              5   1.666972e+01   3.703274e-01   8.910515e-01
        147000   1.294565e+00   5.967873e+01              2             30              0              3   1.680417e+01   3.794722e-01   8.989098e-01
        147500   1.309744e+00   6.067202e+01              2             27              0              5   1.634702e+01   3.999032e-01   9.074795e-01
        148000   1.351786e+00   4.122258e+01              1             28              0              4   1.644227e+01   4.180882e-01   9.251406e-01
        148500   1.331267e+00   4.220289e+01              1             27              0              1   1.654202e+01   3.868372e-01   9.012919e-01
        149000   1.367310e+00   4.318653e+01              1             29              0              5   1.647033e+01   4.251723e-01   9.202757e-01
        149500   1.403945e+00   2.647124e+01              2             33              0              5   1.654524e+01   4.463550e-01   9.370717e-01
        150000   1.392713e+00   4.502010e+01              1             31              0              3   1.696912e+01   4.730273e-01   9.453217e-01
        150500   1.387723e+00   2.844897e+01              1             33              0              2   1.679450e+01   4.820354e-01   9.432546e-01
        151000   1.382553e+00   4.692721e+01              1             33              0              3   1.695354e+01   4.678850e-01   9.443351e-01
        151500   1.395875e+00   3.036729e+01              2             34              1              3   1.710751e+01   4.755009e-01   9.456561e-01
        152000   1.383133e+00   4.883918e+01              1             37              0              4   1.705031e+01   4.732809e-01   9.386926e-01
        152500   1.363861e+00   4.980684e+01              2             38              0              5   1.691161e+01   4.763652e-01   9.429007e-01
        153000   1.366924e+00   5.079876e+01              1             36              0              4   1.696672e+01   4.852162e-01   9.437746e-01
        153500   1.379211e+00   5.178445e+01              1             37              0              4   1.696128e+01   4.687335e-01   9.308845e-01
        154000   1.365870e+00   5.277636e+01              1             31              0              3   1.671129e+01   4.663401e-01   9.261284e-01
        154500   1.362758e+00   5.377199e+01              1             35              0              4   1.726669e+01   4.745099e-01   9.212472e-01
        155000   1.386577e+00   5.475220e+01              1             33              0              3   1.720292e+01   4.820076e-01   9.296345e-01
        155500   1.368913e+00   5.573755e+01              1             36              0              2   1.712336e+01   4.790511e-01   9.277872e-01
        156000   1.381248e+00   5.671577e+01              1             33              0              4   1.711856e+01   4.720731e-01   9.278861e-01
        156500   1.376484e+00   5.768811e+01              1             34              0              4   1.694523e+01   4.854690e-01   9.308706e-01
        157000   1.393494e+00   4.064721e+01              1             36              0              2   1.720920e+01   4.875143e-01   9.320162e-01
        157500   1.377048e+00   5.965476e+01              1             35              0              3   1.711554e+01   4.862925e-01   9.111100e-01
        158000   1.379892e+00   6.064241e+01              1             34              0              4   1.704764e+01   4.845643e-01   9.164725e-01
        158500   1.330515e+00   7.843622e+01              2             36              0              4   1.756826e+01   4.844358e-01   9.110112e-01
        159000   1.357551e+00   6.259680e+01              1             35              0              5   1.759600e+01   4.988024e-01   9.147269e-01
        159500   1.371388e+00   6.358617e+01              1             33              0              5   1.725676e+01   5.044664e-01   9.171449e-01
        160000   1.391184e+00   4.603363e+01              1             32              0              3   1.734891e+01   5.037305e-01   9.156861e-01
        160500   1.388069e+00   6.551252e+01              1             34              0              4   1.789546e+01   4.985466e-01   9.222788e-01
        161000   1.391231e+00   4.799546e+01              1             35              0              4   1.746203e+01   5.156948e-01   9.217728e-01
        161500   1.393939e+00   4.897192e+01              1             32              0              3   1.709198e+01   5.222723e-01   9.078023e-01
        162000   1.391765e+00   4.995927e+01              1             31              0              4   1.731642e+01   5.296354e-01   9.286413e-01
        162500   1.414791e+00   5.095510e+01              1             30              0              4   1.749984e+01   5.414197e-01   9.453764e-01
        163000   1.421723e+00   5.195270e+01              1             33              0              4   1.727338e+01   4.996845e-01   9.358123e-01
        163500   1.418957e+00   5.293445e+01              1             28              0              4   1.697660e+01   5.042419e-01   9.323407e-01
        164000   1.428280e+00   5.391100e+01              1             28              0              3   1.702528e+01   5.124891e-01   9.379776e-01
        164500   1.440122e+00   3.602074e+01              1             28              0              0   1.744109e+01   5.420131e-01   9.548777e-01
        165000   1.417407e+00   5.586530e+01              1             31              0              4   1.735470e+01   5.263870e-01   9.306253e-01
        165500   1.479571e+00   3.792091e+01              1             29              0              2   1.776832e+01   5.548714e-01   9.508985e-01
        166000   1.458885e+00   3.891431e+01              1             28              0              4   1.747915e+01   5.329097e-01   9.365254e-01
        166500   1.473671e+00   3.989947e+01              1             28              0              3   1.717789e+01   5.430842e-01   9.470285e-01
        167000   1.437309e+00   4.089193e+01              1             28              0              3   1.758278e+01   5.344686e-01   9.347644e-01
        167500   1.467553e+00   4.186741e+01              1             27              0              2   1.728377e+01   5.407254e-01   9.392105e-01
        168000   1.458666e+00   4.285373e+01              1             28              0              3   1.708749e+01   5.502310e-01   9.339358e-01
        168500   1.447395e+00   4.384778e+01              1             28              0              4   1.703336e+01   5.652233e-01   9.321911e-01
        169000   1.435910e+00   6.293011e+01              1             27              0              4   1.726406e+01   5.531237e-01   9.302665e-01
        169500   1.422390e+00   6.391204e+01              1             26              0              4   1.731403e+01   5.363221e-01   9.309840e-01
        170000   1.415403e+00   6.489525e+01              1             28              0              4   1.700899e+01   5.259674e-01   9.255269e-01
        170500   1.488235e+00   4.769421e+01              1             26              0              3   1.696495e+01   5.165979e-01   9.314640e-01
        171000   1.536123e+00   1.635607e+01              0             26              0              4   1.700491e+01   5.349383e-01   9.568043e-01
        171500   1.482724e+00   3.162912e+01              1             26              0              2   1.709217e+01   5.333377e-01   9.386365e-01
        172000   1.458160e+00   5.044947e+01              1             28              0              3   1.737302e+01   5.324744e-01   9.394180e-01
        172500   1.462687e+00   5.144769e+01              1             27              0              3   1.714042e+01   5.253323e-01   9.380023e-01
        173000   1.490185e+00   5.241714e+01              1             29              0              5   1.669556e+01   5.226430e-01   9.418725e-01
        173500   1.468190e+00   5.341254e+01              1             29              0              3   1.692857e+01   5.252439e-01   9.450870e-01
        174000   1.490771e+00   3.619899e+01              0             26              0              2   1.696160e+01   5.261468e-01   9.475402e-01
        174500   1.457281e+00   5.537294e+01              1             28              0              3   1.651034e+01   5.091482e-01   9.390902e-01
        175000   1.441828e+00   7.292088e+01              1             28              0              5   1.698282e+01   5.021512e-01   9.372917e-01
        175500   1.426957e+00   7.390083e+01              1             29              0              3   1.701315e+01   5.061108e-01   9.358788e-01
        176000   1.423619e+00   7.486745e+01              1             29              0              2   1.722810e+01   5.072960e-01   9.345049e-01
        176500   1.453260e+00   5.922062e+01              1             29              0              2   1.707470e+01   5.160265e-01   9.430347e-01
        177000   1.493236e+00   4.110090e+01              1             29              0              3   1.681078e+01   5.157681e-01   9.433838e-01
        177500   1.437298e+00   6.118097e+01              1             29              0              4   1.728797e+01   5.109976e-01   9.385113e-01
        178000   1.452188e+00   6.217674e+01              1             28              0              2   1.664971e+01   4.787168e-01   9.332527e-01
        178500   1.436992e+00   6.316210e+01              1             28              0              3   1.695886e+01   4.761833e-01   9.339794e-01
        179000   1.433563e+00   8.027982e+01              1             28              0              4   1.667157e+01   4.692887e-01   9.098683e-01
        179500   1.467294e+00   6.510468e+01              1             25              0              3   1.658794e+01   4.616720e-01   9.187112e-01
        180000   1.412727e+00   8.210180e+01              1             25              0              4   1.671884e+01   4.582163e-01   9.115918e-01
        180500   1.384332e+00   9.284644e+01              1             25              0              3   1.640197e+01   4.372567e-01   9.004252e-01
        181000   1.454002e+00   6.771121e+01              1             25              0              2   1.650445e+01   4.653887e-01   9.141200e-01
        181500   1.429879e+00   6.868058e+01              1             25              0              2   1.650796e+01   4.716115e-01   9.156319e-01
        182000   1.381575e+00   9.527708e+01              1             26              0              4   1.672851e+01   4.676799e-01   9.047647e-01
        182500   1.418969e+00   8.691470e+01              1             26              0              3   1.669815e+01   4.516223e-01   8.947460e-01
        183000   1.413666e+00   8.791224e+01              1             27              0              4   1.662477e+01   4.595133e-01   9.030866e-01
        183500   1.388889e+00   9.806311e+01              1             28              0              4   1.668140e+01   4.410303e-01   9.013203e-01
        184000   1.413701e+00   8.987181e+01              1             28              0              4   1.646813e+01   4.472766e-01   9.101708e-01
        184500   1.447806e+00   7.380012e+01              1             29              0              3   1.631254e+01   4.588849e-01   9.209620e-01
        185000   1.452374e+00   7.478186e+01              1             27              0              3   1.644613e+01   4.567572e-01   9.295488e-01
        185500   1.475275e+00   5.324985e+01              1             27              0              2   1.634429e+01   4.586163e-01   9.102869e-01
        186000   1.443872e+00   7.673947e+01              1             28              0              3   1.606530e+01   4.520367e-01   9.171006e-01
        186500   1.442952e+00   7.772403e+01              1             28              0              3   1.627745e+01   4.553874e-01   9.207562e-01
        187000   1.448122e+00   7.871491e+01              1             26              0              4   1.662093e+01   4.621100e-01   9.220341e-01
        187500   1.418267e+00   9.622007e+01              1             29              0              3   1.644760e+01   4.556214e-01   8.989232e-01
        188000   1.433223e+00   9.721322e+01              1             28              0              3   1.640474e+01   4.601584e-01   9.088880e-01
        188500   1.426168e+00   9.819779e+01              1             29              0              4   1.655397e+01   4.542979e-01   9.134665e-01
        189000   1.438876e+00   9.918292e+01              1             27              0              2   1.644948e+01   4.585224e-01   9.117111e-01
        189500   1.430970e+00   1.001500e+02              1             27              0              4   1.663260e+01   4.671150e-01   9.066458e-01
        190000   1.463030e+00   8.430764e+01              1             27              0              4   1.686910e+01   4.946632e-01   9.400785e-01
        190500   1.459864e+00   8.530526e+01              1             27              0              2   1.660389e+01   5.139136e-01   9.431949e-01
        191000   1.495542e+00   6.178644e+01              1             28              0              2   1.719370e+01   5.355811e-01   9.639234e-01
        191500   1.488053e+00   8.715511e+01              1             27              0              2   1.678951e+01   4.987117e-01   9.372207e-01
        192000   1.489338e+00   6.375803e+01              1             27              0              1   1.715347e+01   5.128455e-01   9.502035e-01
        192500   1.474278e+00   8.905959e+01              1             28              0              2   1.655036e+01   5.116032e-01   9.297414e-01
        193000   1.514605e+00   6.571850e+01              1             28              0              2   1.663259e+01   5.244975e-01   9.478414e-01
        193500   1.491642e+00   6.670821e+01              1             25              0              4   1.676492e+01   4.985062e-01   9.291412e-01
        194000   1.516863e+00   6.768482e+01              1             27              0              3   1.677951e+01   5.277076e-01   9.495212e-01
        194500   1.521965e+00   6.865591e+01              1             27              0              3   1.726181e+01   5.447320e-01   9.621895e-01
        195000   1.504477e+00   6.963603e+01              1             27              0              3   1.693046e+01   5.438486e-01   9.615846e-01
        195500   1.537677e+00   4.471043e+01              1             27              0              2   1.705997e+01   5.467985e-01   9.805999e-01
        196000   1.563027e+00   4.570460e+01              1             24              0              3   1.704806e+01   5.444010e-01   9.695805e-01
        196500   1.513681e+00   7.241670e+01              1             27              0              3   1.730790e+01   5.400174e-01   9.682111e-01
        197000   1.509142e+00   7.341477e+01              1             26              0              3   1.686284e+01   5.525823e-01   9.654557e-01
        197500   1.491163e+00   7.441034e+01              1             28              0              3   1.695206e+01   5.380491e-01   9.580558e-01
        198000   1.527824e+00   4.937471e+01              1             25              0              2   1.645450e+01   5.375822e-01   9.508416e-01
        198500   1.550206e+00   5.036441e+01              1             25              0              3   1.687172e+01   5.420830e-01   9.508800e-01
        199000   1.560145e+00   5.135298e+01              0             27              0              3   1.722467e+01   5.465170e-01   9.656620e-01
        199500   1.565007e+00   5.233214e+01              0             27              0              1   1.776939e+01   5.421858e-01   9.637422e-01
        200000   1.553924e+00   5.332210e+01              0             27              0              2   1.797956e+01   5.178380e-01   9.529235e-01
        200500   1.553613e+00   5.431036e+01              0             25              0              3   1.795014e+01   5.258991e-01   9.524757e-01
        201000   1.532765e+00   5.530673e+01              1             25              0              3   1.777287e+01   5.096391e-01   9.529184e-01
        201500   1.542562e+00   5.625688e+01              0             23              0              4   1.793303e+01   5.312116e-01   9.623656e-01
        202000   1.560392e+00   5.724150e+01              1             26              0              3   1.785830e+01   5.332544e-01   9.673697e-01
        202500   1.588822e+00   3.487226e+01              0             21              0              3   1.791393e+01   5.284896e-01   9.689060e-01
        203000   1.579456e+00   5.917294e+01              0             25              0              2   1.840658e+01   5.479700e-01   9.811434e-01
        203500   1.600322e+00   3.684152e+01              0             21              0              2   1.782641e+01   5.388280e-01   9.782292e-01
        204000   1.640149e+00   3.782255e+01              0             21              0              1   1.775605e+01   5.313574e-01   9.661653e-01
        204500   1.660628e+00   2.128431e+01              0             21              0              0   1.754503e+01   5.698147e-01   1.001584e+00
        205000   1.647611e+00   2.227795e+01              0             21              0              0   1.732663e+01   5.549573e-01   9.786144e-01
        205500   1.623836e+00   4.062978e+01              0             24              0              1   1.756393e+01   5.498201e-01   9.733095e-01
        206000   1.590422e+00   4.161087e+01              0             27              0              2   1.731132e+01   5.370603e-01   9.726141e-01
        206500   1.595255e+00   4.259530e+01              0             26              0              1   1.712980e+01   5.502084e-01   9.613488e-01
        207000   1.615514e+00   4.358370e+01              0             24              0              1   1.689899e+01   5.249704e-01   9.542588e-01
        207500   1.605729e+00   4.457772e+01              0             24              0              1   1.713715e+01   5.290073e-01   9.633571e-01
        208000   1.612463e+00   4.557683e+01              0             25              0              1   1.706545e+01   5.102534e-01   9.438047e-01
        208500   1.625392e+00   4.656430e+01              0             23              0              1   1.694419e+01   5.342655e-01   9.492208e-01
        209000   1.615799e+00   4.755937e+01              0             23              0              3   1.704900e+01   5.194342e-01   9.564441e-01
        209500   1.655155e+00   3.026769e+01              0             20              0              1   1.709178e+01   5.241033e-01   9.543837e-01
        210000   1.660660e+00   3.126404e+01              0             18              0              2   1.675458e+01   5.299353e-01   9.502536e-01
        210500   1.620068e+00   5.038201e+01              0             20              0              1   1.666488e+01   5.034947e-01   9.291200e-01
        211000   1.628460e+00   5.134915e+01              0             21              0              1   1.687436e+01   5.116144e-01   9.321775e-01
        211500   1.624085e+00   5.234030e+01              0             21              0              0   1.671368e+01   5.151408e-01   9.325029e-01
        212000   1.617796e+00   5.333669e+01              0             24              0              1   1.691949e+01   5.142627e-01   9.401566e-01
        212500   1.622158e+00   5.432391e+01              0             22              0              3   1.705649e+01   5.003157e-01   9.264814e-01
        213000   1.639975e+00   5.530922e+01              0             23              0              3   1.727320e+01   5.008110e-01   9.336952e-01
        213500   1.646743e+00   3.787109e+01              0             19              0              3   1.709085e+01   4.958685e-01   9.257293e-01
        214000   1.674432e+00   3.886095e+01              0             20              0              2   1.703607e+01   5.176194e-01   9.410088e-01
        214500   1.674927e+00   3.985388e+01              0             23              0              3   1.714780e+01   5.317815e-01   9.453558e-01
        215000   1.688939e+00   2.523145e+01              0             21              0              2   1.697677e+01   5.058892e-01   9.318161e-01
        215500   1.706787e+00   2.620320e+01              0             23              0              2   1.686640e+01   5.184531e-01   9.426028e-01
        216000   1.681483e+00   4.275265e+01              0             19              0              1   1.698742e+01   5.276126e-01   9.384001e-01
        216500   1.733988e+00   2.812364e+01              0             15              0              2   1.711432e+01   5.270745e-01   9.434537e-01
        217000   1.746693e+00   1.666908e+01              0             15              0              1   1.709879e+01   5.278680e-01   9.536515e-01
        217500   1.756290e+00   1.766320e+01              0             14              0              2   1.701265e+01   4.969377e-01   9.361620e-01
        218000   1.758142e+00   1.863878e+01              0             16              0              2   1.699246e+01   5.060342e-01   9.355531e-01
        218500   1.752872e+00   1.962771e+01              0             17              0              2   1.695507e+01   4.932505e-01   9.291306e-01
        219000   1.741073e+00   2.060494e+01              0             15              0              2   1.704311e+01   5.013780e-01   9.323384e-01
        219500   1.764801e+00   2.157803e+01              0             14              0              0   1.684383e+01   4.711948e-01   9.116364e-01
        220000   1.806859e+00   1.308202e+01              0             14              0              1   1.689926e+01   4.481290e-01   9.122373e-01
        220500   1.815225e+00   1.407554e+01              0             14              0              0   1.676102e+01   4.413485e-01   8.935287e-01
        221000   1.834768e+00   1.506710e+01              0             16              0              2   1.677615e+01   4.705308e-01   9.224079e-01
        221500   1.809790e+00   1.604489e+01              0             12              0              1   1.681829e+01   4.496747e-01   8.941515e-01
        222000   1.826017e+00   1.011129e+01              0             11              0              0   1.664851e+01   4.410655e-01   8.907899e-01
        222500   1.865842e+00   1.106928e+01              0             12              0              1   1.681743e+01   4.516475e-01   8.795845e-01
        223000   1.833332e+00   1.894081e+01              0             12              0              1   1.659837e+01   4.540825e-01   8.774384e-01
        223500   1.880811e+00   1.298018e+01              0             15              0              0   1.664300e+01   4.694154e-01   9.002657e-01
        224000   1.899828e+00   8.459765e+00              0             13              0              1   1.669517e+01   4.502194e-01   8.785581e-01
        224500   1.861094e+00   1.494185e+01              0             11              0              1   1.672115e+01   4.325601e-01   8.686182e-01
        225000   1.858152e+00   1.593357e+01              0             12              0              0   1.636479e+01   4.313011e-01   8.743707e-01
        225500   1.868211e+00   1.692228e+01              0             14              0              0   1.682636e+01   4.365612e-01   8.880094e-01
        226000   1.896646e+00   1.200673e+01              0             18              0              0   1.652919e+01   4.537138e-01   9.040155e-01
        226500   1.882738e+00   1.889945e+01              0             15              0              0   1.650049e+01   4.342171e-01   8.831383e-01
        227000   1.912532e+00   1.393037e+01              0             15              0              0   1.683706e+01   4.546613e-01   8.924960e-01
        227500   1.925238e+00   1.492708e+01              0             18              0              0   1.701369e+01   4.353901e-01   8.847119e-01
        228000   1.951385e+00   1.022148e+01              0             15              0              0   1.656763e+01   4.536816e-01   8.968603e-01
        228500   2.018948e+00   6.455495e+00              0             13              0              0   1.641818e+01   4.514712e-01   8.974211e-01
        229000   1.986961e+00   1.214051e+01              0             16              0              0   1.653058e+01   4.627487e-01   8.953718e-01
        229500   2.013507e+00   8.405077e+00              0             11              0              0   1.676770e+01   4.697274e-01   8.935825e-01
        230000   2.045171e+00   9.394747e+00              0             14              0              0   1.669789e+01   4.723408e-01   9.029625e-01
        230500   2.046368e+00   1.038071e+01              0             10              0              0   1.673018e+01   4.956911e-01   9.149382e-01
        231000   2.009847e+00   1.137099e+01              0             10              0              0   1.686444e+01   5.121604e-01   9.169518e-01
        231500   1.982927e+00   1.659075e+01              0             17              0              0   1.695217e+01   5.032641e-01   9.145903e-01
        232000   1.989510e+00   1.757947e+01              0             14              0              0   1.685353e+01   5.123801e-01   9.030064e-01
        232500   1.954384e+00   1.857324e+01              0             13              0              0   1.704666e+01   5.111228e-01   9.066643e-01
        233000   1.969708e+00   1.956653e+01              0             15              0              0   1.713016e+01   5.235086e-01   9.216364e-01
        233500   1.933291e+00   2.421935e+01              0             14              0              0   1.689872e+01   5.142688e-01   9.119734e-01
        234000   1.950073e+00   2.521357e+01              0             15              0              0   1.701939e+01   5.030631e-01   9.242985e-01
        234500   1.961125e+00   2.240638e+01              0             15              0              1   1.693196e+01   5.206919e-01   9.293330e-01
        235000   1.972139e+00   2.340079e+01              0             14              0              1   1.688018e+01   4.915940e-01   9.200969e-01
        235500   1.964892e+00   2.439852e+01              0             20              0              1   1.684858e+01   4.808738e-01   9.110204e-01
        236000   1.975676e+00   2.539225e+01              0             19              0              1   1.718729e+01   4.908958e-01   9.235591e-01
        236500   1.959397e+00   2.979686e+01              0             17              0              1   1.711994e+01   5.072981e-01   9.250889e-01
        237000   1.958969e+00   2.734261e+01              0             20              0              2   1.740916e+01   4.876252e-01   9.233191e-01
        237500   1.960034e+00   2.833265e+01              0             18              0              1   1.672308e+01   4.853426e-01   9.246730e-01
        238000   1.915506e+00   3.266294e+01              0             21              0              2   1.665348e+01   4.630497e-01   8.972803e-01
        238500   1.900062e+00   3.364449e+01              0             21              0              2   1.696101e+01   4.614484e-01   9.034155e-01
        239000   1.920068e+00   3.463903e+01              0             20              0              2   1.701482e+01   4.682597e-01   8.990699e-01
        239500   1.910112e+00   3.562482e+01              0             23              0              3   1.714463e+01   4.753847e-01   9.050705e-01
        240000   1.916868e+00   3.659277e+01              0             19              0              2   1.679978e+01   4.641266e-01   8.966675e-01
        240500   1.929728e+00   3.758764e+01              0             19              0              2   1.688239e+01   4.672242e-01   9.137494e-01
        241000   1.975932e+00   3.432533e+01              0             21              0              2   1.635024e+01   4.724548e-01   9.165985e-01
        241500   1.982687e+00   3.531177e+01              0             21              0              3   1.643791e+01   4.779989e-01   9.192415e-01
        242000   1.970266e+00   3.630977e+01              0             22              0              2   1.658289e+01   4.537551e-01   9.014310e-01
        242500   2.017478e+00   2.899962e+01              0             18              0              2   1.624265e+01   4.472589e-01   8.904792e-01
        243000   2.016215e+00   2.999580e+01              0             17              0              1   1.662593e+01   4.740746e-01   9.187277e-01
        243500   1.979945e+00   3.908490e+01              0             19              0              2   1.631271e+01   4.387872e-01   9.011416e-01
        244000   1.977143e+00   4.007493e+01              0             19              0              2   1.633271e+01   4.611099e-01   9.173289e-01
        244500   1.954051e+00   4.106524e+01              0             13              0              2   1.627578e+01   4.415589e-01   8.861222e-01
        245000   2.005416e+00   3.358238e+01              0             18              0              1   1.660709e+01   4.456801e-01   9.035851e-01
        245500   2.019633e+00   3.457866e+01              0             16              0              2   1.657044e+01   4.596125e-01   9.016510e-01
        246000   2.043416e+00   3.553966e+01              0             20              0              2   1.646577e+01   4.510659e-01   9.061906e-01
        246500   2.049782e+00   2.514034e+01              0             15              0              2   1.667655e+01   4.263569e-01   8.847990e-01
        247000   2.072800e+00   2.611619e+01              0             17              0              0   1.629125e+01   4.320200e-01   8.901620e-01
        247500   2.089534e+00   1.603693e+01              0             21              0              2   1.663905e+01   4.305193e-01   9.035879e-01
        248000   2.097443e+00   1.701488e+01              0             17              0              2   1.651752e+01   4.186933e-01   8.890787e-01
        248500   2.094835e+00   2.895472e+01              0             20              0              3   1.674461e+01   4.256464e-01   8.960589e-01
        249000   2.095228e+00   2.992271e+01              0             21              0              2   1.672600e+01   4.275925e-01   9.057407e-01
        249500   2.131683e+00   1.995713e+01              0             20              0              3   1.649776e+01   4.213991e-01   9.058700e-01
        250000   2.150114e+00   2.092439e+01              0             17              0              2   1.652030e+01   4.377587e-01   9.258808e-01
        250500   2.203340e+00   6.996269e+00              0             20              0              3   1.639251e+01   4.379395e-01   9.096121e-01
        251000   2.121265e+00   2.259816e+01              0             17              0              3   1.667314e+01   4.194305e-01   8.884515e-01
        251500   2.062314e+00   3.371297e+01              0             17              0              1   1.622212e+01   4.377864e-01   8.809377e-01
        252000   2.056351e+00   3.469802e+01              0             16              0              1   1.614645e+01   4.390020e-01   8.954967e-01
        252500   2.000170e+00   4.480172e+01              0             16              0              2   1.632257e+01   4.331375e-01   8.888094e-01
        253000   2.021742e+00   4.576915e+01              0             19              0              3   1.615062e+01   4.249175e-01   8.693492e-01
        253500   2.047558e+00   3.732065e+01              0             17              0              1   1.634252e+01   4.325179e-01   8.883515e-01
        254000   2.025988e+00   4.773260e+01              0             19              0              3   1.654798e+01   4.340231e-01   8.908210e-01
        254500   2.052938e+00   3.919639e+01              0             22              0              2   1.675968e+01   4.406403e-01   8.982785e-01
        255000   2.057611e+00   4.019001e+01              0             21              0              2   1.650766e+01   4.256621e-01   9.007047e-01
        255500   2.084460e+00   4.117555e+01              0             21              0              2   1.645010e+01   4.293992e-01   8.990634e-01
        256000   2.089329e+00   4.215783e+01              0             17              0              0   1.630089e+01   4.303119e-01   8.953183e-01
        256500   2.148699e+00   1.991230e+01              0             19              0              1   1.644380e+01   4.415502e-01   9.110081e-01
        257000   2.159282e+00   2.090948e+01              0             20              0              1   1.653224e+01   4.414754e-01   9.109285e-01
        257500   2.136467e+00   3.313339e+01              0             17              0              1   1.649608e+01   4.588884e-01   9.236607e-01
        258000   2.114791e+00   3.412281e+01              0             20              0              2   1.643669e+01   4.529791e-01   9.008780e-01
        258500   2.126443e+00   3.510357e+01              0             22              0              2   1.637264e+01   4.424351e-01   9.042470e-01
        259000   2.125970e+00   3.608448e+01              0             19              0              1   1.620666e+01   4.523076e-01   9.012114e-01
        259500   2.154309e+00   2.549941e+01              0             18              0              0   1.615844e+01   4.389573e-01   9.017537e-01
        260000   2.189957e+00   1.617417e+01              0             18              0              1   1.684564e+01   4.478434e-01   9.152041e-01
        260500   2.202498e+00   1.715014e+01              0             21              0              3   1.636904e+01   4.531309e-01   9.029633e-01
        261000   2.222185e+00   1.813774e+01              0             20              0              2   1.658525e+01   4.594320e-01   8.978851e-01
        261500   2.228485e+00   1.912491e+01              0             16              0              1   1.635217e+01   4.424721e-01   8.782204e-01
        262000   2.255905e+00   1.190625e+01              0             19              0              2   1.633970e+01   4.400825e-01   8.876665e-01
        262500   2.273418e+00   1.289914e+01              0             19              0              2   1.635042e+01   4.468976e-01   9.010754e-01
        263000   2.273144e+00   1.389281e+01              0             18              0              1   1.639486e+01   4.443882e-01   8.626068e-01
        263500   2.247648e+00   2.275430e+01              0             17              0              1   1.646911e+01   4.502198e-01   8.737221e-01
        264000   2.264602e+00   1.582091e+01              0             20              0              0   1.698448e+01   4.601195e-01   8.825217e-01
        264500   2.261586e+00   1.681376e+01              0             23              0              1   1.653827e+01   4.590991e-01   8.762456e-01
        265000   2.240022e+00   2.555598e+01              0             22              0              1   1.649588e+01   4.801143e-01   8.909355e-01
        265500   2.265389e+00   1.879162e+01              0             23              0              1   1.652791e+01   4.701794e-01   8.792539e-01
        266000   2.300021e+00   1.287710e+01              0             20              0              0   1.602968e+01   4.583347e-01   8.573280e-01
        266500   2.332597e+00   1.386722e+01              0             19              0              1   1.655021e+01   4.760194e-01   8.940506e-01
        267000   2.343495e+00   1.485001e+01              0             18              0              2   1.626266e+01   4.461554e-01   8.737188e-01
        267500   2.346730e+00   9.970040e+00              0             19              0              1   1.615085e+01   4.379291e-01   8.828771e-01
        268000   2.337586e+00   1.680791e+01              0             19              0              2   1.638560e+01   4.404367e-01   8.907755e-01
        268500   2.322543e+00   1.779302e+01              0             19              0              3   1.632353e+01   4.164822e-01   8.535523e-01
        269000   2.349552e+00   1.276150e+01              0             19              0              1   1.654652e+01   4.242902e-01   8.631584e-01
        269500   2.338412e+00   1.972751e+01              0             20              0              2   1.627403e+01   4.295757e-01   8.534294e-01
        270000   2.308933e+00   2.071060e+01              0             18              0              1   1.618340e+01   4.350997e-01   8.356085e-01
        270500   2.327980e+00   2.170355e+01              0             20              0              1   1.604591e+01   4.282635e-01   8.463321e-01
        271000   2.355194e+00   1.639932e+01              0             16              0              2   1.625684e+01   4.587620e-01   8.782124e-01
        271500   2.308155e+00   2.363031e+01              0             19              0              1   1.616508e+01   4.466609e-01   8.546553e-01
        272000   2.292265e+00   2.456709e+01              0             19              0              1   1.628694e+01   4.301003e-01   8.490836e-01
        272500   2.286175e+00   3.070560e+01              0             16              0              3   1.643625e+01   4.114245e-01   8.403853e-01
        273000   2.301494e+00   2.648261e+01              0             16              0              3   1.655960e+01   4.171753e-01   8.443055e-01
        273500   2.222502e+00   3.640033e+01              0             18              0              2   1.629534e+01   4.202621e-01   8.391886e-01
        274000   2.180875e+00   4.122428e+01              0             19              0              1   1.644742e+01   4.184437e-01   8.282171e-01
        274500   2.137559e+00   4.725874e+01              0             19              0              3   1.636834e+01   4.352979e-01   8.376013e-01
        275000   2.143194e+00   4.822598e+01              0             19              0              3   1.666088e+01   4.480196e-01   8.536075e-01
        275500   2.135083e+00   4.919551e+01              0             17              0              1   1.622729e+01   4.403571e-01   8.431867e-01
        276000   2.101066e+00   5.018331e+01              0             20              0              2   1.646524e+01   4.492617e-01   8.563003e-01
        276500   2.142872e+00   4.585056e+01              0             20              0              3   1.616629e+01   4.168256e-01   8.357732e-01
        277000   2.168734e+00   4.683977e+01              0             21              0              3   1.660747e+01   4.493954e-01   8.760422e-01
        277500   2.165715e+00   4.783806e+01              0             19              0              2   1.659324e+01   4.265184e-01   8.566357e-01
        278000   2.227962e+00   4.348272e+01              0             19              0              3   1.661549e+01   4.323083e-01   8.589512e-01
        278500   2.147073e+00   4.969301e+01              0             24              0              4   1.670033e+01   4.364583e-01   8.538073e-01
        279000   2.107017e+00   5.542789e+01              0             21              0              3   1.674259e+01   4.204634e-01   8.539108e-01
        279500   2.070753e+00   6.023809e+01              0             23              0              3   1.644783e+01   4.279613e-01   8.391804e-01
        280000   1.995151e+00   6.071233e+01              0             19              0              2   1.652760e+01   4.337494e-01   8.289728e-01
        280500   2.018034e+00   6.372358e+01              0             22              0              3   1.652447e+01   3.992071e-01   8.046756e-01
        281000   1.992056e+00   6.469519e+01              0             20              0              4   1.649787e+01   4.030901e-01   8.171873e-01
        281500   2.019652e+00   6.566238e+01              0             21              0              3   1.652466e+01   4.140009e-01   8.186158e-01
        282000   1.973099e+00   6.448361e+01              0             22              0              3   1.628285e+01   4.222828e-01   8.104419e-01
        282500   2.017725e+00   6.753810e+01              0             17              0              2   1.659993e+01   4.126789e-01   8.134639e-01
        283000   2.020225e+00   6.852850e+01              0             19              0              3   1.613678e+01   4.167631e-01   8.184578e-01
        283500   2.056577e+00   6.667451e+01              0             22              0              2   1.627781e+01   4.007772e-01   8.118541e-01
        284000   2.100270e+00   6.154679e+01              0             23              0              4   1.666832e+01   4.155437e-01   8.284696e-01
        284500   2.079566e+00   6.864019e+01              0             23              0              3   1.669716e+01   4.424311e-01   8.434267e-01
        285000   2.109269e+00   6.339754e+01              0             23              0              4   1.678389e+01   4.393375e-01   8.434074e-01
        285500   2.118218e+00   6.438880e+01              0             21              0              3   1.657468e+01   4.421567e-01   8.337816e-01
        286000   2.166703e+00   5.736163e+01              0             21              0              2   1.661424e+01   4.456674e-01   8.642174e-01
        286500   2.193753e+00   4.979749e+01              1             21              0              3   1.699775e+01   4.751982e-01   8.749501e-01
        287000   2.206058e+00   5.076898e+01              0             21              0              3   1.696560e+01   4.955486e-01   8.939664e-01
        287500   2.269616e+00   4.265570e+01              1             21              0              3   1.647426e+01   4.637545e-01   8.686315e-01
        288000   2.267250e+00   4.365059e+01              0             22              0              3   1.676778e+01   4.652270e-01   8.831973e-01
        288500   2.280694e+00   4.464806e+01              1             21              0              4   1.682093e+01   4.643807e-01   8.764566e-01
        289000   2.287551e+00   3.549094e+01              0             21              0              3   1.685946e+01   4.790464e-01   8.842872e-01
        289500   2.237502e+00   4.658600e+01              0             22              0              4   1.688967e+01   5.016208e-01   9.036678e-01
        290000   2.238862e+00   5.613899e+01              0             21              0              3   1.648853e+01   4.631485e-01   8.886941e-01
        290500   2.249163e+00   4.848741e+01              0             21              0              2   1.665769e+01   4.806678e-01   9.034640e-01
        291000   2.252920e+00   4.947327e+01              0             22              0              4   1.665230e+01   4.756142e-01   9.006753e-01
        291500   2.303629e+00   3.948645e+01              0             23              0              3   1.684223e+01   4.956309e-01   9.234807e-01
        292000   2.264451e+00   5.143893e+01              0             23              0              3   1.646393e+01   4.689412e-01   8.997195e-01
        292500   2.351936e+00   2.857327e+01              1             20              0              2   1.658975e+01   4.906893e-01   9.111187e-01
        293000   2.359721e+00   2.956508e+01              0             22              0              2   1.694461e+01   4.776519e-01   9.083090e-01
        293500   2.341734e+00   3.054760e+01              0             23              0              2   1.693233e+01   4.684519e-01   8.966433e-01
        294000   2.354531e+00   3.151552e+01              1             21              0              0   1.673705e+01   4.823351e-01   9.056145e-01
        294500   2.326229e+00   3.242823e+01              1             23              0              1   1.691583e+01   4.563521e-01   8.778570e-01
        295000   2.354124e+00   3.336498e+01              0             22              0              2   1.672912e+01   4.637817e-01   8.853026e-01
        295500   2.341889e+00   4.695000e+01              0             22              0              2   1.666421e+01   4.537961e-01   8.776017e-01
        296000   2.348626e+00   3.534995e+01              0             23              0              2   1.684355e+01   4.506297e-01   8.756426e-01
        296500   2.384510e+00   3.633547e+01              0             22              0              1   1.639110e+01   4.319458e-01   8.681776e-01
        297000   2.391934e+00   3.729316e+01              0             20              0              1   1.687172e+01   4.412376e-01   9.045886e-01
        297500   2.432770e+00   2.510889e+01              0             20              0              0   1.683444e+01   4.420492e-01   9.037865e-01
        298000   2.437946e+00   1.487233e+01              1             23              0              2   1.654398e+01   4.430377e-01   9.019320e-01
        298500   2.450659e+00   1.586150e+01              0             21              0              2   1.639089e+01   4.566934e-01   8.987990e-01
        299000   2.479010e+00   1.684424e+01              0             18              0              2   1.667519e+01   4.662187e-01   9.267455e-01
        299500   2.476613e+00   1.782941e+01              0             18              0              0   1.634738e+01   4.418349e-01   8.982239e-01
        300000   2.535811e+00   1.071686e+01              0             21              0              1   1.687809e+01   4.909058e-01   9.268497e-01
        300500   2.536929e+00   1.170183e+01              0             19              0              2   1.718441e+01   4.809959e-01   9.171136e-01
        301000   2.552505e+00   7.388266e+00              0             21              0              1   1.702767e+01   4.695996e-01   9.088098e-01
        301500   2.547181e+00   8.374333e+00              0             19              0              1   1.652808e+01   4.639247e-01   8.883452e-01
        302000   2.534203e+00   1.458597e+01              0             20              0              1   1.667814e+01   4.679474e-01   8.894814e-01
        302500   2.533179e+00   1.557244e+01              0             17              0              0   1.669394e+01   4.683736e-01   8.835910e-01
        303000   2.492100e+00   1.654754e+01              0             18              0              1   1.682278e+01   4.934443e-01   8.835702e-01
        303500   2.492253e+00   2.445836e+01              0             18              0              0   1.658213e+01   4.865052e-01   8.648886e-01
        304000   2.509417e+00   1.848865e+01              0             19              0              2   1.646483e+01   4.877924e-01   8.514508e-01
        304500   2.541195e+00   1.945735e+01              0             13              0              0   1.620786e+01   4.813113e-01   8.369337e-01
        305000   2.491450e+00   2.708326e+01              0             16              0              1   1.648014e+01   4.890409e-01   8.411474e-01
        305500   2.420324e+00   3.597504e+01              0             17              0              1   1.663717e+01   4.610863e-01   8.388891e-01
        306000   2.435145e+00   3.694408e+01              0             15              0              1   1.663572e+01   4.887301e-01   8.473200e-01
        306500   2.398566e+00   3.792375e+01              0             13              0              1   1.674282e+01   4.900565e-01   8.441698e-01
        307000   2.413329e+00   3.890347e+01              0             10              0              1   1.629175e+01   4.717419e-01   8.232873e-01
        307500   2.402848e+00   3.989930e+01              0             10              0              1   1.617095e+01   4.772567e-01   8.264668e-01
        308000   2.441446e+00   4.089149e+01              0              7              0              0   1.619034e+01   4.725598e-01   8.189272e-01
        308500   2.455932e+00   4.185510e+01              0              6              0              0   1.647084e+01   4.817130e-01   8.204288e-01
        309000   2.555349e+00   1.772804e+01              0              6              0              0   1.638911e+01   4.633004e-01   8.228369e-01
        309500   2.561246e+00   1.872497e+01              0              4              0              0   1.657595e+01   4.614291e-01   8.320718e-01
        310000   2.569927e+00   1.971821e+01              0              7              0              0   1.669587e+01   4.589820e-01   8.416136e-01
        310500   2.608824e+00   1.322074e+01              0              6              0              0   1.666462e+01   4.386270e-01   8.324822e-01
        311000   2.593541e+00   1.420779e+01              0              7              0              0   1.669708e+01   4.303000e-01   8.382183e-01
        311500   2.615031e+00   1.519445e+01              0              6              0              0   1.667405e+01   4.490761e-01   8.498144e-01
        312000   2.650676e+00   9.707178e+00              0              7              0              0   1.671395e+01   4.556940e-01   8.639845e-01
        312500   2.637367e+00   1.712736e+01              0              5              0              0   1.676834e+01   4.401497e-01   8.633729e-01
        313000   2.638016e+00   1.163292e+01              0              4              0              0   1.670603e+01   4.449165e-01   8.693041e-01
        313500   2.651555e+00   1.260769e+01              0              4              0              0   1.664909e+01   4.238439e-01   8.404152e-01
        314000   2.595073e+00   2.001641e+01              0              4              0              0   1.645980e+01   4.283322e-01   8.289515e-01
        314500   2.595298e+00   2.740071e+01              0              5              0              0   1.671375e+01   4.648004e-01   8.490341e-01
        315000   2.648358e+00   2.191619e+01              0              5              0              0   1.646262e+01   4.649704e-01   8.434177e-01
        315500   2.666070e+00   1.608361e+01              0              6              0              0   1.637377e+01   4.749591e-01   8.396639e-01
        316000   2.654612e+00   1.708063e+01              0              8              0              0   1.622603e+01   4.426035e-01   8.256479e-01
        316500   2.677485e+00   1.807477e+01              0              8              0              1   1.641504e+01   4.729269e-01   8.472990e-01
        317000   2.682025e+00   1.906381e+01              0              7              0              0   1.646232e+01   4.442383e-01   8.370071e-01
        317500   2.708952e+00   1.339378e+01              0              5              0              0   1.649102e+01   4.751226e-01   8.463081e-01
        318000   2.698399e+00   2.096539e+01              0              2              0              0   1.683518e+01   4.841505e-01   8.529424e-01
        318500   2.719781e+00   1.535803e+01              0              3              0              0   1.673987e+01   4.832142e-01   8.658376e-01
        319000   2.771194e+00   1.017018e+01              0              4              0              0   1.648943e+01   4.581839e-01   8.441722e-01
        319500   2.797592e+00   1.115284e+01              0              7              0              0   1.681758e+01   4.661711e-01   8.746045e-01
