          step              r      E_metad_r      n_cont_CA   n_cont_heavy       n_saltbr        n_hbond           SASA           RMSD             Rg 
             0   7.538603e-01   0.000000e+00              2             57              0              6   1.481728e+01   0.000000e+00   7.145941e-01
           500   7.824716e-01   9.906309e-01              1             56              0              4   1.483755e+01   6.321981e-02   7.251342e-01
          1000   7.697089e-01   1.987647e+00              2             57              0              7   1.494936e+01   5.898308e-02   7.165656e-01
          1500   7.950151e-01   2.979119e+00              2             56              0              6   1.531317e+01   7.337555e-02   7.273535e-01
          2000   8.037813e-01   3.645645e+00              2             56              0              5   1.542864e+01   9.213291e-02   7.383054e-01
          2500   7.851529e-01   4.907473e+00              2             57              0              5   1.518820e+01   1.082467e-01   7.303237e-01
          3000   7.715568e-01   5.906021e+00              1             56              0              6   1.492992e+01   9.534244e-02   7.160318e-01
          3500   8.005714e-01   6.891883e+00              3             53              0              5   1.479721e+01   9.223051e-02   7.306134e-01
          4000   7.894483e-01   7.878986e+00              2             54              0              6   1.490520e+01   9.341966e-02   7.333689e-01
          4500   7.598805e-01   8.871834e+00              1             55              0              5   1.516783e+01   7.435292e-02   7.274157e-01
          5000   7.719945e-01   9.845081e+00              2             55              0              4   1.487971e+01   8.208929e-02   7.282804e-01
          5500   7.754689e-01   1.084086e+01              2             54              0              6   1.477274e+01   9.349705e-02   7.261309e-01
          6000   7.633868e-01   1.183712e+01              3             56              0              4   1.493949e+01   1.042466e-01   7.401958e-01
          6500   7.691383e-01   1.283592e+01              1             55              0              3   1.484291e+01   1.036420e-01   7.247898e-01
          7000   7.919735e-01   1.254695e+01              2             55              0              7   1.493713e+01   9.058630e-02   7.266591e-01
          7500   8.035606e-01   1.347048e+01              2             52              0              6   1.525315e+01   9.667727e-02   7.319341e-01
          8000   8.044432e-01   1.438524e+01              2             50              0              5   1.498841e+01   1.073507e-01   7.390153e-01
          8500   7.809285e-01   1.669624e+01              2             56              0              5   1.498138e+01   9.247833e-02   7.247224e-01
          9000   7.932059e-01   1.767750e+01              2             54              0              5   1.494092e+01   9.262414e-02   7.325447e-01
          9500   7.744166e-01   1.866521e+01              1             56              0              5   1.459233e+01   8.582813e-02   7.095643e-01
         10000   7.585273e-01   1.964575e+01              2             57              0              7   1.488850e+01   1.023885e-01   7.155874e-01
         10500   7.679802e-01   2.063777e+01              2             54              0              7   1.440224e+01   1.024234e-01   7.133408e-01
         11000   7.650836e-01   2.162974e+01              1             53              0              4   1.479238e+01   9.543075e-02   7.298752e-01
         11500   7.717767e-01   2.262254e+01              1             55              0              4   1.490478e+01   9.690917e-02   7.206199e-01
         12000   7.705179e-01   2.361635e+01              2             55              0              5   1.470753e+01   8.884718e-02   7.190237e-01
         12500   7.912656e-01   2.460860e+01              3             51              0              4   1.470895e+01   8.606724e-02   7.244448e-01
         13000   7.714357e-01   2.560510e+01              1             56              0              3   1.475373e+01   8.385234e-02   7.178802e-01
         13500   7.762877e-01   2.659863e+01              1             55              0              7   1.480916e+01   8.864941e-02   7.172029e-01
         14000   7.801792e-01   2.759164e+01              2             56              0              4   1.469466e+01   9.632721e-02   7.219430e-01
         14500   7.830121e-01   2.857805e+01              1             56              0              6   1.470941e+01   1.063689e-01   7.178067e-01
         15000   7.772887e-01   2.957143e+01              1             58              0              6   1.485062e+01   1.028072e-01   7.214646e-01
         15500   7.942972e-01   3.055262e+01              3             50              0              6   1.484203e+01   9.764405e-02   7.284709e-01
         16000   7.861043e-01   3.154087e+01              2             57              0              6   1.473882e+01   1.008448e-01   7.275012e-01
         16500   7.815574e-01   3.251787e+01              4             53              0              6   1.469551e+01   9.522303e-02   7.312140e-01
         17000   7.899145e-01   3.351316e+01              1             52              0              2   1.485922e+01   9.301137e-02   7.251176e-01
         17500   7.711703e-01   3.451043e+01              2             55              0              6   1.490669e+01   8.611538e-02   7.208703e-01
         18000   7.584664e-01   3.548682e+01              1             56              0              6   1.439039e+01   8.882236e-02   7.157896e-01
         18500   7.795110e-01   3.647190e+01              1             57              0              5   1.482064e+01   9.482995e-02   7.237649e-01
         19000   7.782523e-01   3.746605e+01              2             57              0              5   1.494844e+01   9.734098e-02   7.111147e-01
         19500   7.706663e-01   3.845484e+01              1             56              0              5   1.512920e+01   8.893450e-02   7.231952e-01
         20000   7.793843e-01   3.943520e+01              1             55              0              5   1.484182e+01   9.809151e-02   7.240721e-01
         20500   7.992974e-01   4.041633e+01              2             54              0              7   1.464614e+01   9.640455e-02   7.193070e-01
         21000   7.791238e-01   4.139017e+01              1             55              0              5   1.484845e+01   1.029593e-01   7.300616e-01
         21500   7.676827e-01   4.237500e+01              2             57              0              5   1.499428e+01   1.090156e-01   7.156323e-01
         22000   7.632382e-01   4.335773e+01              3             56              0              5   1.449891e+01   1.142276e-01   7.323433e-01
         22500   7.594259e-01   3.889372e+01              2             59              0              6   1.465609e+01   1.180032e-01   7.214093e-01
         23000   7.502695e-01   3.980953e+01              1             56              0              6   1.461800e+01   1.109209e-01   7.205769e-01
         23500   7.750046e-01   4.631354e+01              1             57              0              4   1.458109e+01   1.069705e-01   7.211633e-01
         24000   7.816007e-01   4.731185e+01              1             55              0              5   1.474100e+01   1.164014e-01   7.351056e-01
         24500   7.767331e-01   4.830807e+01              2             56              0              5   1.480850e+01   9.935170e-02   7.210091e-01
         25000   7.513303e-01   4.345317e+01              1             58              0              5   1.465371e+01   8.535565e-02   7.131486e-01
         25500   7.552456e-01   5.023500e+01              1             58              0              7   1.471920e+01   9.447165e-02   7.148214e-01
         26000   7.507075e-01   4.537332e+01              1             54              0              3   1.462725e+01   1.138877e-01   7.274384e-01
         26500   7.579704e-01   5.214197e+01              2             57              0              5   1.480600e+01   1.200139e-01   7.152401e-01
         27000   7.676965e-01   5.313335e+01              2             58              0              4   1.484369e+01   1.160356e-01   7.190658e-01
         27500   7.615569e-01   5.412470e+01              1             58              0              6   1.481218e+01   1.016610e-01   7.220164e-01
         28000   7.555347e-01   5.511582e+01              3             56              0              6   1.476396e+01   1.073154e-01   7.198335e-01
         28500   7.852000e-01   5.609938e+01              2             54              0              4   1.488215e+01   1.108286e-01   7.365914e-01
         29000   7.475252e-01   5.083144e+01              1             56              0              5   1.455260e+01   1.031451e-01   7.094375e-01
         29500   7.627738e-01   5.802381e+01              1             57              0              6   1.485808e+01   1.023140e-01   7.237369e-01
         30000   7.774244e-01   5.902091e+01              1             56              0              4   1.475108e+01   1.045161e-01   7.169062e-01
         30500   7.974312e-01   5.283145e+01              2             55              0              4   1.491728e+01   1.059002e-01   7.262000e-01
         31000   8.067754e-01   5.382068e+01              2             53              0              6   1.490785e+01   1.257815e-01   7.402421e-01
         31500   7.732682e-01   6.186143e+01              1             53              0              4   1.478096e+01   1.075699e-01   7.254329e-01
         32000   7.602346e-01   5.585657e+01              2             56              0              5   1.467093e+01   1.101661e-01   7.187139e-01
         32500   7.682160e-01   6.382917e+01              1             55              0              5   1.494234e+01   1.125587e-01   7.321810e-01
         33000   7.854534e-01   6.481835e+01              1             53              0              3   1.495822e+01   1.162110e-01   7.321172e-01
         33500   7.653420e-01   6.581222e+01              2             57              0              5   1.504986e+01   1.022139e-01   7.183799e-01
         34000   7.686130e-01   6.680731e+01              2             56              0              3   1.455702e+01   1.066075e-01   7.192215e-01
         34500   7.801846e-01   6.779496e+01              1             56              0              4   1.478324e+01   1.192719e-01   7.168611e-01
         35000   7.431056e-01   6.115029e+01              1             58              0              5   1.463877e+01   1.106649e-01   7.106882e-01
         35500   7.787488e-01   6.972380e+01              2             56              0              5   1.492156e+01   1.045650e-01   7.229413e-01
         36000   7.675294e-01   7.071262e+01              1             56              0              4   1.471481e+01   1.056805e-01   7.215235e-01
         36500   7.723402e-01   7.170172e+01              1             56              0              5   1.459978e+01   1.072151e-01   7.143906e-01
         37000   7.827911e-01   7.267540e+01              1             55              0              5   1.460945e+01   1.050086e-01   7.235842e-01
         37500   7.768605e-01   7.365346e+01              1             56              0              5   1.485951e+01   1.055599e-01   7.198710e-01
         38000   7.915294e-01   6.607751e+01              1             56              0              5   1.496444e+01   1.140019e-01   7.233237e-01
         38500   7.818835e-01   7.563190e+01              2             56              0              4   1.500312e+01   1.187126e-01   7.248980e-01
         39000   7.731857e-01   7.662828e+01              2             55              0              6   1.506342e+01   1.186784e-01   7.298499e-01
         39500   7.892960e-01   7.762393e+01              1             54              0              4   1.473201e+01   1.055122e-01   7.240455e-01
         40000   8.044997e-01   6.971592e+01              2             56              0              4   1.454269e+01   9.447165e-02   7.232377e-01
         40500   7.968883e-01   7.070968e+01              3             56              0              4   1.495115e+01   1.019902e-01   7.238172e-01
         41000   7.851660e-01   7.167485e+01              2             56              0              5   1.459945e+01   1.006496e-01   7.106269e-01
         41500   7.738103e-01   8.141470e+01              3             57              0              4   1.491364e+01   1.087677e-01   7.222914e-01
         42000   7.976931e-01   7.355083e+01              2             55              0              4   1.486353e+01   1.126786e-01   7.208806e-01
         42500   7.781267e-01   8.334607e+01              3             55              0              6   1.499595e+01   1.130728e-01   7.273849e-01
         43000   8.038730e-01   7.545412e+01              1             55              0              3   1.515113e+01   1.200388e-01   7.387255e-01
         43500   8.317266e-01   5.405989e+01              1             48              0              5   1.494681e+01   1.118162e-01   7.308006e-01
         44000   8.144130e-01   7.743360e+01              2             55              0              5   1.473652e+01   1.169407e-01   7.180913e-01
         44500   8.473162e-01   5.591043e+01              2             48              0              6   1.484994e+01   1.215089e-01   7.338847e-01
         45000   8.116025e-01   7.938701e+01              2             52              0              6   1.510518e+01   1.099593e-01   7.344953e-01
         45500   7.907679e-01   8.850986e+01              2             54              0              4   1.466091e+01   1.055486e-01   7.287582e-01
         46000   8.152005e-01   8.132478e+01              2             55              0              4   1.500422e+01   1.193410e-01   7.359140e-01
         46500   8.209895e-01   8.231719e+01              2             52              0              3   1.466617e+01   1.086963e-01   7.293538e-01
         47000   8.029140e-01   8.331278e+01              2             54              0              7   1.482647e+01   1.121741e-01   7.250147e-01
         47500   8.268150e-01   6.115936e+01              1             52              0              4   1.500765e+01   1.360747e-01   7.601492e-01
         48000   8.108047e-01   8.529130e+01              1             54              0              5   1.445827e+01   1.049343e-01   7.240167e-01
         48500   8.170989e-01   8.628914e+01              1             55              0              4   1.467887e+01   1.047631e-01   7.328213e-01
         49000   8.325609e-01   8.727104e+01              1             52              0              5   1.496969e+01   9.801821e-02   7.295361e-01
         49500   8.242771e-01   8.825728e+01              2             51              0              4   1.463638e+01   1.055966e-01   7.299662e-01
         50000   8.073217e-01   8.924451e+01              1             54              0              5   1.461026e+01   9.333749e-02   7.242466e-01
         50500   8.309179e-01   6.659025e+01              1             50              0              7   1.477925e+01   9.575322e-02   7.133933e-01
         51000   8.329581e-01   9.120994e+01              1             49              0              5   1.493439e+01   1.189735e-01   7.331884e-01
         51500   8.456885e-01   6.848776e+01              2             46              0              6   1.510222e+01   1.163801e-01   7.431777e-01
         52000   8.421701e-01   6.947995e+01              3             45              0              5   1.481736e+01   1.131890e-01   7.340582e-01
         52500   8.227888e-01   7.043638e+01              2             45              0              4   1.518574e+01   1.133914e-01   7.467120e-01
         53000   8.136470e-01   9.500899e+01              1             49              0              4   1.470737e+01   1.122280e-01   7.419173e-01
         53500   7.979784e-01   9.595977e+01              2             50              0              6   1.488437e+01   1.115374e-01   7.359069e-01
         54000   7.988120e-01   9.695494e+01              1             49              0              4   1.506838e+01   1.033053e-01   7.387691e-01
         54500   8.049790e-01   9.794399e+01              1             51              0              4   1.485738e+01   1.094971e-01   7.382287e-01
         55000   8.178529e-01   9.893712e+01              1             49              0              4   1.489507e+01   1.075071e-01   7.383152e-01
         55500   7.839759e-01   1.053403e+02              2             55              0              5   1.503406e+01   1.216533e-01   7.354800e-01
         56000   7.820823e-01   1.063158e+02              3             54              0              5   1.473703e+01   1.143757e-01   7.309669e-01
         56500   7.759233e-01   1.073137e+02              3             56              0              3   1.454595e+01   1.091841e-01   7.236879e-01
         57000   7.813567e-01   1.083089e+02              2             52              0              7   1.478559e+01   1.288303e-01   7.252746e-01
         57500   8.237867e-01   7.814795e+01              2             51              0              5   1.477365e+01   1.056121e-01   7.258520e-01
         58000   8.191361e-01   1.044843e+02              1             50              0              6   1.527132e+01   1.123662e-01   7.374058e-01
         58500   8.121492e-01   1.054783e+02              2             53              0              4   1.490382e+01   1.195027e-01   7.236096e-01
         59000   8.263461e-01   1.064609e+02              1             50              0              6   1.534781e+01   1.358366e-01   7.460376e-01
         59500   8.564490e-01   8.185400e+01              1             46              0              4   1.469069e+01   1.253118e-01   7.278842e-01
         60000   8.440666e-01   8.285079e+01              1             49              0              4   1.488542e+01   1.334571e-01   7.353849e-01
         60500   8.436028e-01   8.384659e+01              1             48              0              5   1.464670e+01   1.333444e-01   7.339461e-01
         61000   8.622384e-01   8.484351e+01              1             46              0              6   1.461589e+01   1.326168e-01   7.449538e-01
         61500   8.713919e-01   8.580467e+01              1             48              0              4   1.454982e+01   1.357846e-01   7.408985e-01
         62000   8.763887e-01   5.439532e+01              1             44              0              6   1.489487e+01   1.379422e-01   7.532726e-01
         62500   8.741935e-01   5.537566e+01              1             44              0              5   1.532491e+01   1.667516e-01   7.607562e-01
         63000   9.041032e-01   5.636113e+01              1             41              0              5   1.542979e+01   1.679814e-01   7.599119e-01
         63500   8.984391e-01   5.735559e+01              2             43              0              4   1.543701e+01   1.789263e-01   7.668248e-01
         64000   9.293633e-01   5.834129e+01              1             41              0              3   1.525905e+01   2.083090e-01   7.857508e-01
         64500   9.196815e-01   3.194796e+01              1             40              0              4   1.537806e+01   2.305043e-01   7.898023e-01
         65000   9.453045e-01   3.291214e+01              2             38              0              7   1.486569e+01   2.411406e-01   7.903743e-01
         65500   9.310111e-01   3.389387e+01              1             39              0              5   1.513561e+01   2.117174e-01   7.849026e-01
         66000   9.313472e-01   6.215502e+01              2             37              0              4   1.497338e+01   2.225592e-01   8.091991e-01
         66500   9.049367e-01   6.314175e+01              1             41              0              5   1.509848e+01   2.154867e-01   7.777417e-01
         67000   9.365238e-01   3.673065e+01              1             40              0              6   1.510925e+01   2.277129e-01   8.021718e-01
         67500   9.408985e-01   3.771319e+01              1             36              0              5   1.528683e+01   2.287470e-01   7.939753e-01
         68000   9.372278e-01   3.869314e+01              1             42              0              6   1.500907e+01   2.681198e-01   8.073247e-01
         68500   9.604601e-01   3.967974e+01              1             42              0              3   1.508024e+01   2.456762e-01   8.093926e-01
         69000   9.583753e-01   4.067364e+01              1             39              0              6   1.498798e+01   2.394906e-01   7.926718e-01
         69500   9.271120e-01   6.868991e+01              1             39              0              6   1.509128e+01   2.381278e-01   7.792783e-01
         70000   9.469640e-01   4.263500e+01              1             42              0              6   1.539352e+01   2.369861e-01   7.798242e-01
         70500   9.161926e-01   7.060027e+01              1             42              0              7   1.515332e+01   2.318262e-01   7.768507e-01
         71000   9.309890e-01   4.458599e+01              1             36              0              4   1.491666e+01   2.439604e-01   7.905277e-01
         71500   9.554549e-01   4.557099e+01              3             38              0              6   1.523399e+01   2.419071e-01   7.934945e-01
         72000   9.443519e-01   4.656552e+01              1             37              0              4   1.517311e+01   2.516205e-01   7.959624e-01
         72500   9.367232e-01   4.754267e+01              1             39              0              7   1.507062e+01   2.391080e-01   7.858800e-01
         73000   9.261858e-01   7.524997e+01              2             40              0              6   1.480595e+01   2.252914e-01   7.711323e-01
         73500   9.457342e-01   4.950664e+01              2             39              0              7   1.516176e+01   2.219830e-01   7.669242e-01
         74000   9.345259e-01   7.708281e+01              2             38              0              5   1.511992e+01   2.088788e-01   7.782333e-01
         74500   9.561077e-01   5.147135e+01              2             36              0              5   1.512762e+01   2.246158e-01   7.920673e-01
         75000   9.928179e-01   5.244223e+01              1             35              0              5   1.495635e+01   2.284467e-01   7.877622e-01
         75500   9.639169e-01   5.342915e+01              1             37              0              6   1.498301e+01   2.188866e-01   7.723055e-01
         76000   9.783092e-01   5.441470e+01              1             37              0              6   1.518345e+01   2.387777e-01   7.844193e-01
         76500   9.757307e-01   5.539121e+01              2             41              0              5   1.515194e+01   2.362885e-01   7.665623e-01
         77000   1.006042e+00   3.511359e+01              2             38              0              7   1.514304e+01   2.374718e-01   7.832552e-01
         77500   9.945093e-01   3.610966e+01              2             37              0              5   1.482134e+01   2.226360e-01   7.777440e-01
         78000   9.722589e-01   5.820898e+01              1             42              0              6   1.489915e+01   2.312769e-01   7.764143e-01
         78500   9.665111e-01   5.916389e+01              1             39              0              5   1.478130e+01   2.201739e-01   7.625136e-01
         79000   9.688492e-01   6.015481e+01              1             40              0              4   1.475323e+01   2.282477e-01   7.722427e-01
         79500   9.670170e-01   6.114799e+01              1             44              0              7   1.496195e+01   2.321558e-01   7.612529e-01
         80000   9.546654e-01   6.213884e+01              2             43              0              6   1.499140e+01   2.186528e-01   7.647736e-01
         80500   9.684338e-01   6.313657e+01              2             41              0              5   1.468874e+01   2.206199e-01   7.699854e-01
         81000   9.961243e-01   4.265931e+01              1             32              0              5   1.490314e+01   2.300092e-01   7.980047e-01
         81500   9.965294e-01   6.501122e+01              1             35              0              5   1.465443e+01   2.147731e-01   7.700580e-01
         82000   1.012932e+00   4.463065e+01              1             36              0              5   1.487430e+01   2.205174e-01   7.801234e-01
         82500   1.022534e+00   4.559739e+01              2             37              0              6   1.493055e+01   2.306315e-01   7.848609e-01
         83000   1.043498e+00   2.864540e+01              1             33              0              6   1.502821e+01   2.399246e-01   7.916022e-01
         83500   1.040885e+00   2.963486e+01              3             36              0              5   1.506284e+01   2.402112e-01   7.864360e-01
         84000   1.055503e+00   3.062603e+01              1             34              0              5   1.512142e+01   2.334338e-01   7.883622e-01
         84500   1.050454e+00   3.162196e+01              2             33              0              6   1.504808e+01   2.367584e-01   7.866227e-01
         85000   1.086803e+00   1.845932e+01              1             31              0              5   1.524233e+01   2.439272e-01   7.977189e-01
         85500   1.058310e+00   3.359685e+01              1             34              0              4   1.528884e+01   2.331684e-01   7.947196e-01
         86000   1.056477e+00   3.459420e+01              2             32              0              6   1.514719e+01   2.363602e-01   8.056472e-01
         86500   1.045776e+00   5.281486e+01              2             34              0              7   1.544984e+01   2.600423e-01   8.111318e-01
         87000   1.071020e+00   3.656598e+01              1             33              0              6   1.577908e+01   2.547807e-01   8.183993e-01
         87500   1.101273e+00   2.286976e+01              1             36              0              6   1.586743e+01   2.514386e-01   8.047739e-01
         88000   1.122057e+00   2.385969e+01              2             34              0              5   1.516459e+01   2.924012e-01   8.274801e-01
         88500   1.134984e+00   2.483564e+01              2             29              0              7   1.550652e+01   2.828358e-01   8.408766e-01
         89000   1.104526e+00   2.582647e+01              2             34              0              5   1.574566e+01   2.892348e-01   8.305308e-01
         89500   1.098498e+00   2.681907e+01              1             32              0              5   1.552004e+01   2.681727e-01   8.246940e-01
         90000   1.063834e+00   4.199820e+01              2             34              0              4   1.534427e+01   2.612046e-01   8.192909e-01
         90500   1.093255e+00   2.865772e+01              2             33              0              2   1.534489e+01   2.725561e-01   8.209186e-01
         91000   1.075261e+00   4.397234e+01              2             35              0              4   1.531940e+01   2.713228e-01   8.162509e-01
         91500   1.092274e+00   4.495123e+01              1             33              0              6   1.557370e+01   2.667104e-01   8.244474e-01
         92000   1.066106e+00   4.592252e+01              2             33              0              5   1.563526e+01   2.627431e-01   8.199514e-01
         92500   1.073407e+00   4.690666e+01              1             33              0              4   1.584739e+01   2.597695e-01   8.225393e-01
         93000   1.035040e+00   6.261754e+01              1             36              0              3   1.568095e+01   2.551760e-01   8.111878e-01
         93500   1.056877e+00   4.886854e+01              2             33              0              6   1.550633e+01   2.558078e-01   8.153348e-01
         94000   1.028577e+00   6.450128e+01              1             34              0              5   1.519862e+01   2.442655e-01   8.033497e-01
         94500   1.043653e+00   5.078336e+01              2             37              0              6   1.528232e+01   2.512018e-01   7.933741e-01
         95000   1.032932e+00   5.176796e+01              1             37              0              4   1.541506e+01   2.439152e-01   7.987794e-01
         95500   1.058134e+00   5.273331e+01              1             36              0              6   1.526378e+01   2.422712e-01   7.966142e-01
         96000   1.073111e+00   5.372898e+01              1             33              0              4   1.533955e+01   2.569755e-01   8.111958e-01
         96500   1.078249e+00   5.469996e+01              1             35              0              6   1.500730e+01   2.386138e-01   8.040800e-01
         97000   1.093435e+00   3.997980e+01              1             34              0              4   1.517116e+01   2.476525e-01   7.903100e-01
         97500   1.093047e+00   5.666258e+01              1             34              0              3   1.563890e+01   2.488890e-01   7.986639e-01
         98000   1.098457e+00   4.191714e+01              1             34              0              4   1.563320e+01   2.244667e-01   8.033775e-01
         98500   1.096745e+00   4.290257e+01              1             34              0              6   1.576615e+01   2.282014e-01   7.917545e-01
         99000   1.107802e+00   4.386916e+01              1             37              0              5   1.548941e+01   2.192142e-01   8.082254e-01
         99500   1.108358e+00   4.486051e+01              1             34              0              5   1.551310e+01   2.313597e-01   8.071596e-01
        100000   1.115396e+00   4.584613e+01              1             34              0              5   1.567427e+01   2.308878e-01   8.277508e-01
        100500   1.110851e+00   4.683280e+01              1             33              0              3   1.549702e+01   2.350713e-01   8.209494e-01
        101000   1.131823e+00   4.781914e+01              2             35              0              6   1.553112e+01   2.373433e-01   8.269453e-01
        101500   1.170153e+00   3.254627e+01              1             34              0              7   1.539743e+01   2.790492e-01   8.555767e-01
        102000   1.178427e+00   3.354301e+01              1             34              0              6   1.566493e+01   2.786276e-01   8.500752e-01
        102500   1.182823e+00   3.451630e+01              1             35              0              5   1.544250e+01   2.865620e-01   8.501085e-01
        103000   1.179268e+00   3.550041e+01              1             33              0              5   1.555608e+01   2.624144e-01   8.390916e-01
        103500   1.172115e+00   3.649872e+01              1             32              0              3   1.536734e+01   2.797818e-01   8.386112e-01
        104000   1.209404e+00   2.299116e+01              1             28              0              5   1.516428e+01   2.793620e-01   8.397204e-01
        104500   1.234178e+00   2.397422e+01              1             27              0              4   1.553320e+01   2.994003e-01   8.563054e-01
        105000   1.251262e+00   1.390234e+01              1             28              0              4   1.556903e+01   3.312398e-01   8.786703e-01
        105500   1.243785e+00   2.590426e+01              1             27              0              4   1.586904e+01   3.313464e-01   8.940736e-01
        106000   1.236410e+00   2.686580e+01              1             29              0              4   1.524423e+01   3.486314e-01   8.940895e-01
        106500   1.228192e+00   2.783650e+01              1             29              0              5   1.538488e+01   3.688360e-01   9.027925e-01
        107000   1.207732e+00   2.883323e+01              1             29              0              6   1.549461e+01   3.579338e-01   8.935361e-01
        107500   1.180665e+00   4.314575e+01              1             30              0              7   1.510910e+01   3.370986e-01   8.691014e-01
        108000   1.206541e+00   3.077713e+01              1             31              0              6   1.539802e+01   3.345879e-01   8.786630e-01
        108500   1.242186e+00   2.016893e+01              1             30              0              6   1.554823e+01   3.401884e-01   8.841182e-01
        109000   1.213254e+00   3.273216e+01              1             29              0              5   1.538308e+01   3.337883e-01   8.746083e-01
        109500   1.220935e+00   3.372615e+01              1             28              0              4   1.597590e+01   3.603557e-01   8.973133e-01
        110000   1.227657e+00   3.471184e+01              1             30              0              5   1.569185e+01   3.668734e-01   9.010782e-01
        110500   1.239997e+00   3.570148e+01              1             28              0              4   1.548813e+01   3.648673e-01   8.995963e-01
        111000   1.236162e+00   3.667369e+01              1             29              0              4   1.573368e+01   3.773934e-01   8.974245e-01
        111500   1.229486e+00   3.765863e+01              1             28              0              5   1.609727e+01   3.683951e-01   8.946034e-01
        112000   1.194935e+00   3.865328e+01              1             31              0              4   1.605504e+01   3.397762e-01   8.920359e-01
        112500   1.156633e+00   5.159883e+01              1             29              0              5   1.563350e+01   3.272816e-01   8.589517e-01
        113000   1.118881e+00   6.330685e+01              1             34              0              5   1.569766e+01   3.148459e-01   8.440759e-01
        113500   1.112196e+00   6.430433e+01              1             35              0              5   1.535425e+01   3.006499e-01   8.292794e-01
        114000   1.121912e+00   6.529437e+01              1             36              0              4   1.565985e+01   2.965523e-01   8.329585e-01
        114500   1.127774e+00   6.628094e+01              1             35              0              6   1.563108e+01   3.036109e-01   8.370149e-01
        115000   1.152656e+00   5.625880e+01              1             31              0              4   1.535298e+01   2.912361e-01   8.257579e-01
        115500   1.159642e+00   5.725476e+01              1             32              0              5   1.540837e+01   2.771802e-01   8.354239e-01
        116000   1.130617e+00   6.909432e+01              2             32              0              4   1.573105e+01   3.095023e-01   8.428176e-01
        116500   1.105192e+00   7.009019e+01              1             32              0              6   1.528909e+01   3.089769e-01   8.329541e-01
        117000   1.113374e+00   7.108400e+01              2             37              0              4   1.556789e+01   3.087289e-01   8.414004e-01
        117500   1.102409e+00   7.207745e+01              1             36              0              5   1.554087e+01   2.966558e-01   8.269197e-01
        118000   1.136110e+00   7.306115e+01              1             35              0              6   1.558872e+01   3.123190e-01   8.586714e-01
        118500   1.110998e+00   7.404656e+01              1             32              0              3   1.569633e+01   3.308360e-01   8.588273e-01
        119000   1.134554e+00   7.503168e+01              2             32              0              4   1.570801e+01   3.250436e-01   8.513524e-01
        119500   1.165881e+00   6.451326e+01              1             32              0              5   1.553205e+01   3.181983e-01   8.507046e-01
        120000   1.161982e+00   6.550965e+01              1             36              0              6   1.515113e+01   3.193074e-01   8.444089e-01
        120500   1.195009e+00   5.096601e+01              1             31              0              5   1.590900e+01   3.196992e-01   8.585632e-01
        121000   1.216443e+00   5.195074e+01              1             29              0              5   1.601555e+01   3.240658e-01   8.607943e-01
        121500   1.204904e+00   5.294748e+01              1             27              0              4   1.588523e+01   3.401752e-01   8.701768e-01
        122000   1.228438e+00   5.393071e+01              1             34              0              5   1.610471e+01   3.356995e-01   8.626415e-01
        122500   1.287584e+00   3.777750e+01              1             29              0              4   1.555149e+01   3.429467e-01   8.876303e-01
        123000   1.285582e+00   3.875804e+01              1             28              0              5   1.593852e+01   3.535521e-01   8.929402e-01
        123500   1.293107e+00   2.428909e+01              1             29              0              4   1.605376e+01   3.622425e-01   8.844479e-01
        124000   1.309843e+00   2.528119e+01              1             26              0              5   1.645395e+01   3.865722e-01   9.122904e-01
        124500   1.303703e+00   2.627163e+01              1             31              0              5   1.580778e+01   3.763696e-01   9.024360e-01
        125000   1.348662e+00   1.525485e+01              1             29              0              4   1.617389e+01   4.033725e-01   9.253712e-01
        125500   1.362012e+00   1.623762e+01              1             27              0              4   1.632348e+01   4.014559e-01   9.204434e-01
        126000   1.323867e+00   2.912558e+01              1             27              0              4   1.623259e+01   3.777530e-01   9.010457e-01
        126500   1.351316e+00   1.813445e+01              1             26              0              2   1.586915e+01   4.042137e-01   9.240726e-01
        127000   1.367297e+00   1.912918e+01              1             26              0              4   1.663202e+01   4.116573e-01   9.320110e-01
        127500   1.344073e+00   3.189653e+01              1             29              0              3   1.613519e+01   4.090520e-01   9.281680e-01
        128000   1.341421e+00   2.106688e+01              1             28              0              4   1.580236e+01   3.822605e-01   9.152734e-01
        128500   1.339324e+00   3.384039e+01              1             28              0              3   1.592902e+01   3.595284e-01   8.946568e-01
        129000   1.341139e+00   3.481050e+01              1             21              0              3   1.568119e+01   3.707818e-01   8.988900e-01
        129500   1.355112e+00   2.397096e+01              1             26              0              3   1.639370e+01   3.739000e-01   9.079554e-01
        130000   1.348742e+00   2.496065e+01              1             27              0              6   1.565232e+01   3.653898e-01   8.994173e-01
        130500   1.344641e+00   2.594839e+01              1             29              0              4   1.590243e+01   3.515478e-01   8.875534e-01
        131000   1.351787e+00   2.693671e+01              1             30              0              4   1.554555e+01   3.432444e-01   8.924720e-01
        131500   1.369491e+00   2.793543e+01              1             29              0              4   1.550553e+01   3.686382e-01   9.045764e-01
        132000   1.349748e+00   2.892622e+01              1             29              0              5   1.596517e+01   3.609526e-01   9.056327e-01
        132500   1.341750e+00   2.991371e+01              1             30              0              5   1.568647e+01   3.615670e-01   9.043357e-01
        133000   1.370010e+00   3.090931e+01              1             30              0              4   1.575983e+01   3.912927e-01   9.202012e-01
        133500   1.376057e+00   3.190057e+01              1             29              0              3   1.639751e+01   3.991326e-01   9.274532e-01
        134000   1.404237e+00   2.201754e+01              1             31              0              3   1.619136e+01   4.257457e-01   9.433902e-01
        134500   1.397978e+00   2.300689e+01              1             29              0              3   1.639871e+01   4.385042e-01   9.476288e-01
        135000   1.393482e+00   2.396700e+01              1             29              0              3   1.603154e+01   4.211003e-01   9.320204e-01
        135500   1.360122e+00   3.575432e+01              1             30              0              2   1.613901e+01   4.201940e-01   9.217375e-01
        136000   1.345884e+00   3.674075e+01              1             28              0              3   1.588540e+01   4.278916e-01   9.432442e-01
        136500   1.373792e+00   3.773572e+01              1             30              0              4   1.587221e+01   4.492818e-01   9.472140e-01
        137000   1.414228e+00   2.754392e+01              1             27              0              4   1.597802e+01   4.432261e-01   9.521155e-01
        137500   1.417845e+00   2.853364e+01              1             28              0              4   1.599039e+01   4.536177e-01   9.491980e-01
        138000   1.426259e+00   2.952582e+01              1             28              0              4   1.596889e+01   4.518629e-01   9.519569e-01
        138500   1.441940e+00   3.046342e+01              1             29              0              5   1.585952e+01   4.456761e-01   9.486210e-01
        139000   1.438872e+00   2.040517e+01              1             29              0              2   1.608825e+01   4.606921e-01   9.669465e-01
        139500   1.463484e+00   2.138947e+01              1             28              0              5   1.612500e+01   4.602737e-01   9.599854e-01
        140000   1.435089e+00   2.237122e+01              1             28              0              4   1.616881e+01   4.706125e-01   9.627248e-01
        140500   1.444554e+00   2.331920e+01              1             27              0              5   1.588040e+01   4.814786e-01   9.728849e-01
        141000   1.441008e+00   3.522081e+01              1             26              0              4   1.594768e+01   4.834129e-01   9.701209e-01
        141500   1.467480e+00   2.526796e+01              1             26              0              6   1.573487e+01   4.984422e-01   9.713004e-01
        142000   1.462430e+00   2.625673e+01              1             25              0              4   1.598624e+01   5.022228e-01   9.800041e-01
        142500   1.472098e+00   2.723440e+01              1             25              0              5   1.579712e+01   4.789292e-01   9.692523e-01
        143000   1.460251e+00   2.823120e+01              1             24              0              4   1.587548e+01   4.651561e-01   9.606652e-01
        143500   1.491456e+00   1.867016e+01              1             25              0              2   1.580279e+01   4.791716e-01   9.655684e-01
        144000   1.474353e+00   3.018510e+01              1             25              0              5   1.562014e+01   4.779445e-01   9.608063e-01
        144500   1.489953e+00   2.052410e+01              1             24              0              2   1.579136e+01   4.767409e-01   9.676619e-01
        145000   1.483162e+00   2.146333e+01              1             24              0              3   1.543999e+01   4.799068e-01   9.616086e-01
        145500   1.498634e+00   2.243943e+01              1             23              0              2   1.583182e+01   4.947453e-01   9.790031e-01
        146000   1.463359e+00   3.408768e+01              1             24              0              4   1.606404e+01   4.836777e-01   9.641374e-01
        146500   1.526960e+00   2.431912e+01              1             26              0              3   1.600244e+01   5.164782e-01   9.920403e-01
        147000   1.525183e+00   2.531640e+01              1             24              0              4   1.650300e+01   5.479414e-01   1.017866e+00
        147500   1.512072e+00   2.631091e+01              1             24              0              3   1.646054e+01   5.139599e-01   9.927563e-01
        148000   1.474608e+00   3.767863e+01              1             25              0              3   1.641861e+01   5.289056e-01   1.003244e+00
        148500   1.473903e+00   3.867303e+01              1             26              0              4   1.600521e+01   5.310432e-01   9.994940e-01
        149000   1.485469e+00   3.965524e+01              1             27              0              4   1.609243e+01   5.438442e-01   9.978644e-01
        149500   1.469735e+00   4.064129e+01              1             25              0              3   1.554855e+01   5.268560e-01   9.967360e-01
        150000   1.460367e+00   4.163849e+01              1             30              0              5   1.628644e+01   5.285017e-01   9.964599e-01
        150500   1.456853e+00   4.262962e+01              1             31              0              6   1.618476e+01   5.152889e-01   9.944430e-01
        151000   1.478115e+00   4.362529e+01              1             31              0              5   1.597011e+01   5.368938e-01   1.001135e+00
        151500   1.469906e+00   4.460582e+01              1             30              0              6   1.593754e+01   5.633821e-01   1.021464e+00
        152000   1.476330e+00   4.560298e+01              1             28              0              3   1.640538e+01   5.590014e-01   1.010180e+00
        152500   1.497843e+00   3.540490e+01              1             25              0              2   1.632472e+01   5.667641e-01   1.015168e+00
        153000   1.462295e+00   4.756447e+01              1             25              0              4   1.659407e+01   5.724131e-01   1.012106e+00
        153500   1.497635e+00   3.719107e+01              1             23              0              4   1.622060e+01   5.730054e-01   1.020214e+00
        154000   1.503170e+00   3.818216e+01              1             23              0              3   1.646403e+01   5.781319e-01   1.030426e+00
        154500   1.505867e+00   3.914864e+01              1             27              0              2   1.667211e+01   5.839511e-01   1.039527e+00
        155000   1.533458e+00   4.013896e+01              1             28              0              4   1.632110e+01   5.898988e-01   1.041434e+00
        155500   1.545503e+00   2.755358e+01              1             32              0              2   1.647682e+01   5.873740e-01   1.032674e+00
        156000   1.510268e+00   4.208710e+01              1             28              0              4   1.646019e+01   5.976534e-01   1.048962e+00
        156500   1.514334e+00   4.308111e+01              1             28              0              3   1.656806e+01   5.963986e-01   1.047482e+00
        157000   1.468964e+00   5.464207e+01              1             30              0              3   1.655579e+01   6.047367e-01   1.050137e+00
        157500   1.499866e+00   4.498404e+01              1             30              0              3   1.642015e+01   6.040878e-01   1.053742e+00
        158000   1.481674e+00   5.655418e+01              2             28              0              3   1.633952e+01   5.996670e-01   1.042211e+00
        158500   1.482807e+00   5.747057e+01              1             29              0              4   1.599968e+01   5.992517e-01   1.040337e+00
        159000   1.485369e+00   5.844921e+01              1             27              0              3   1.625162e+01   5.882704e-01   1.038748e+00
        159500   1.490713e+00   5.942770e+01              1             24              0              2   1.624870e+01   5.889226e-01   1.033245e+00
        160000   1.509744e+00   4.982094e+01              1             26              0              2   1.638303e+01   6.174867e-01   1.039360e+00
        160500   1.503360e+00   5.081408e+01              1             24              0              3   1.635064e+01   6.341830e-01   1.054722e+00
        161000   1.522690e+00   5.180940e+01              0             25              0              2   1.648658e+01   6.247289e-01   1.043822e+00
        161500   1.512312e+00   5.279869e+01              1             25              0              1   1.627990e+01   6.222942e-01   1.042879e+00
        162000   1.513595e+00   5.379268e+01              1             26              0              3   1.584973e+01   6.256461e-01   1.035774e+00
        162500   1.541081e+00   5.477143e+01              1             26              0              3   1.602054e+01   6.195540e-01   1.040893e+00
        163000   1.551902e+00   4.010910e+01              1             26              0              3   1.604209e+01   6.335630e-01   1.050735e+00
        163500   1.523230e+00   5.662321e+01              1             26              0              3   1.608707e+01   6.052622e-01   1.032401e+00
        164000   1.523105e+00   5.761657e+01              1             24              0              4   1.596886e+01   5.990590e-01   1.042965e+00
        164500   1.528341e+00   5.861005e+01              1             26              0              2   1.627290e+01   5.845668e-01   1.024481e+00
        165000   1.529201e+00   5.959395e+01              1             27              0              4   1.561652e+01   5.930648e-01   1.037340e+00
        165500   1.521500e+00   6.057461e+01              1             27              0              3   1.597569e+01   5.835579e-01   1.016720e+00
        166000   1.511834e+00   6.156932e+01              1             24              0              2   1.553080e+01   5.943545e-01   1.026650e+00
        166500   1.555030e+00   4.660298e+01              1             24              0              1   1.594965e+01   5.966437e-01   1.035116e+00
        167000   1.581824e+00   4.758701e+01              1             22              0              2   1.651813e+01   5.806347e-01   1.010463e+00
        167500   1.592131e+00   3.054878e+01              0             19              0              3   1.652810e+01   5.954220e-01   1.039838e+00
        168000   1.603747e+00   3.153315e+01              0             16              0              1   1.637257e+01   6.113907e-01   1.050654e+00
        168500   1.581732e+00   5.042408e+01              1             23              0              3   1.649133e+01   6.074935e-01   1.043159e+00
        169000   1.615187e+00   3.345483e+01              1             18              0              3   1.634008e+01   6.149499e-01   1.054695e+00
        169500   1.636191e+00   3.441326e+01              0             17              0              3   1.661224e+01   6.161990e-01   1.059416e+00
        170000   1.619036e+00   3.540112e+01              1             19              0              3   1.581701e+01   6.083283e-01   1.045024e+00
        170500   1.619234e+00   3.637548e+01              0             13              0              1   1.580154e+01   6.022340e-01   1.037199e+00
        171000   1.592940e+00   3.734952e+01              0             14              0              2   1.563828e+01   5.656028e-01   1.011895e+00
        171500   1.570707e+00   3.832559e+01              0             17              0              2   1.631026e+01   5.978833e-01   1.039007e+00
        172000   1.550410e+00   5.662799e+01              1             18              0              2   1.625303e+01   5.564492e-01   1.014569e+00
        172500   1.587670e+00   4.014195e+01              0             16              0              2   1.642259e+01   5.721132e-01   1.025742e+00
        173000   1.607001e+00   4.113446e+01              1             18              0              2   1.664144e+01   5.978303e-01   1.039486e+00
        173500   1.629006e+00   4.211676e+01              0             17              0              3   1.658004e+01   5.837148e-01   1.028126e+00
        174000   1.664516e+00   2.652639e+01              0             16              0              2   1.678161e+01   5.865741e-01   1.030712e+00
        174500   1.625991e+00   4.402575e+01              0             16              0              2   1.699047e+01   5.652251e-01   1.021832e+00
        175000   1.618413e+00   4.500699e+01              1             20              0              2   1.698822e+01   5.736405e-01   1.030635e+00
        175500   1.665167e+00   2.938840e+01              0             16              0              3   1.654946e+01   5.863316e-01   1.023083e+00
        176000   1.687894e+00   3.037222e+01              0             15              0              4   1.698128e+01   6.027207e-01   1.037943e+00
        176500   1.707453e+00   1.809191e+01              0             15              0              2   1.701951e+01   6.157792e-01   1.047624e+00
        177000   1.641426e+00   3.229464e+01              0             15              0              2   1.686816e+01   5.965801e-01   1.034858e+00
        177500   1.672709e+00   3.327592e+01              0             15              0              2   1.688306e+01   5.846183e-01   1.019773e+00
        178000   1.716035e+00   2.081607e+01              0             10              0              1   1.649055e+01   5.531957e-01   9.914360e-01
        178500   1.713307e+00   2.180841e+01              1             11              0              2   1.659099e+01   5.789304e-01   1.025964e+00
        179000   1.663372e+00   3.603278e+01              0             15              0              2   1.623303e+01   5.747896e-01   1.019529e+00
        179500   1.669446e+00   3.702972e+01              0             13              0              2   1.647512e+01   5.736463e-01   1.012050e+00
        180000   1.691734e+00   2.461275e+01              0             11              0              2   1.668143e+01   5.721560e-01   1.018035e+00
        180500   1.679658e+00   3.899940e+01              0             10              0              2   1.656970e+01   5.759109e-01   1.007235e+00
        181000   1.681556e+00   3.998432e+01              0             14              0              2   1.692689e+01   5.921453e-01   1.021317e+00
        181500   1.753935e+00   1.632358e+01              0             10              0              1   1.652538e+01   5.958804e-01   1.032983e+00
        182000   1.759888e+00   1.731999e+01              0             11              0              3   1.648010e+01   5.698650e-01   1.017948e+00
        182500   1.753752e+00   1.828420e+01              0             11              0              2   1.619887e+01   5.710665e-01   1.019502e+00
        183000   1.754053e+00   1.926894e+01              0             12              0              3   1.626450e+01   5.713037e-01   1.021824e+00
        183500   1.767104e+00   2.026012e+01              0             13              0              3   1.630641e+01   5.696499e-01   1.022952e+00
        184000   1.752841e+00   2.125598e+01              0             11              0              3   1.636002e+01   5.616671e-01   1.018543e+00
        184500   1.793172e+00   1.336871e+01              0             12              0              2   1.671430e+01   5.822825e-01   1.034342e+00
        185000   1.839339e+00   1.434562e+01              0              8              0              3   1.641684e+01   5.611990e-01   1.015839e+00
        185500   1.841948e+00   1.531505e+01              0             10              0              3   1.647151e+01   5.700576e-01   1.020989e+00
        186000   1.812821e+00   1.630427e+01              0             10              0              2   1.663190e+01   5.666792e-01   1.026802e+00
        186500   1.819982e+00   1.729991e+01              0             11              0              2   1.645658e+01   5.631272e-01   1.030962e+00
        187000   1.796804e+00   2.659831e+01              0             10              0              2   1.641094e+01   5.531302e-01   1.023588e+00
        187500   1.758320e+00   2.757314e+01              0             11              0              3   1.637479e+01   5.715215e-01   1.026712e+00
        188000   1.784779e+00   2.856460e+01              0              9              0              2   1.593269e+01   5.605469e-01   1.003581e+00
        188500   1.747280e+00   3.845030e+01              0             10              0              3   1.639943e+01   5.367337e-01   9.978586e-01
        189000   1.725392e+00   3.943815e+01              0             11              0              3   1.663780e+01   5.447569e-01   1.010931e+00
        189500   1.707866e+00   4.043538e+01              0             11              0              2   1.651222e+01   5.435593e-01   1.004841e+00
        190000   1.674468e+00   5.079055e+01              0             11              0              2   1.588833e+01   5.423539e-01   9.908506e-01
        190500   1.666027e+00   5.178222e+01              0             11              0              2   1.649002e+01   5.221536e-01   9.861376e-01
        191000   1.700979e+00   4.319491e+01              0             11              0              3   1.656718e+01   5.567331e-01   1.023289e+00
        191500   1.713379e+00   4.415247e+01              0             11              0              1   1.617454e+01   5.448517e-01   1.008905e+00
        192000   1.728268e+00   4.514210e+01              0             12              0              1   1.628725e+01   5.593385e-01   1.033397e+00
        192500   1.718153e+00   4.611752e+01              0             12              0              3   1.620565e+01   5.619683e-01   1.031012e+00
        193000   1.746806e+00   3.687447e+01              0             11              0              2   1.621323e+01   5.363325e-01   1.013586e+00
        193500   1.761021e+00   3.786722e+01              0             11              0              2   1.616110e+01   5.506807e-01   1.018368e+00
        194000   1.784149e+00   3.886168e+01              0             12              0              2   1.652828e+01   5.913144e-01   1.041067e+00
        194500   1.762424e+00   3.984816e+01              0             12              0              2   1.666371e+01   5.925752e-01   1.036666e+00
        195000   1.763679e+00   4.084491e+01              0             11              0              2   1.690654e+01   6.018172e-01   1.038916e+00
        195500   1.780680e+00   4.183820e+01              0             11              0              2   1.641468e+01   6.033942e-01   1.039543e+00
        196000   1.767568e+00   4.283567e+01              0             11              0              2   1.683348e+01   6.073225e-01   1.046505e+00
        196500   1.803859e+00   3.220877e+01              0             10              0              2   1.685667e+01   6.106070e-01   1.050772e+00
        197000   1.818669e+00   3.320277e+01              0             11              0              2   1.694597e+01   5.865157e-01   1.045065e+00
        197500   1.798503e+00   3.415354e+01              0             11              0              1   1.670786e+01   6.059802e-01   1.049885e+00
        198000   1.785600e+00   4.657275e+01              0             13              0              2   1.679440e+01   6.042765e-01   1.049500e+00
        198500   1.775048e+00   4.756846e+01              0             12              0              2   1.689809e+01   6.147144e-01   1.046009e+00
        199000   1.776186e+00   4.855276e+01              0             11              0              2   1.670647e+01   6.177108e-01   1.038876e+00
        199500   1.764028e+00   4.955094e+01              0             11              0              2   1.669416e+01   5.997853e-01   1.032237e+00
        200000   1.767698e+00   5.054860e+01              0             11              0              2   1.676418e+01   6.065149e-01   1.032098e+00
        200500   1.779784e+00   5.154534e+01              0             11              0              1   1.688120e+01   6.119650e-01   1.040886e+00
        201000   1.794990e+00   5.252832e+01              0              9              0              2   1.718668e+01   5.773453e-01   1.022653e+00
        201500   1.773931e+00   5.350669e+01              0             10              0              3   1.713409e+01   5.859567e-01   1.041963e+00
        202000   1.775510e+00   5.449184e+01              0             11              0              2   1.702199e+01   6.204148e-01   1.061310e+00
        202500   1.752882e+00   5.545483e+01              0              9              0              0   1.660832e+01   6.053703e-01   1.018627e+00
        203000   1.691095e+00   6.746065e+01              0             11              0              2   1.666514e+01   5.810215e-01   1.014273e+00
        203500   1.705378e+00   6.472464e+01              0             12              0              3   1.659845e+01   5.818252e-01   1.017187e+00
        204000   1.709360e+00   6.572052e+01              0             12              0              2   1.687682e+01   5.730417e-01   1.018578e+00
        204500   1.738355e+00   6.671683e+01              0             11              0              2   1.703661e+01   5.957662e-01   1.043274e+00
        205000   1.729385e+00   6.771041e+01              0             11              0              3   1.660468e+01   5.914900e-01   1.034824e+00
        205500   1.746610e+00   6.062398e+01              0             10              0              2   1.663838e+01   5.943800e-01   1.039290e+00
        206000   1.749429e+00   6.159996e+01              0             10              0              2   1.664809e+01   5.995134e-01   1.034310e+00
        206500   1.731420e+00   7.061894e+01              0             11              0              2   1.670579e+01   5.980247e-01   1.033303e+00
        207000   1.724649e+00   7.160532e+01              0             11              0              3   1.649412e+01   6.272340e-01   1.050163e+00
        207500   1.703632e+00   7.259909e+01              0             11              0              2   1.660557e+01   6.162673e-01   1.034847e+00
        208000   1.731309e+00   7.359476e+01              0             11              0              2   1.615082e+01   6.047084e-01   1.018648e+00
        208500   1.759233e+00   6.619275e+01              0             10              0              3   1.672484e+01   6.081629e-01   1.015426e+00
        209000   1.720457e+00   7.549117e+01              0             11              0              2   1.669925e+01   5.930605e-01   1.007103e+00
        209500   1.722513e+00   7.647370e+01              0             11              0              2   1.691949e+01   6.173679e-01   1.028587e+00
        210000   1.755345e+00   6.889761e+01              0             10              0              3   1.679313e+01   6.300105e-01   1.043397e+00
        210500   1.826152e+00   5.384612e+01              0              9              0              0   1.673854e+01   6.436846e-01   1.052414e+00
        211000   1.835948e+00   5.483164e+01              0              9              0              2   1.663509e+01   6.395510e-01   1.053582e+00
        211500   1.870609e+00   3.669888e+01              0              8              0              2   1.700684e+01   6.200234e-01   1.051105e+00
        212000   1.905028e+00   2.099642e+01              0              8              0              1   1.657870e+01   6.463872e-01   1.067433e+00
        212500   1.915162e+00   2.198778e+01              0             10              0              3   1.652023e+01   6.520919e-01   1.067308e+00
        213000   1.963175e+00   1.162705e+01              0              8              0              2   1.649614e+01   6.595358e-01   1.074435e+00
        213500   1.932863e+00   2.389616e+01              0              8              0              3   1.675651e+01   6.536481e-01   1.069792e+00
        214000   1.992984e+00   6.784535e+00              0              7              0              2   1.676940e+01   6.413657e-01   1.064276e+00
        214500   2.016771e+00   7.770792e+00              0              5              0              2   1.686140e+01   6.645350e-01   1.075768e+00
        215000   2.011955e+00   8.766115e+00              0              6              0              2   1.674768e+01   6.402334e-01   1.055326e+00
        215500   2.006483e+00   9.749078e+00              0              5              0              2   1.658840e+01   6.094729e-01   1.030802e+00
        216000   1.972565e+00   1.728959e+01              0              5              0              1   1.679125e+01   6.276104e-01   1.041226e+00
        216500   1.963034e+00   1.827745e+01              0              6              0              2   1.682106e+01   6.492664e-01   1.056637e+00
        217000   1.936344e+00   2.936750e+01              0              7              0              3   1.711586e+01   6.155848e-01   1.036504e+00
        217500   1.921727e+00   3.035175e+01              0              7              0              2   1.724068e+01   6.185119e-01   1.047818e+00
        218000   1.962373e+00   2.114806e+01              0              7              0              3   1.699048e+01   5.937354e-01   1.013540e+00
        218500   1.970448e+00   2.214621e+01              0              6              0              2   1.723083e+01   6.032556e-01   1.012740e+00
        219000   1.988394e+00   2.313920e+01              0              7              0              2   1.697987e+01   6.096773e-01   1.019437e+00
        219500   2.013816e+00   1.661327e+01              0              7              0              2   1.726331e+01   6.321216e-01   1.044703e+00
        220000   1.976057e+00   2.503332e+01              0              9              0              2   1.727338e+01   6.637475e-01   1.064015e+00
        220500   2.003718e+00   1.855830e+01              0              8              0              2   1.699278e+01   6.291351e-01   1.027308e+00
        221000   1.997580e+00   2.689239e+01              0              8              0              2   1.676774e+01   6.333322e-01   1.034547e+00
        221500   2.017170e+00   2.054481e+01              0              8              0              2   1.630477e+01   6.301134e-01   1.037719e+00
        222000   2.047194e+00   1.457746e+01              0              8              0              2   1.663502e+01   6.452934e-01   1.048517e+00
        222500   2.049413e+00   1.552759e+01              0              5              0              2   1.693865e+01   6.222126e-01   1.036298e+00
        223000   2.077623e+00   1.652197e+01              0              6              0              2   1.714856e+01   6.316349e-01   1.054653e+00
        223500   2.050556e+00   1.750562e+01              0              6              0              1   1.690368e+01   6.222708e-01   1.034754e+00
        224000   2.056597e+00   1.849132e+01              0              5              0              2   1.667617e+01   6.318026e-01   1.037098e+00
        224500   2.076633e+00   1.948720e+01              0              4              0              2   1.683507e+01   6.545842e-01   1.041595e+00
        225000   2.081814e+00   2.048650e+01              0              7              0              1   1.702008e+01   6.496735e-01   1.042862e+00
        225500   2.082245e+00   2.147840e+01              0              4              0              1   1.680709e+01   6.426438e-01   1.044494e+00
        226000   2.019594e+00   2.870573e+01              0              7              0              1   1.688252e+01   6.448728e-01   1.039756e+00
        226500   2.020910e+00   2.969448e+01              0              7              0              2   1.695083e+01   6.351948e-01   1.037557e+00
        227000   1.989994e+00   3.067419e+01              0              7              0              1   1.678069e+01   6.432932e-01   1.046588e+00
        227500   1.949840e+00   4.212305e+01              0              8              0              2   1.705557e+01   6.087097e-01   1.025319e+00
        228000   1.933653e+00   4.308446e+01              0              9              0              2   1.678712e+01   6.135435e-01   1.020426e+00
        228500   1.960582e+00   3.845607e+01              0              8              0              1   1.686768e+01   6.245100e-01   1.039648e+00
        229000   1.972229e+00   3.944597e+01              0              7              0              1   1.730314e+01   6.053963e-01   1.034240e+00
        229500   1.944059e+00   4.040912e+01              1             11              0              2   1.692359e+01   5.779315e-01   1.021834e+00
        230000   1.947292e+00   4.138616e+01              0              9              0              2   1.688583e+01   5.690111e-01   1.008177e+00
        230500   1.924216e+00   4.779588e+01              1             11              0              2   1.721038e+01   5.994028e-01   1.024163e+00
        231000   1.919685e+00   4.879277e+01              1              9              0              2   1.720117e+01   5.773192e-01   1.017029e+00
        231500   1.930980e+00   4.978333e+01              0             10              0              2   1.715573e+01   5.628396e-01   1.006739e+00
        232000   1.930946e+00   5.075094e+01              0             11              0              2   1.713039e+01   5.769535e-01   1.024386e+00
        232500   1.975851e+00   4.605621e+01              0              9              0              2   1.714015e+01   5.893648e-01   1.036195e+00
        233000   1.950594e+00   4.703664e+01              1             10              0              2   1.731532e+01   5.712573e-01   1.018724e+00
        233500   1.983919e+00   4.802450e+01              0              9              0              0   1.691665e+01   5.903898e-01   1.019180e+00
        234000   1.935325e+00   5.436841e+01              0             10              0              1   1.695634e+01   5.604318e-01   1.001540e+00
        234500   1.965753e+00   4.995345e+01              0              9              0              2   1.699981e+01   5.755338e-01   1.014353e+00
        235000   1.941629e+00   5.627304e+01              0              9              0              3   1.710782e+01   5.796117e-01   1.028399e+00
        235500   1.994506e+00   5.191994e+01              0              7              0              3   1.724684e+01   5.853671e-01   1.034993e+00
        236000   1.992029e+00   5.289035e+01              1             10              0              2   1.734411e+01   5.701649e-01   1.021506e+00
        236500   1.985891e+00   5.382689e+01              0             14              0              2   1.773784e+01   5.619527e-01   1.020627e+00
        237000   1.983718e+00   4.678116e+01              0             14              0              2   1.726673e+01   5.733815e-01   1.017197e+00
        237500   1.994682e+00   4.769125e+01              0             13              0              1   1.704614e+01   5.560690e-01   1.006001e+00
        238000   1.986995e+00   5.675780e+01              0             15              0              2   1.715608e+01   5.644901e-01   9.898712e-01
        238500   1.946991e+00   5.773907e+01              1             14              0              1   1.719152e+01   5.661130e-01   1.005660e+00
        239000   1.976035e+00   5.871712e+01              0             15              0              2   1.698051e+01   5.666891e-01   9.969150e-01
        239500   1.923913e+00   6.374826e+01              0             15              0              2   1.706556e+01   5.651302e-01   9.876845e-01
        240000   1.939658e+00   6.062846e+01              0             15              0              2   1.677217e+01   5.659204e-01   9.928528e-01
        240500   1.926442e+00   6.570056e+01              0             16              0              2   1.668518e+01   5.570047e-01   9.846303e-01
        241000   1.901126e+00   6.972410e+01              0             15              0              2   1.689113e+01   5.541375e-01   9.760143e-01
        241500   1.912972e+00   6.768496e+01              0             15              0              2   1.666044e+01   5.529552e-01   9.795398e-01
        242000   1.969754e+00   6.416367e+01              0             15              0              2   1.685969e+01   5.487374e-01   9.664259e-01
        242500   1.917549e+00   6.960945e+01              0             14              0              2   1.698768e+01   5.375658e-01   9.697820e-01
        243000   1.907499e+00   7.059726e+01              0             16              0              2   1.679091e+01   5.436283e-01   9.695506e-01
        243500   1.900766e+00   7.401995e+01              0             15              0              1   1.691896e+01   5.527238e-01   9.832769e-01
        244000   1.920827e+00   7.255275e+01              0             15              0              1   1.697784e+01   5.645085e-01   9.834667e-01
        244500   1.939517e+00   7.353764e+01              0             16              0              2   1.708635e+01   5.697452e-01   9.987541e-01
        245000   1.936373e+00   7.452590e+01              0             15              0              2   1.671900e+01   5.469669e-01   9.764500e-01
        245500   1.919912e+00   7.549536e+01              0             16              0              3   1.705514e+01   5.567601e-01   9.858585e-01
        246000   1.919023e+00   7.649072e+01              0             15              0              2   1.698408e+01   5.442514e-01   9.750232e-01
        246500   1.948931e+00   7.203965e+01              0             14              0              1   1.682813e+01   5.590179e-01   9.848499e-01
        247000   1.951715e+00   7.301418e+01              0             15              0              2   1.694260e+01   5.493290e-01   9.888483e-01
        247500   1.969011e+00   7.400090e+01              0             15              0              2   1.704684e+01   5.563124e-01   1.002989e+00
        248000   1.954718e+00   7.497976e+01              0             15              0              1   1.694264e+01   5.291478e-01   9.830825e-01
        248500   1.954016e+00   7.597033e+01              0             15              0              1   1.686881e+01   5.280850e-01   9.898911e-01
        249000   1.969540e+00   7.696571e+01              0             15              0              2   1.698230e+01   5.460265e-01   9.984170e-01
        249500   2.072333e+00   4.621238e+01              0             15              0              2   1.695042e+01   5.603360e-01   1.011831e+00
        250000   2.095651e+00   2.858584e+01              0             15              0              2   1.715028e+01   5.768825e-01   1.024496e+00
        250500   2.152178e+00   1.540771e+01              1             12              0              2   1.702899e+01   5.551055e-01   1.005726e+00
        251000   2.176194e+00   1.639021e+01              1             13              0              2   1.760553e+01   5.722106e-01   1.033785e+00
        251500   2.169502e+00   1.738630e+01              1             13              0              2   1.734406e+01   5.594403e-01   1.014074e+00
        252000   2.184910e+00   1.837043e+01              1             13              0              2   1.744145e+01   5.710574e-01   1.019634e+00
        252500   2.168467e+00   1.934620e+01              0             14              0              1   1.731387e+01   5.698003e-01   1.013326e+00
        253000   2.180601e+00   2.033683e+01              0             12              0              2   1.709240e+01   5.574030e-01   1.000495e+00
        253500   2.156411e+00   2.132722e+01              1             12              0              2   1.739069e+01   5.441383e-01   9.922209e-01
        254000   2.130022e+00   3.565649e+01              0             13              0              1   1.715902e+01   5.365721e-01   9.859067e-01
        254500   2.134220e+00   3.663981e+01              1             13              0              2   1.718757e+01   5.297668e-01   9.869813e-01
        255000   2.197425e+00   1.443860e+01              1             11              0              1   1.717473e+01   5.499884e-01   9.952469e-01
        255500   2.169991e+00   2.515798e+01              1             12              0              2   1.720924e+01   5.126442e-01   9.748981e-01
        256000   2.156753e+00   2.614716e+01              1             12              0              2   1.762654e+01   5.428702e-01   9.867116e-01
        256500   2.232747e+00   9.813029e+00              1             12              0              2   1.779402e+01   5.479355e-01   1.002484e+00
        257000   2.223552e+00   1.815754e+01              1             12              0              1   1.765694e+01   5.366370e-01   9.986353e-01
        257500   2.232616e+00   1.914999e+01              0             12              0              1   1.786233e+01   5.416960e-01   9.990447e-01
        258000   2.255859e+00   1.261152e+01              1             15              0              2   1.781113e+01   5.659447e-01   1.018647e+00
        258500   2.231960e+00   2.107564e+01              1             12              0              1   1.738109e+01   5.656590e-01   9.967442e-01
        259000   2.212709e+00   2.206918e+01              1             16              0              2   1.750541e+01   5.706275e-01   1.006191e+00
        259500   2.257526e+00   1.540163e+01              1             15              0              0   1.752794e+01   5.847360e-01   1.013957e+00
        260000   2.240989e+00   2.403095e+01              1             16              0              2   1.738774e+01   5.562313e-01   9.975648e-01
        260500   2.212150e+00   2.502320e+01              2             18              0              3   1.766422e+01   5.713068e-01   1.017706e+00
        261000   2.207723e+00   2.601483e+01              1             16              0              2   1.767662e+01   5.704357e-01   1.005067e+00
        261500   2.184748e+00   3.546837e+01              1             17              0              2   1.758420e+01   5.525889e-01   9.931968e-01
        262000   2.184184e+00   2.787472e+01              1             17              0              2   1.767247e+01   5.255067e-01   9.844956e-01
        262500   2.141674e+00   3.745122e+01              1             17              0              1   1.722657e+01   5.261049e-01   9.761286e-01
        263000   2.120523e+00   4.827890e+01              1             15              0              2   1.725814e+01   4.983115e-01   9.662235e-01
        263500   2.104998e+00   4.927118e+01              1             16              0              1   1.764466e+01   5.034033e-01   9.702445e-01
        264000   2.130346e+00   5.025989e+01              1             18              0              2   1.728171e+01   5.139358e-01   9.668377e-01
        264500   2.153739e+00   4.109374e+01              2             18              0              3   1.720538e+01   5.531804e-01   9.998175e-01
        265000   2.137746e+00   5.220916e+01              2             17              0              3   1.716907e+01   5.566924e-01   9.964547e-01
        265500   2.164951e+00   4.302621e+01              2             17              0              2   1.693228e+01   5.462899e-01   9.741018e-01
        266000   2.156734e+00   4.402408e+01              2             18              0              3   1.691572e+01   5.450104e-01   9.550639e-01
        266500   2.154710e+00   4.500321e+01              1             16              0              3   1.707042e+01   5.683641e-01   9.799924e-01
        267000   2.180548e+00   4.598662e+01              1             18              0              2   1.711301e+01   5.598596e-01   9.747035e-01
        267500   2.183678e+00   4.695901e+01              1             16              0              3   1.725434e+01   5.593087e-01   9.897262e-01
        268000   2.154613e+00   4.795505e+01              2             17              0              2   1.727448e+01   5.341060e-01   9.702963e-01
        268500   2.146737e+00   5.846455e+01              2             18              0              2   1.773908e+01   5.322278e-01   9.748103e-01
        269000   2.193903e+00   4.992501e+01              2             17              0              1   1.743242e+01   5.498185e-01   9.885373e-01
        269500   2.205058e+00   3.997478e+01              0             16              0              1   1.756243e+01   5.183868e-01   9.796990e-01
        270000   2.190180e+00   5.181420e+01              1             15              0              0   1.781330e+01   5.334713e-01   9.899642e-01
        270500   2.177449e+00   4.190259e+01              0             14              0              0   1.763634e+01   5.243976e-01   9.841502e-01
        271000   2.185350e+00   5.377577e+01              0             15              0              0   1.729693e+01   4.989140e-01   9.602224e-01
        271500   2.189084e+00   5.474406e+01              1             16              0              0   1.781746e+01   4.935260e-01   9.636381e-01
        272000   2.214862e+00   4.472167e+01              0             15              0              0   1.721739e+01   5.067557e-01   9.488138e-01
        272500   2.245179e+00   4.570391e+01              1             18              0              0   1.753798e+01   5.019929e-01   9.509868e-01
        273000   2.288501e+00   3.309488e+01              0             16              0              0   1.783189e+01   5.097118e-01   9.599435e-01
        273500   2.275575e+00   3.407753e+01              0             17              0              1   1.742675e+01   5.120651e-01   9.563282e-01
        274000   2.258379e+00   3.507276e+01              0             16              0              1   1.729164e+01   5.122837e-01   9.374388e-01
        274500   2.268774e+00   3.607037e+01              0             16              0              1   1.715234e+01   5.111759e-01   9.391197e-01
        275000   2.327366e+00   2.347339e+01              0             15              0              0   1.718932e+01   5.199484e-01   9.471427e-01
        275500   2.349019e+00   2.442336e+01              0             16              0              0   1.728748e+01   5.543590e-01   9.724118e-01
        276000   2.381278e+00   1.446894e+01              1             16              0              0   1.723863e+01   5.413876e-01   9.649020e-01
        276500   2.438324e+00   8.211360e+00              1             13              0              0   1.709327e+01   5.561941e-01   9.594376e-01
        277000   2.469599e+00   4.986628e+00              1             18              0              0   1.742158e+01   5.649170e-01   9.723479e-01
        277500   2.473333e+00   5.974011e+00              1             17              0              1   1.724119e+01   5.533052e-01   9.750975e-01
        278000   2.463897e+00   6.970959e+00              1             18              0              0   1.720518e+01   5.536922e-01   9.661718e-01
        278500   2.468903e+00   1.176728e+01              0             14              0              1   1.706609e+01   5.418392e-01   9.428107e-01
        279000   2.457720e+00   1.267112e+01              1             15              0              1   1.696869e+01   5.702258e-01   9.601669e-01
        279500   2.450103e+00   9.925219e+00              0             12              0              1   1.700547e+01   5.558080e-01   9.440877e-01
        280000   2.452877e+00   1.090025e+01              0             15              0              0   1.693469e+01   5.607945e-01   9.172771e-01
        280500   2.478722e+00   1.188460e+01              0             14              0              0   1.700049e+01   5.692349e-01   9.265544e-01
        281000   2.474579e+00   1.288325e+01              0             15              0              0   1.716735e+01   5.712940e-01   9.335298e-01
        281500   2.462255e+00   1.388100e+01              0             16              0              0   1.694477e+01   5.653496e-01   9.503789e-01
        282000   2.451816e+00   1.486587e+01              0             16              0              0   1.686607e+01   5.321694e-01   9.218113e-01
        282500   2.449146e+00   1.584125e+01              0             15              0              1   1.692030e+01   5.578911e-01   9.506198e-01
        283000   2.441196e+00   1.680308e+01              0             14              0              1   1.725089e+01   5.666379e-01   9.726040e-01
        283500   2.416441e+00   2.102383e+01              0             12              0              1   1.686035e+01   5.413520e-01   9.407187e-01
        284000   2.457232e+00   1.866802e+01              1             15              0              0   1.705171e+01   5.389532e-01   9.358031e-01
        284500   2.470757e+00   1.966034e+01              0             10              0              1   1.702327e+01   5.500163e-01   9.386866e-01
        285000   2.479289e+00   2.065562e+01              1             15              0              0   1.712583e+01   5.538187e-01   9.364858e-01
        285500   2.454993e+00   2.163824e+01              0             13              0              1   1.701212e+01   5.321029e-01   9.303861e-01
        286000   2.464309e+00   2.263415e+01              0             12              0              1   1.720099e+01   5.310333e-01   9.348286e-01
        286500   2.470365e+00   2.362056e+01              0             14              0              1   1.698858e+01   5.340719e-01   9.527312e-01
        287000   2.458420e+00   2.461591e+01              0             14              0              0   1.714403e+01   5.359821e-01   9.493532e-01
        287500   2.486209e+00   2.560345e+01              0             14              0              0   1.714901e+01   5.460769e-01   9.521763e-01
        288000   2.515357e+00   2.100451e+01              0             10              0              0   1.700985e+01   5.390232e-01   9.498968e-01
        288500   2.521389e+00   2.200300e+01              0             14              0              1   1.736703e+01   5.590326e-01   9.699405e-01
        289000   2.527901e+00   2.300071e+01              1             19              0              1   1.716225e+01   5.535694e-01   9.795482e-01
        289500   2.546269e+00   2.398340e+01              0             14              0              0   1.714572e+01   5.507458e-01   9.763572e-01
        290000   2.540911e+00   2.493325e+01              0             13              0              0   1.699806e+01   5.611722e-01   9.722419e-01
        290500   2.504389e+00   2.591573e+01              0             17              0              0   1.716684e+01   5.631781e-01   9.616099e-01
        291000   2.550003e+00   1.910115e+01              0             12              0              0   1.690617e+01   5.651878e-01   9.720931e-01
        291500   2.570134e+00   2.007519e+01              1             17              0              0   1.700502e+01   5.623765e-01   9.670770e-01
        292000   2.570105e+00   2.106143e+01              1             16              0              0   1.697957e+01   5.395409e-01   9.426476e-01
        292500   2.589950e+00   2.205700e+01              0             11              0              0   1.697318e+01   5.581644e-01   9.590059e-01
        293000   2.610246e+00   1.468005e+01              0              6              0              0   1.733960e+01   5.599823e-01   9.727712e-01
        293500   2.655969e+00   8.797174e+00              0              9              0              0   1.724502e+01   5.577109e-01   9.697935e-01
        294000   2.627179e+00   1.663485e+01              0             14              0              0   1.718466e+01   5.658689e-01   9.675201e-01
        294500   2.683003e+00   5.725665e+00              0             11              0              1   1.728878e+01   5.648022e-01   9.808849e-01
        295000   2.713363e+00   6.699684e+00              0              7              0              0   1.734253e+01   5.640519e-01   9.696096e-01
        295500   2.688918e+00   1.255056e+01              1             16              0              0   1.736930e+01   5.644600e-01   9.873324e-01
        296000   2.723876e+00   8.646002e+00              1             11              0              0   1.744643e+01   5.571746e-01   9.724890e-01
        296500   2.694187e+00   9.634702e+00              1             10              0              0   1.740084e+01   5.470405e-01   9.530139e-01
        297000   2.651366e+00   1.533261e+01              1             10              0              0   1.760273e+01   5.345666e-01   9.575783e-01
        297500   2.686666e+00   1.631499e+01              1             12              0              0   1.743975e+01   5.482290e-01   9.679445e-01
        298000   2.710459e+00   1.231545e+01              1              8              0              0   1.736506e+01   5.620943e-01   9.708159e-01
        298500   2.687903e+00   1.821668e+01              0             11              0              0   1.773717e+01   5.921729e-01   9.912916e-01
        299000   2.703184e+00   1.422260e+01              1             15              0              0   1.752692e+01   6.070897e-01   9.917246e-01
        299500   2.716126e+00   1.521532e+01              0             12              0              0   1.738486e+01   6.062317e-01   9.772614e-01
        300000   2.705429e+00   2.101616e+01              0             14              0              1   1.751334e+01   5.961113e-01   9.859458e-01
        300500   2.716103e+00   1.718656e+01              0             14              0              0   1.739717e+01   6.090041e-01   9.818476e-01
        301000   2.781565e+00   1.278043e+01              0              9              0              0   1.744464e+01   5.982272e-01   9.885053e-01
