          step              r      E_metad_r      n_cont_CA   n_cont_heavy       n_saltbr        n_hbond           SASA           RMSD             Rg 
             0   6.432420e-01   0.000000e+00              3             81              0              5   2.303944e+01   0.000000e+00   1.124128e+00
           500   6.344024e-01   9.876003e-01              3             79              0              5   2.291560e+01   7.744137e-02   1.098862e+00
          1000   6.438950e-01   1.849297e+00              2             82              0              4   2.327244e+01   9.474716e-02   1.105600e+00
          1500   6.286373e-01   2.972055e+00              4             80              0              4   2.336587e+01   9.472397e-02   1.106287e+00
          2000   6.533016e-01   3.667693e+00              1             79              0              5   2.323922e+01   1.088835e-01   1.104920e+00
          2500   6.839348e-01   4.660868e+00              3             73              0              3   2.343895e+01   1.246898e-01   1.118753e+00
          3000   6.667283e-01   5.655259e+00              2             78              0              4   2.351496e+01   1.183174e-01   1.104059e+00
          3500   6.748205e-01   6.648761e+00              1             73              0              3   2.345793e+01   1.185663e-01   1.118644e+00
          4000   6.644990e-01   7.641156e+00              2             73              0              2   2.337413e+01   1.481850e-01   1.140077e+00
          4500   6.511570e-01   8.422344e+00              3             75              0              3   2.360444e+01   1.449139e-01   1.150000e+00
          5000   6.438868e-01   9.379033e+00              3             83              0              4   2.343941e+01   1.387706e-01   1.145103e+00
          5500   6.574438e-01   1.054056e+01              3             76              0              3   2.349384e+01   1.554831e-01   1.143382e+00
          6000   6.576214e-01   1.133282e+01              1             74              0              2   2.344246e+01   1.732169e-01   1.142014e+00
          6500   6.502883e-01   1.227146e+01              1             76              0              3   2.351509e+01   1.788214e-01   1.142703e+00
          7000   6.360002e-01   1.323999e+01              2             76              0              2   2.369467e+01   1.726681e-01   1.137290e+00
          7500   6.396503e-01   1.437650e+01              3             77              0              3   2.343397e+01   1.801000e-01   1.129359e+00
          8000   6.382749e-01   1.519480e+01              4             74              0              3   2.386640e+01   1.866169e-01   1.153710e+00
          8500   6.358106e-01   1.618684e+01              2             73              0              1   2.365760e+01   1.925923e-01   1.140512e+00
          9000   6.392614e-01   1.715011e+01              2             79              0              3   2.350083e+01   1.796289e-01   1.147024e+00
          9500   6.562793e-01   1.816255e+01              2             67              0              3   2.385809e+01   2.017311e-01   1.151987e+00
         10000   6.557931e-01   1.915013e+01              2             67              0              3   2.371042e+01   1.937204e-01   1.158342e+00
         10500   6.585256e-01   2.013180e+01              2             68              0              2   2.352590e+01   1.995741e-01   1.125916e+00
         11000   6.401580e-01   2.097254e+01              1             74              0              3   2.363937e+01   1.968330e-01   1.146540e+00
         11500   6.315083e-01   2.195956e+01              1             80              0              4   2.341584e+01   2.064458e-01   1.151599e+00
         12000   6.361659e-01   2.295392e+01              2             76              0              3   2.359426e+01   2.123951e-01   1.165550e+00
         12500   6.304446e-01   2.394796e+01              3             76              0              2   2.366960e+01   2.178907e-01   1.163082e+00
         13000   6.250974e-01   2.494572e+01              3             72              0              3   2.411520e+01   2.355660e-01   1.174522e+00
         13500   6.386992e-01   2.593331e+01              1             68              0              3   2.389966e+01   2.219491e-01   1.171641e+00
         14000   6.504379e-01   2.691365e+01              1             74              0              2   2.387722e+01   2.123674e-01   1.138354e+00
         14500   6.539076e-01   2.747998e+01              1             75              0              3   2.395910e+01   1.926553e-01   1.148375e+00
         15000   6.517370e-01   2.845721e+01              1             72              0              2   2.365268e+01   1.804610e-01   1.148308e+00
         15500   6.487056e-01   2.976423e+01              1             76              0              2   2.370703e+01   2.009019e-01   1.140323e+00
         16000   6.433215e-01   3.069984e+01              1             81              0              1   2.395108e+01   1.919996e-01   1.147233e+00
         16500   6.758387e-01   3.141168e+01              2             74              0              1   2.369618e+01   1.904946e-01   1.135653e+00
         17000   6.676721e-01   3.240401e+01              1             72              0              2   2.396409e+01   2.029963e-01   1.151486e+00
         17500   6.602889e-01   3.339874e+01              1             77              0              2   2.386871e+01   1.918828e-01   1.134765e+00
         18000   6.694716e-01   3.439356e+01              1             72              0              2   2.368187e+01   1.953178e-01   1.146317e+00
         18500   6.606447e-01   3.539063e+01              2             74              0              2   2.352443e+01   1.944530e-01   1.133604e+00
         19000   6.823798e-01   3.638468e+01              1             71              0              2   2.348253e+01   2.065029e-01   1.135728e+00
         19500   6.693596e-01   3.737737e+01              2             70              0              2   2.384632e+01   2.151626e-01   1.151811e+00
         20000   6.585605e-01   3.836674e+01              2             72              0              3   2.372720e+01   2.101953e-01   1.144711e+00
         20500   6.506016e-01   3.935053e+01              3             75              0              3   2.387023e+01   2.184761e-01   1.127977e+00
         21000   6.554695e-01   4.032392e+01              2             72              0              4   2.389724e+01   2.307720e-01   1.131940e+00
         21500   6.386928e-01   4.064964e+01              2             75              1              3   2.376837e+01   2.078749e-01   1.123653e+00
         22000   6.695436e-01   4.225932e+01              1             72              0              2   2.370477e+01   2.212856e-01   1.124428e+00
         22500   6.812748e-01   4.325288e+01              1             69              0              2   2.404771e+01   2.164209e-01   1.134204e+00
         23000   6.589324e-01   4.424754e+01              1             74              0              3   2.369671e+01   2.215398e-01   1.125602e+00
         23500   6.531256e-01   4.427504e+01              2             76              0              3   2.398495e+01   2.395011e-01   1.144351e+00
         24000   6.407444e-01   4.524360e+01              1             71              0              3   2.386715e+01   2.389440e-01   1.147079e+00
         24500   6.347864e-01   4.624070e+01              1             73              0              3   2.412424e+01   2.400979e-01   1.138078e+00
         25000   6.382290e-01   4.723613e+01              1             71              0              2   2.360210e+01   2.474774e-01   1.146694e+00
         25500   6.476586e-01   4.822624e+01              2             69              0              2   2.378044e+01   2.373514e-01   1.141057e+00
         26000   6.324070e-01   4.921139e+01              2             77              0              3   2.384866e+01   2.398426e-01   1.149756e+00
         26500   6.420427e-01   5.020930e+01              1             74              0              3   2.377071e+01   2.527861e-01   1.150228e+00
         27000   6.599728e-01   5.167271e+01              1             66              0              3   2.384280e+01   2.332998e-01   1.144143e+00
         27500   6.378536e-01   5.214605e+01              2             70              0              3   2.361244e+01   2.257180e-01   1.152861e+00
         28000   6.246583e-01   5.314289e+01              3             75              0              3   2.361389e+01   2.306237e-01   1.166170e+00
         28500   6.240384e-01   5.412913e+01              2             73              0              2   2.347434e+01   2.441712e-01   1.159378e+00
         29000   6.226178e-01   5.512641e+01              2             77              0              2   2.362826e+01   2.405179e-01   1.168281e+00
         29500   6.074683e-01   4.423351e+01              4             74              0              3   2.381678e+01   2.488153e-01   1.181914e+00
         30000   6.135268e-01   4.514690e+01              2             78              0              2   2.409404e+01   2.502366e-01   1.184239e+00
         30500   6.356405e-01   5.808667e+01              3             69              0              2   2.386741e+01   2.435915e-01   1.153567e+00
         31000   6.370537e-01   5.907761e+01              3             72              0              3   2.360462e+01   2.319402e-01   1.144634e+00
         31500   6.419872e-01   6.007440e+01              2             73              0              2   2.386700e+01   2.359882e-01   1.158641e+00
         32000   6.314751e-01   6.107170e+01              2             77              0              3   2.387427e+01   2.492813e-01   1.141605e+00
         32500   6.389751e-01   6.206973e+01              3             74              0              3   2.389978e+01   2.421904e-01   1.145584e+00
         33000   6.463715e-01   6.225551e+01              1             77              0              3   2.391923e+01   2.427939e-01   1.157616e+00
         33500   6.616674e-01   6.323821e+01              2             70              0              2   2.377934e+01   2.411615e-01   1.163776e+00
         34000   6.779849e-01   6.423139e+01              1             70              0              1   2.347434e+01   2.441821e-01   1.133489e+00
         34500   6.636621e-01   6.522515e+01              3             72              0              1   2.381110e+01   2.449558e-01   1.138254e+00
         35000   6.658098e-01   6.618974e+01              1             71              0              2   2.383134e+01   2.496733e-01   1.145640e+00
         35500   6.513286e-01   6.718088e+01              2             75              0              1   2.386096e+01   2.617784e-01   1.149548e+00
         36000   6.676286e-01   6.817570e+01              2             74              0              1   2.380695e+01   2.643809e-01   1.119947e+00
         36500   6.968786e-01   5.439159e+01              2             71              0              2   2.386954e+01   2.680311e-01   1.119984e+00
         37000   7.063344e-01   5.538506e+01              2             70              0              1   2.347706e+01   2.557579e-01   1.138154e+00
         37500   6.860309e-01   7.095397e+01              3             70              0              2   2.352736e+01   2.578188e-01   1.126947e+00
         38000   6.866879e-01   5.732082e+01              1             73              0              1   2.377276e+01   2.563592e-01   1.129393e+00
         38500   6.876412e-01   5.828306e+01              1             70              0              2   2.365587e+01   2.457817e-01   1.130666e+00
         39000   6.774381e-01   7.388789e+01              2             74              0              2   2.403324e+01   2.381619e-01   1.145848e+00
         39500   6.893510e-01   7.483347e+01              1             70              0              2   2.398787e+01   2.398021e-01   1.126952e+00
         40000   6.588948e-01   7.580077e+01              3             74              0              3   2.425752e+01   2.497960e-01   1.127801e+00
         40500   6.867695e-01   7.679621e+01              2             73              0              1   2.413884e+01   2.386167e-01   1.114799e+00
         41000   7.085972e-01   6.300706e+01              2             71              0              2   2.405673e+01   2.396276e-01   1.127558e+00
         41500   7.182377e-01   6.399417e+01              1             67              0              2   2.408173e+01   2.462149e-01   1.132440e+00
         42000   7.095629e-01   6.498616e+01              2             68              0              2   2.402222e+01   2.434272e-01   1.116553e+00
         42500   7.022746e-01   6.597946e+01              1             73              0              1   2.409881e+01   2.552109e-01   1.123096e+00
         43000   7.112726e-01   6.696675e+01              0             70              0              1   2.396806e+01   2.548918e-01   1.145856e+00
         43500   7.079981e-01   6.796055e+01              3             69              0              1   2.389015e+01   2.429419e-01   1.133700e+00
         44000   7.043473e-01   6.895899e+01              1             69              0              1   2.414315e+01   2.426353e-01   1.131367e+00
         44500   7.144508e-01   6.995722e+01              2             68              0              2   2.378625e+01   2.409260e-01   1.122824e+00
         45000   7.352706e-01   4.761047e+01              0             66              0              1   2.409206e+01   2.505007e-01   1.107024e+00
         45500   7.540811e-01   4.860343e+01              2             70              0              2   2.421656e+01   2.570779e-01   1.095776e+00
         46000   7.776576e-01   4.959574e+01              2             70              0              2   2.385738e+01   2.572555e-01   1.097530e+00
         46500   7.724133e-01   5.056829e+01              2             68              0              1   2.339428e+01   2.658356e-01   1.088987e+00
         47000   7.645950e-01   5.155496e+01              3             71              0              1   2.403376e+01   2.729191e-01   1.099534e+00
         47500   7.459304e-01   5.254873e+01              1             69              0              3   2.391977e+01   2.792400e-01   1.094578e+00
         48000   7.378148e-01   5.352332e+01              2             68              0              2   2.397698e+01   2.830147e-01   1.097077e+00
         48500   7.940636e-01   3.181850e+01              1             65              0              1   2.381395e+01   2.907981e-01   1.098509e+00
         49000   8.146601e-01   3.281274e+01              1             66              0              2   2.391635e+01   2.766807e-01   1.089384e+00
         49500   8.026560e-01   3.380378e+01              1             64              0              2   2.401024e+01   2.848240e-01   1.090452e+00
         50000   7.917658e-01   3.479832e+01              2             66              0              2   2.381963e+01   2.840987e-01   1.092291e+00
         50500   8.158542e-01   3.578110e+01              2             71              0              2   2.387584e+01   3.030345e-01   1.081971e+00
         51000   8.251903e-01   3.674265e+01              1             68              0              2   2.381500e+01   3.097028e-01   1.070153e+00
         51500   8.056918e-01   3.773845e+01              1             68              0              2   2.356597e+01   3.349512e-01   1.054330e+00
         52000   8.202874e-01   3.873688e+01              1             67              0              1   2.341929e+01   3.216375e-01   1.068137e+00
         52500   7.926477e-01   3.973356e+01              1             67              0              3   2.343959e+01   3.198788e-01   1.075159e+00
         53000   7.986790e-01   4.072749e+01              1             67              0              2   2.347971e+01   3.197476e-01   1.062607e+00
         53500   8.019314e-01   4.171372e+01              1             66              0              2   2.379919e+01   3.159507e-01   1.068706e+00
         54000   7.986250e-01   4.270287e+01              1             66              0              2   2.378845e+01   3.245776e-01   1.064011e+00
         54500   8.047132e-01   4.367793e+01              1             70              0              1   2.387082e+01   3.080205e-01   1.061407e+00
         55000   8.065143e-01   4.467092e+01              1             66              0              1   2.391827e+01   3.098912e-01   1.075669e+00
         55500   7.927961e-01   4.564951e+01              1             63              0              2   2.388862e+01   3.143040e-01   1.073764e+00
         56000   8.046392e-01   4.664329e+01              1             65              0              2   2.386051e+01   3.166546e-01   1.048186e+00
         56500   7.890706e-01   4.762807e+01              1             66              0              2   2.381750e+01   3.160641e-01   1.042606e+00
         57000   8.030117e-01   4.861853e+01              1             64              1              2   2.399134e+01   3.409332e-01   1.041171e+00
         57500   8.145563e-01   3.063575e+01              1             66              0              1   2.394727e+01   3.514056e-01   1.038998e+00
         58000   7.894553e-01   5.058628e+01              1             64              0              2   2.395921e+01   3.612870e-01   1.030873e+00
         58500   8.403384e-01   5.156831e+01              1             65              1              1   2.401010e+01   3.700797e-01   1.030695e+00
         59000   8.437674e-01   3.336859e+01              2             70              1              1   2.436576e+01   3.707924e-01   1.049141e+00
         59500   8.231169e-01   5.349674e+01              2             68              1              1   2.326057e+01   3.484772e-01   1.029936e+00
         60000   8.089842e-01   5.448515e+01              1             69              1              2   2.355808e+01   3.519368e-01   1.033658e+00
         60500   8.032235e-01   5.548151e+01              2             67              1              3   2.417899e+01   3.462135e-01   1.041554e+00
         61000   7.862509e-01   5.647219e+01              2             68              2              2   2.402085e+01   3.461284e-01   1.042449e+00
         61500   7.982140e-01   5.744501e+01              2             66              1              3   2.379251e+01   3.361635e-01   1.031853e+00
         62000   7.913734e-01   5.843834e+01              2             67              2              3   2.422095e+01   3.433994e-01   1.046218e+00
         62500   8.250020e-01   5.943299e+01              1             66              2              2   2.362877e+01   3.595599e-01   1.042633e+00
         63000   8.133441e-01   6.043072e+01              1             67              1              2   2.416350e+01   3.610489e-01   1.026615e+00
         63500   8.247044e-01   6.141999e+01              3             66              2              2   2.402173e+01   3.449880e-01   1.030878e+00
         64000   8.271526e-01   6.237961e+01              3             65              1              4   2.377054e+01   3.445863e-01   1.035032e+00
         64500   8.447518e-01   4.322595e+01              2             65              1              2   2.369043e+01   3.592035e-01   1.024570e+00
         65000   8.170565e-01   6.433544e+01              1             65              1              4   2.363068e+01   3.561159e-01   1.030685e+00
         65500   8.405156e-01   4.509026e+01              2             64              1              3   2.365898e+01   3.593808e-01   1.035522e+00
         66000   8.525538e-01   4.607505e+01              1             67              2              1   2.401761e+01   3.711464e-01   1.035161e+00
         66500   8.297174e-01   6.720849e+01              3             67              1              3   2.395521e+01   3.646048e-01   1.026655e+00
         67000   8.301296e-01   6.816511e+01              1             65              2              3   2.384729e+01   3.554997e-01   1.043581e+00
         67500   7.862110e-01   6.914762e+01              3             71              2              3   2.380827e+01   3.572292e-01   1.051038e+00
         68000   8.099233e-01   7.013797e+01              1             68              2              2   2.354329e+01   3.678487e-01   1.041018e+00
         68500   8.134046e-01   7.113411e+01              2             62              2              1   2.392040e+01   3.884703e-01   1.038870e+00
         69000   7.973194e-01   7.211444e+01              1             63              2              3   2.407279e+01   3.748992e-01   1.044845e+00
         69500   7.952610e-01   7.311009e+01              2             65              2              2   2.387760e+01   3.656021e-01   1.043536e+00
         70000   7.926604e-01   7.409789e+01              2             61              2              4   2.393241e+01   3.520406e-01   1.049456e+00
         70500   8.062901e-01   7.506896e+01              1             63              1              2   2.387925e+01   3.764242e-01   1.041158e+00
         71000   8.064294e-01   7.606758e+01              1             65              1              3   2.381956e+01   3.766358e-01   1.030080e+00
         71500   8.089860e-01   7.706554e+01              1             63              1              3   2.417045e+01   3.732784e-01   1.035266e+00
         72000   8.207319e-01   7.805589e+01              3             65              2              2   2.397202e+01   3.882063e-01   1.027204e+00
         72500   7.918422e-01   9.623297e+01              2             71              2              2   2.433821e+01   3.887618e-01   1.037826e+00
         73000   8.144892e-01   8.003559e+01              1             67              1              3   2.470918e+01   4.014276e-01   1.048355e+00
         73500   8.017732e-01   8.103031e+01              2             66              2              2   2.429550e+01   3.923338e-01   1.032708e+00
         74000   8.129150e-01   8.202866e+01              1             68              1              3   2.443121e+01   3.941006e-01   1.030325e+00
         74500   8.083343e-01   8.302687e+01              2             69              2              3   2.415982e+01   3.828925e-01   1.038709e+00
         75000   8.166854e-01   8.402469e+01              2             68              2              2   2.434415e+01   3.834853e-01   1.037386e+00
         75500   8.192505e-01   8.502118e+01              1             70              2              3   2.415242e+01   3.999199e-01   1.017663e+00
         76000   8.127907e-01   8.598539e+01              1             69              1              2   2.413713e+01   4.023409e-01   1.021245e+00
         76500   8.186907e-01   8.697876e+01              1             65              1              3   2.432905e+01   3.968534e-01   1.028471e+00
         77000   8.073499e-01   8.797685e+01              2             68              1              1   2.417042e+01   3.934977e-01   1.027204e+00
         77500   8.100255e-01   8.897248e+01              0             62              1              3   2.425571e+01   4.116411e-01   1.031343e+00
         78000   7.912592e-01   8.996789e+01              1             65              1              3   2.399094e+01   4.047125e-01   1.024419e+00
         78500   8.216408e-01   9.096208e+01              1             68              2              2   2.395956e+01   3.955013e-01   1.028707e+00
         79000   8.215766e-01   9.195670e+01              1             64              1              2   2.383433e+01   3.920665e-01   1.026448e+00
         79500   8.159052e-01   9.295361e+01              1             65              1              2   2.408155e+01   3.907744e-01   1.030313e+00
         80000   8.226979e-01   7.072232e+01              1             68              1              3   2.397103e+01   3.947907e-01   1.017630e+00
         80500   8.192535e-01   9.492852e+01              1             63              1              2   2.389490e+01   3.975031e-01   1.016346e+00
         81000   8.253270e-01   7.258769e+01              1             69              1              3   2.389690e+01   3.978899e-01   1.016676e+00
         81500   8.486249e-01   7.356945e+01              0             66              2              2   2.336310e+01   3.990825e-01   1.016782e+00
         82000   8.173612e-01   9.781840e+01              2             72              2              3   2.398871e+01   4.142289e-01   1.011705e+00
         82500   8.349506e-01   9.876316e+01              0             64              2              2   2.375300e+01   4.181562e-01   1.001943e+00
         83000   8.555584e-01   7.647872e+01              0             65              2              3   2.408824e+01   4.315229e-01   1.001625e+00
         83500   8.640362e-01   7.747257e+01              1             63              2              2   2.429057e+01   4.378544e-01   1.000061e+00
         84000   8.591045e-01   7.846337e+01              2             62              2              3   2.430621e+01   4.417769e-01   1.005836e+00
         84500   8.411465e-01   7.945747e+01              2             67              2              3   2.442176e+01   4.276678e-01   9.953161e-01
         85000   8.335675e-01   1.032130e+02              1             67              1              2   2.423378e+01   4.115049e-01   1.003792e+00
         85500   8.229101e-01   1.042037e+02              1             67              2              2   2.399582e+01   4.081500e-01   1.003179e+00
         86000   8.262790e-01   1.051929e+02              1             69              1              3   2.424473e+01   4.019264e-01   1.011673e+00
         86500   8.697634e-01   5.508500e+01              1             62              1              1   2.424333e+01   3.954493e-01   1.015669e+00
         87000   8.733346e-01   5.600519e+01              0             63              2              2   2.438502e+01   3.966973e-01   1.012113e+00
         87500   8.912304e-01   5.697846e+01              0             61              2              1   2.404463e+01   4.071118e-01   1.001772e+00
         88000   8.993151e-01   5.796880e+01              0             62              1              3   2.419485e+01   4.521783e-01   9.857125e-01
         88500   9.092001e-01   5.896201e+01              0             63              1              2   2.416363e+01   4.363502e-01   1.004936e+00
         89000   9.287568e-01   5.992942e+01              0             65              1              3   2.459442e+01   4.358824e-01   1.013087e+00
         89500   9.269874e-01   3.491794e+01              0             61              1              4   2.413782e+01   4.571370e-01   9.878501e-01
         90000   9.306560e-01   6.187192e+01              0             54              1              3   2.398369e+01   4.550340e-01   9.965980e-01
         90500   9.503092e-01   3.685306e+01              0             57              1              4   2.424902e+01   4.734475e-01   9.993852e-01
         91000   9.453164e-01   3.784382e+01              0             55              1              3   2.360027e+01   4.946357e-01   9.782923e-01
         91500   9.458958e-01   3.883002e+01              1             56              2              4   2.400263e+01   4.825660e-01   9.832173e-01
         92000   9.652292e-01   3.982565e+01              0             54              2              3   2.326131e+01   4.799254e-01   9.720453e-01
         92500   9.618470e-01   4.082190e+01              0             55              2              4   2.410792e+01   4.917237e-01   9.844592e-01
         93000   9.409619e-01   4.181348e+01              0             56              2              4   2.378732e+01   4.964080e-01   9.734210e-01
         93500   9.535399e-01   4.280644e+01              0             56              2              3   2.385889e+01   5.127902e-01   9.726385e-01
         94000   9.510359e-01   4.380359e+01              0             56              2              4   2.433553e+01   5.077372e-01   9.769824e-01
         94500   9.352516e-01   4.479131e+01              0             56              2              4   2.435776e+01   4.939578e-01   9.935750e-01
         95000   9.527164e-01   4.578047e+01              0             55              1              4   2.422571e+01   4.986997e-01   9.836796e-01
         95500   9.621615e-01   4.677190e+01              0             50              1              4   2.400324e+01   5.001951e-01   9.759657e-01
         96000   9.865736e-01   4.774482e+01              0             52              2              4   2.466020e+01   4.908557e-01   9.918093e-01
         96500   9.637046e-01   4.873582e+01              0             52              1              4   2.449479e+01   5.033473e-01   9.820427e-01
         97000   9.516871e-01   7.425155e+01              0             60              1              4   2.442150e+01   4.939309e-01   9.910414e-01
         97500   9.705685e-01   5.071023e+01              0             54              1              3   2.450376e+01   4.971482e-01   9.830973e-01
         98000   9.690720e-01   5.169322e+01              0             55              1              4   2.463644e+01   5.059875e-01   9.854246e-01
         98500   9.822626e-01   5.268064e+01              1             55              2              3   2.428011e+01   5.054024e-01   9.829871e-01
         99000   9.583433e-01   5.366602e+01              1             56              1              3   2.387879e+01   4.964408e-01   9.741132e-01
         99500   9.931064e-01   3.403467e+01              0             51              1              3   2.391754e+01   4.823302e-01   9.879174e-01
        100000   9.760017e-01   5.561085e+01              1             54              2              4   2.477609e+01   5.156844e-01   9.823613e-01
        100500   9.405497e-01   5.659837e+01              1             57              2              4   2.458471e+01   5.216345e-01   9.805498e-01
        101000   9.553348e-01   5.759380e+01              0             55              2              4   2.472741e+01   4.998483e-01   9.871662e-01
        101500   9.792821e-01   5.857594e+01              0             54              2              3   2.446099e+01   4.771518e-01   9.943095e-01
        102000   9.799417e-01   5.954357e+01              1             56              2              4   2.460448e+01   4.882597e-01   9.904713e-01
        102500   9.829431e-01   6.049578e+01              1             55              1              3   2.421142e+01   4.947117e-01   9.838250e-01
        103000   9.649970e-01   6.148503e+01              0             54              2              3   2.489227e+01   5.281166e-01   9.716140e-01
        103500   9.537685e-01   6.248287e+01              1             53              2              4   2.488733e+01   5.312216e-01   9.677825e-01
        104000   9.578031e-01   6.347279e+01              1             58              2              4   2.488317e+01   5.427682e-01   9.583928e-01
        104500   9.711472e-01   6.445531e+01              1             58              1              3   2.447726e+01   5.246538e-01   9.601443e-01
        105000   9.636647e-01   6.543366e+01              2             56              1              4   2.469863e+01   5.500079e-01   9.576903e-01
        105500   9.550943e-01   6.643085e+01              1             56              1              3   2.435535e+01   5.384363e-01   9.452282e-01
        106000   9.904379e-01   6.741104e+01              1             52              1              4   2.498833e+01   5.438173e-01   9.632930e-01
        106500   9.609621e-01   6.839968e+01              2             57              1              3   2.469786e+01   5.724598e-01   9.530511e-01
        107000   9.993889e-01   4.783652e+01              1             56              1              2   2.462854e+01   5.638438e-01   9.599552e-01
        107500   9.913363e-01   4.882295e+01              1             55              1              3   2.450601e+01   5.817161e-01   9.574068e-01
        108000   9.738412e-01   7.125891e+01              1             57              1              4   2.494860e+01   5.742503e-01   9.698286e-01
        108500   9.796180e-01   5.074163e+01              0             51              1              4   2.481650e+01   5.886989e-01   9.586311e-01
        109000   9.822472e-01   5.171763e+01              1             56              1              4   2.458374e+01   5.878679e-01   9.652838e-01
        109500   9.852274e-01   5.268606e+01              0             56              2              3   2.455655e+01   6.007672e-01   9.555717e-01
        110000   9.733718e-01   7.511564e+01              1             57              2              3   2.469996e+01   5.828566e-01   9.631833e-01
        110500   9.754909e-01   7.607461e+01              1             57              1              2   2.447153e+01   5.793878e-01   9.727037e-01
        111000   1.001999e+00   5.555797e+01              1             58              1              4   2.454929e+01   5.682904e-01   9.757148e-01
        111500   9.925777e-01   7.787713e+01              0             56              1              3   2.438186e+01   5.507960e-01   9.843556e-01
        112000   1.011564e+00   5.753041e+01              0             53              2              4   2.432191e+01   5.539709e-01   9.715270e-01
        112500   9.792492e-01   7.971194e+01              2             56              1              4   2.439055e+01   5.437630e-01   9.801706e-01
        113000   9.867575e-01   5.948069e+01              2             60              0              2   2.444168e+01   5.336648e-01   1.004003e+00
        113500   9.790289e-01   8.163437e+01              0             55              1              2   2.423028e+01   5.306019e-01   1.002538e+00
        114000   1.023157e+00   6.144930e+01              1             50              1              2   2.405879e+01   5.193038e-01   1.019499e+00
        114500   9.998841e-01   6.244183e+01              1             57              0              2   2.443761e+01   5.357119e-01   1.002982e+00
        115000   9.878855e-01   6.342419e+01              1             54              0              2   2.421581e+01   5.355641e-01   9.956848e-01
        115500   9.885978e-01   6.440762e+01              1             54              0              2   2.456451e+01   5.364544e-01   9.994981e-01
        116000   9.906968e-01   6.540005e+01              0             52              0              1   2.491565e+01   5.320593e-01   9.928006e-01
        116500   9.741555e-01   8.716775e+01              0             53              1              2   2.470366e+01   5.254055e-01   9.951639e-01
        117000   9.974990e-01   6.727513e+01              1             54              1              2   2.453367e+01   5.231273e-01   1.014652e+00
        117500   9.803752e-01   8.908999e+01              0             54              1              1   2.464663e+01   5.201290e-01   1.000116e+00
        118000   9.950487e-01   9.005794e+01              0             51              1              2   2.454247e+01   5.282426e-01   1.009394e+00
        118500   1.010057e+00   7.020104e+01              1             52              1              3   2.432911e+01   5.178651e-01   1.006473e+00
        119000   1.014766e+00   7.118936e+01              0             53              1              2   2.419997e+01   5.404717e-01   1.004436e+00
        119500   1.029408e+00   7.217412e+01              2             55              0              3   2.429018e+01   5.357020e-01   1.003389e+00
        120000   1.014881e+00   7.314376e+01              1             57              0              3   2.405682e+01   5.254323e-01   9.961886e-01
        120500   1.028788e+00   7.412443e+01              0             52              0              3   2.417921e+01   5.269740e-01   9.840623e-01
        121000   1.008411e+00   7.508858e+01              1             52              0              3   2.434419e+01   5.362602e-01   9.817950e-01
        121500   9.886479e-01   9.586560e+01              1             54              0              1   2.477807e+01   5.617222e-01   9.798594e-01
        122000   1.016387e+00   7.706422e+01              0             50              0              1   2.438746e+01   5.555987e-01   9.692191e-01
        122500   1.041024e+00   5.431270e+01              0             53              0              3   2.400019e+01   5.907989e-01   9.588362e-01
        123000   1.021492e+00   7.899632e+01              0             55              0              3   2.464968e+01   5.937343e-01   9.628695e-01
        123500   1.046793e+00   5.621952e+01              0             51              0              3   2.422547e+01   5.901513e-01   9.684389e-01
        124000   1.033263e+00   8.083103e+01              1             55              0              3   2.407026e+01   5.944653e-01   9.556209e-01
        124500   1.041821e+00   5.819273e+01              0             54              1              3   2.471664e+01   5.926484e-01   9.728549e-01
        125000   1.035967e+00   5.918729e+01              0             52              0              3   2.464106e+01   5.821723e-01   9.777120e-01
        125500   1.011595e+00   8.367178e+01              1             55              0              3   2.481046e+01   5.893061e-01   9.679428e-01
        126000   1.012951e+00   8.467007e+01              1             56              0              3   2.514688e+01   5.763705e-01   9.803068e-01
        126500   1.033598e+00   8.565783e+01              0             55              0              3   2.511663e+01   5.973674e-01   9.813129e-01
        127000   1.032971e+00   6.291902e+01              1             51              0              3   2.484557e+01   6.081373e-01   9.700800e-01
        127500   1.022978e+00   8.758053e+01              0             51              0              1   2.530468e+01   6.175456e-01   9.732664e-01
        128000   1.025937e+00   6.478345e+01              0             57              0              2   2.483147e+01   6.185035e-01   9.601957e-01
        128500   1.012506e+00   8.952835e+01              0             56              0              2   2.482268e+01   6.012427e-01   9.697368e-01
        129000   1.031747e+00   6.667935e+01              1             47              0              2   2.475456e+01   5.939805e-01   9.726224e-01
        129500   1.035363e+00   6.766293e+01              0             53              0              2   2.446724e+01   5.914058e-01   9.742646e-01
        130000   1.046863e+00   6.863315e+01              0             52              0              2   2.447131e+01   5.744222e-01   9.730275e-01
        130500   1.046341e+00   6.961611e+01              1             49              0              3   2.460287e+01   5.620109e-01   9.847467e-01
        131000   1.007796e+00   9.427441e+01              0             49              0              3   2.453181e+01   5.566404e-01   9.778128e-01
        131500   1.028816e+00   9.526065e+01              0             47              0              3   2.448907e+01   5.479367e-01   9.785012e-01
        132000   1.020891e+00   9.624962e+01              1             48              0              2   2.450278e+01   5.578650e-01   9.943364e-01
        132500   1.002801e+00   1.127745e+02              1             53              0              2   2.463804e+01   5.738711e-01   9.699707e-01
        133000   1.019914e+00   9.822114e+01              1             46              0              2   2.463588e+01   5.857360e-01   9.678463e-01
        133500   1.043376e+00   7.507167e+01              0             52              0              3   2.441106e+01   5.744636e-01   9.787562e-01
        134000   9.974021e-01   1.001182e+02              1             54              0              3   2.461745e+01   5.973625e-01   9.790232e-01
        134500   9.983695e-01   1.160674e+02              0             51              0              2   2.469634e+01   6.036730e-01   9.638362e-01
        135000   9.678713e-01   1.170534e+02              1             55              0              3   2.480663e+01   6.052900e-01   9.666735e-01
        135500   1.011596e+00   1.029647e+02              1             49              0              3   2.428146e+01   6.157346e-01   9.548127e-01
        136000   1.012396e+00   1.039618e+02              1             54              0              3   2.429451e+01   6.124299e-01   9.646160e-01
        136500   9.907305e-01   1.049385e+02              1             51              0              3   2.432128e+01   6.232279e-01   9.555869e-01
        137000   9.917700e-01   1.058906e+02              0             57              0              2   2.471102e+01   6.081076e-01   9.705317e-01
        137500   9.641086e-01   1.217637e+02              1             58              0              2   2.469462e+01   5.962291e-01   9.736393e-01
        138000   9.687145e-01   1.227633e+02              0             54              0              2   2.453568e+01   5.696087e-01   9.911633e-01
        138500   9.825342e-01   1.237476e+02              1             56              0              2   2.456039e+01   5.695162e-01   1.009950e+00
        139000   9.739553e-01   1.247286e+02              1             57              0              2   2.446760e+01   5.614265e-01   1.003770e+00
        139500   9.788808e-01   1.257210e+02              0             56              0              2   2.473547e+01   5.665291e-01   9.951358e-01
        140000   9.880144e-01   1.114496e+02              1             55              0              2   2.464508e+01   5.642771e-01   9.815450e-01
        140500   9.973108e-01   1.124417e+02              2             53              0              2   2.467560e+01   5.813035e-01   9.775577e-01
        141000   1.001269e+00   1.134025e+02              1             54              0              2   2.435115e+01   5.778354e-01   9.869842e-01
        141500   1.031052e+00   1.143631e+02              1             51              0              2   2.369107e+01   5.780691e-01   9.655636e-01
        142000   1.008141e+00   1.153376e+02              1             55              0              2   2.427189e+01   6.018424e-01   9.603589e-01
        142500   9.791486e-01   1.310432e+02              1             57              0              3   2.446498e+01   5.933055e-01   9.744447e-01
        143000   9.946893e-01   1.319666e+02              1             55              0              3   2.433444e+01   5.748486e-01   9.612197e-01
        143500   1.008883e+00   1.182633e+02              1             55              0              3   2.442517e+01   5.613666e-01   9.741141e-01
        144000   1.020399e+00   1.192541e+02              0             53              0              3   2.445307e+01   5.681924e-01   9.809543e-01
        144500   1.018481e+00   1.202495e+02              0             54              0              3   2.462894e+01   5.634870e-01   9.862921e-01
        145000   1.018395e+00   1.212413e+02              0             55              0              3   2.444326e+01   5.899056e-01   9.743971e-01
        145500   1.015970e+00   1.222152e+02              0             52              0              2   2.451519e+01   6.032277e-01   9.622394e-01
        146000   1.013719e+00   1.232130e+02              1             51              0              1   2.439906e+01   6.051865e-01   9.679114e-01
        146500   1.047569e+00   9.618148e+01              1             53              0              3   2.444506e+01   6.058363e-01   9.694212e-01
        147000   1.056351e+00   9.717852e+01              0             52              0              3   2.485875e+01   6.037243e-01   9.749798e-01
        147500   1.049560e+00   9.817354e+01              2             53              0              3   2.427091e+01   5.859848e-01   9.757101e-01
        148000   1.057635e+00   9.916791e+01              1             55              0              3   2.439613e+01   6.033761e-01   9.663416e-01
        148500   1.077379e+00   6.539462e+01              1             54              0              3   2.441903e+01   6.130002e-01   9.716738e-01
        149000   1.058503e+00   1.010913e+02              0             53              0              2   2.479299e+01   6.349599e-01   9.565768e-01
        149500   1.078703e+00   1.020741e+02              0             52              0              2   2.440592e+01   6.204087e-01   9.699173e-01
        150000   1.095317e+00   6.824089e+01              0             46              0              3   2.483543e+01   6.174437e-01   9.867682e-01
        150500   1.115982e+00   6.922252e+01              1             47              0              3   2.474094e+01   6.314472e-01   9.880703e-01
        151000   1.098935e+00   7.021579e+01              1             49              0              3   2.490748e+01   6.661316e-01   9.843048e-01
        151500   1.116618e+00   7.120846e+01              1             46              0              3   2.435286e+01   6.665793e-01   9.620826e-01
        152000   1.126669e+00   7.218171e+01              0             49              0              3   2.435567e+01   6.618592e-01   9.695988e-01
        152500   1.138187e+00   4.177298e+01              0             46              0              3   2.394390e+01   6.569266e-01   9.603528e-01
        153000   1.160775e+00   4.276843e+01              0             41              0              1   2.406387e+01   6.467379e-01   9.569137e-01
        153500   1.166753e+00   4.375602e+01              0             41              0              1   2.414292e+01   6.584006e-01   9.550313e-01
        154000   1.165379e+00   4.474502e+01              0             40              0              3   2.471671e+01   6.752567e-01   9.724918e-01
        154500   1.186234e+00   2.355309e+01              0             38              0              2   2.449840e+01   6.776615e-01   9.674280e-01
        155000   1.178985e+00   4.665145e+01              0             42              0              2   2.431087e+01   6.662065e-01   9.757212e-01
        155500   1.165447e+00   2.544127e+01              0             43              0              0   2.455827e+01   6.705025e-01   9.576132e-01
        156000   1.145907e+00   4.862912e+01              0             42              0              3   2.442882e+01   6.770522e-01   9.495925e-01
        156500   1.152276e+00   4.962792e+01              0             48              0              3   2.482456e+01   6.727445e-01   9.663668e-01
        157000   1.124771e+00   5.061483e+01              0             46              0              0   2.440103e+01   6.633719e-01   9.643713e-01
        157500   1.169995e+00   5.160650e+01              0             37              0              1   2.441723e+01   6.601990e-01   9.615447e-01
        158000   1.180743e+00   5.258838e+01              0             33              0              1   2.419259e+01   6.763363e-01   9.533953e-01
        158500   1.156391e+00   5.357787e+01              0             43              0              0   2.419724e+01   6.804552e-01   9.457319e-01
        159000   1.185833e+00   5.455908e+01              0             37              0              2   2.434582e+01   6.652383e-01   9.524463e-01
        159500   1.163581e+00   5.554179e+01              0             40              0              2   2.419323e+01   6.512489e-01   9.687962e-01
        160000   1.186784e+00   3.363837e+01              0             29              0              2   2.439959e+01   6.568801e-01   9.556103e-01
        160500   1.163398e+00   5.749920e+01              0             38              0              1   2.434148e+01   6.632373e-01   9.686896e-01
        161000   1.194509e+00   3.549961e+01              0             40              0              1   2.464649e+01   6.857901e-01   9.529114e-01
        161500   1.206669e+00   3.647868e+01              0             42              0              1   2.448095e+01   7.036018e-01   9.498674e-01
        162000   1.167655e+00   6.037652e+01              0             44              0              1   2.455091e+01   7.140942e-01   9.464121e-01
        162500   1.182094e+00   3.840242e+01              0             43              0              1   2.503929e+01   6.963743e-01   9.609701e-01
        163000   1.200626e+00   3.938708e+01              0             43              0              1   2.482467e+01   6.881196e-01   9.673833e-01
        163500   1.178641e+00   4.037644e+01              0             43              0              1   2.431437e+01   6.849452e-01   9.601652e-01
        164000   1.188767e+00   6.418981e+01              0             36              1              1   2.397945e+01   6.765978e-01   9.644196e-01
        164500   1.195262e+00   4.230664e+01              0             39              2              1   2.465500e+01   6.969024e-01   9.755238e-01
        165000   1.200006e+00   4.330087e+01              0             41              1              2   2.466393e+01   7.093908e-01   9.642946e-01
        165500   1.214079e+00   4.429086e+01              0             42              1              2   2.455693e+01   7.093397e-01   9.620075e-01
        166000   1.203163e+00   4.528374e+01              0             41              2              1   2.409748e+01   7.106319e-01   9.445280e-01
        166500   1.211470e+00   4.628127e+01              0             46              1              2   2.428119e+01   7.212847e-01   9.592715e-01
        167000   1.201127e+00   4.727355e+01              0             42              1              2   2.423659e+01   7.096796e-01   9.659593e-01
        167500   1.205500e+00   4.827078e+01              0             45              1              2   2.415445e+01   6.967803e-01   9.693882e-01
        168000   1.207093e+00   4.926179e+01              0             43              2              2   2.428705e+01   6.898823e-01   9.701293e-01
        168500   1.205230e+00   5.025212e+01              0             38              2              2   2.420634e+01   6.813543e-01   9.584491e-01
        169000   1.196816e+00   5.124236e+01              0             44              2              2   2.458187e+01   6.793792e-01   9.908428e-01
        169500   1.235210e+00   5.221997e+01              0             42              2              1   2.436437e+01   6.789282e-01   9.946481e-01
        170000   1.217109e+00   5.320340e+01              0             42              2              2   2.432399e+01   6.856704e-01   9.835178e-01
        170500   1.215729e+00   5.419966e+01              0             39              2              2   2.441776e+01   6.918251e-01   9.815584e-01
        171000   1.242643e+00   3.616441e+01              0             41              3              2   2.411812e+01   6.893336e-01   9.805629e-01
        171500   1.229067e+00   5.613944e+01              0             40              2              2   2.438563e+01   6.789109e-01   9.760775e-01
        172000   1.191563e+00   5.712345e+01              1             48              2              2   2.452447e+01   6.651750e-01   9.918325e-01
        172500   1.220128e+00   5.811247e+01              0             45              2              2   2.435330e+01   6.625482e-01   9.993863e-01
        173000   1.219640e+00   5.910815e+01              0             43              1              2   2.430063e+01   6.554789e-01   1.005146e+00
        173500   1.214551e+00   6.009935e+01              0             36              2              2   2.433460e+01   6.456339e-01   1.000034e+00
        174000   1.212767e+00   6.109178e+01              0             40              2              1   2.443615e+01   6.608225e-01   9.956987e-01
        174500   1.201400e+00   6.208104e+01              0             45              1              2   2.430164e+01   6.441607e-01   9.920147e-01
        175000   1.217417e+00   6.307695e+01              0             47              2              2   2.439521e+01   6.465484e-01   9.973615e-01
        175500   1.219888e+00   4.419043e+01              0             41              2              2   2.453261e+01   6.536594e-01   9.989630e-01
        176000   1.193220e+00   6.504712e+01              0             46              2              2   2.445869e+01   6.602768e-01   1.006589e+00
        176500   1.184128e+00   8.606089e+01              0             45              1              2   2.438503e+01   6.570171e-01   9.919547e-01
        177000   1.183027e+00   8.702398e+01              0             46              2              2   2.457283e+01   6.437460e-01   1.000232e+00
        177500   1.190646e+00   8.798222e+01              0             45              2              2   2.440589e+01   6.543424e-01   1.004359e+00
        178000   1.224754e+00   6.893058e+01              1             44              2              2   2.478038e+01   6.677487e-01   1.008123e+00
        178500   1.242891e+00   4.926634e+01              1             44              2              2   2.474626e+01   6.793808e-01   9.956599e-01
        179000   1.242121e+00   5.020945e+01              0             40              2              2   2.424591e+01   6.669765e-01   9.919573e-01
        179500   1.251943e+00   5.119555e+01              0             37              2              1   2.421148e+01   6.616176e-01   9.875205e-01
        180000   1.214486e+00   7.269837e+01              1             38              2              2   2.418180e+01   6.741127e-01   9.783117e-01
        180500   1.213912e+00   7.368909e+01              0             37              2              2   2.417021e+01   6.695530e-01   9.787530e-01
        181000   1.236077e+00   5.398029e+01              0             37              2              2   2.408522e+01   6.516294e-01   9.945426e-01
        181500   1.261481e+00   5.497223e+01              0             40              1              2   2.408098e+01   6.287218e-01   1.012075e+00
        182000   1.311066e+00   3.513225e+01              0             33              2              2   2.402844e+01   6.266970e-01   1.006331e+00
        182500   1.282723e+00   5.684141e+01              0             38              2              2   2.400583e+01   6.490590e-01   9.944764e-01
        183000   1.272898e+00   5.780797e+01              0             39              1              1   2.421765e+01   6.538422e-01   9.983399e-01
        183500   1.266433e+00   5.879087e+01              0             39              0              1   2.408011e+01   6.712055e-01   1.000043e+00
        184000   1.305354e+00   3.896340e+01              0             38              1              2   2.421213e+01   6.740726e-01   9.874511e-01
        184500   1.334681e+00   3.995628e+01              1             40              2              2   2.455212e+01   6.846671e-01   9.908671e-01
        185000   1.350873e+00   2.315034e+01              0             40              1              2   2.479561e+01   6.816971e-01   9.982692e-01
        185500   1.373308e+00   2.414389e+01              0             33              1              2   2.421865e+01   7.040191e-01   9.755833e-01
        186000   1.386800e+00   2.513178e+01              0             34              1              2   2.437397e+01   7.197017e-01   9.811055e-01
        186500   1.381242e+00   2.610089e+01              0             35              1              2   2.426328e+01   7.341863e-01   9.750089e-01
        187000   1.374483e+00   2.708084e+01              1             33              1              2   2.440667e+01   7.308336e-01   9.719721e-01
        187500   1.355198e+00   2.807049e+01              0             37              1              2   2.458161e+01   7.472269e-01   9.532066e-01
        188000   1.362727e+00   2.906533e+01              0             39              1              2   2.459481e+01   7.492775e-01   9.587657e-01
        188500   1.370705e+00   3.006115e+01              0             39              2              2   2.476659e+01   7.556922e-01   9.760337e-01
        189000   1.347896e+00   3.104523e+01              0             37              1              2   2.409329e+01   7.484964e-01   9.494327e-01
        189500   1.331999e+00   3.197438e+01              0             42              1              2   2.401315e+01   7.622495e-01   9.519770e-01
        190000   1.325528e+00   3.292576e+01              0             41              1              2   2.399129e+01   7.514608e-01   9.385489e-01
        190500   1.349458e+00   3.385081e+01              0             39              1              2   2.401421e+01   7.617597e-01   9.386223e-01
        191000   1.332124e+00   5.144106e+01              0             38              1              3   2.411783e+01   7.521151e-01   9.555049e-01
        191500   1.306185e+00   5.243443e+01              0             39              2              3   2.386879e+01   7.516186e-01   9.416506e-01
        192000   1.324017e+00   5.343000e+01              0             41              1              1   2.391466e+01   7.745433e-01   9.411791e-01
        192500   1.337257e+00   5.441127e+01              0             41              2              2   2.449410e+01   7.643533e-01   9.464654e-01
        193000   1.320586e+00   5.537202e+01              0             41              2              2   2.463209e+01   7.540303e-01   9.585062e-01
        193500   1.318173e+00   5.636562e+01              0             43              1              2   2.487952e+01   7.728875e-01   9.600224e-01
        194000   1.285813e+00   5.735685e+01              0             40              1              2   2.530484e+01   7.651670e-01   9.606456e-01
        194500   1.320406e+00   5.834617e+01              0             40              2              2   2.537758e+01   7.587679e-01   9.638651e-01
        195000   1.324470e+00   5.934134e+01              0             39              1              2   2.514211e+01   7.567507e-01   9.630380e-01
        195500   1.351026e+00   4.303800e+01              0             35              3              2   2.453339e+01   7.688736e-01   9.437058e-01
        196000   1.339451e+00   4.400887e+01              0             32              1              1   2.516542e+01   7.729555e-01   9.393156e-01
        196500   1.327900e+00   4.496737e+01              0             33              1              1   2.475028e+01   7.810118e-01   9.293375e-01
        197000   1.358597e+00   4.593148e+01              0             32              1              1   2.457593e+01   7.869312e-01   9.310847e-01
        197500   1.375119e+00   4.692680e+01              0             24              1              1   2.430367e+01   8.097432e-01   9.204822e-01
        198000   1.366224e+00   4.791640e+01              0             28              2              1   2.452329e+01   8.081495e-01   9.252875e-01
        198500   1.373620e+00   4.891260e+01              0             27              1              1   2.454439e+01   8.127872e-01   9.119582e-01
        199000   1.355294e+00   4.989935e+01              0             36              1              1   2.464122e+01   8.229466e-01   9.310456e-01
        199500   1.313748e+00   6.757548e+01              0             37              2              1   2.464754e+01   8.344613e-01   9.236090e-01
        200000   1.351350e+00   5.180776e+01              0             30              1              1   2.539413e+01   8.328152e-01   9.380320e-01
        200500   1.358626e+00   5.279943e+01              0             32              2              1   2.557393e+01   8.235642e-01   9.532537e-01
        201000   1.357109e+00   5.379809e+01              0             37              1              2   2.518717e+01   8.289477e-01   9.448112e-01
        201500   1.386021e+00   3.712011e+01              0             36              1              2   2.440321e+01   8.337200e-01   9.368494e-01
        202000   1.452019e+00   2.234616e+01              0             30              1              1   2.448646e+01   8.230963e-01   9.503419e-01
        202500   1.485865e+00   1.182808e+01              0             24              2              1   2.478645e+01   8.149610e-01   9.553049e-01
        203000   1.479464e+00   2.431018e+01              0             27              1              2   2.493003e+01   8.428100e-01   9.607714e-01
        203500   1.489594e+00   2.529292e+01              0             25              1              1   2.435068e+01   8.275519e-01   9.462227e-01
        204000   1.509884e+00   1.470376e+01              0             21              1              1   2.467495e+01   8.148744e-01   9.404780e-01
        204500   1.509380e+00   1.570139e+01              0             20              1              2   2.453300e+01   8.262278e-01   9.451244e-01
        205000   1.499092e+00   1.667014e+01              0             22              1              1   2.449706e+01   8.030514e-01   9.631706e-01
        205500   1.511949e+00   1.765824e+01              0             19              1              2   2.424270e+01   8.250722e-01   9.565779e-01
        206000   1.477167e+00   2.999663e+01              0             22              2              1   2.467716e+01   8.253906e-01   9.476507e-01
        206500   1.479787e+00   3.098199e+01              0             21              2              2   2.453085e+01   8.358904e-01   9.392200e-01
        207000   1.486795e+00   3.197187e+01              0             21              2              2   2.468303e+01   8.454307e-01   9.425198e-01
        207500   1.479736e+00   3.294703e+01              0             19              2              2   2.457480e+01   8.385937e-01   9.343621e-01
        208000   1.480888e+00   3.392822e+01              0             23              1              4   2.420874e+01   8.736198e-01   9.233335e-01
        208500   1.484056e+00   2.335602e+01              0             21              1              2   2.389234e+01   8.809226e-01   9.162530e-01
        209000   1.483503e+00   3.588885e+01              0             20              1              2   2.434671e+01   8.797505e-01   9.216917e-01
        209500   1.483451e+00   2.521477e+01              0             17              1              2   2.437141e+01   8.800709e-01   9.122775e-01
        210000   1.506582e+00   2.617377e+01              0             22              1              2   2.425603e+01   9.032322e-01   9.210081e-01
        210500   1.504166e+00   2.716806e+01              0             23              1              2   2.411662e+01   8.864579e-01   9.233078e-01
        211000   1.494676e+00   3.966558e+01              0             24              1              2   2.432452e+01   8.912917e-01   9.163484e-01
        211500   1.494974e+00   4.061992e+01              0             28              1              2   2.362842e+01   8.895117e-01   9.134367e-01
        212000   1.479672e+00   3.004795e+01              0             27              1              2   2.411278e+01   8.974051e-01   9.161908e-01
        212500   1.457275e+00   4.257041e+01              0             22              1              2   2.442206e+01   8.816158e-01   9.041062e-01
        213000   1.507393e+00   3.178997e+01              0             24              1              2   2.408871e+01   8.836372e-01   9.167581e-01
        213500   1.531607e+00   3.278529e+01              0             20              1              2   2.455478e+01   8.926971e-01   9.204752e-01
        214000   1.539230e+00   3.370574e+01              0             26              2              2   2.427793e+01   9.036785e-01   9.205756e-01
        214500   1.560005e+00   3.466636e+01              0             21              1              2   2.441587e+01   9.215605e-01   9.085029e-01
        215000   1.549747e+00   2.430658e+01              0             22              1              2   2.397565e+01   9.157077e-01   9.018104e-01
        215500   1.474305e+00   4.738246e+01              0             25              1              2   2.438838e+01   8.981469e-01   9.038444e-01
        216000   1.448735e+00   4.836258e+01              0             25              1              1   2.461925e+01   9.165758e-01   9.060467e-01
        216500   1.467007e+00   4.935723e+01              0             22              1              2   2.466848e+01   9.250009e-01   9.025903e-01
        217000   1.465403e+00   5.034733e+01              0             28              1              1   2.440318e+01   9.345500e-01   9.121181e-01
        217500   1.488500e+00   5.133546e+01              0             26              1              2   2.440609e+01   9.336185e-01   9.067101e-01
        218000   1.462557e+00   5.232382e+01              0             28              1              2   2.411495e+01   9.326254e-01   9.037923e-01
        218500   1.468328e+00   5.332183e+01              0             28              2              2   2.399589e+01   9.456104e-01   9.012830e-01
        219000   1.482029e+00   4.269014e+01              0             30              1              2   2.372418e+01   9.498360e-01   9.011554e-01
        219500   1.500508e+00   4.365834e+01              0             21              1              2   2.323299e+01   9.359216e-01   8.903175e-01
        220000   1.495866e+00   4.463605e+01              0             24              1              2   2.363259e+01   9.202232e-01   8.996944e-01
        220500   1.489414e+00   5.718739e+01              0             26              1              2   2.373200e+01   9.237568e-01   9.066019e-01
        221000   1.485986e+00   5.816180e+01              0             24              1              1   2.359322e+01   9.310486e-01   8.933548e-01
        221500   1.471303e+00   5.915403e+01              0             29              2              2   2.365060e+01   9.470785e-01   9.036398e-01
        222000   1.462777e+00   6.014576e+01              0             29              2              2   2.349275e+01   9.495642e-01   8.955889e-01
        222500   1.466513e+00   6.114292e+01              0             19              2              2   2.299427e+01   9.518232e-01   8.639526e-01
        223000   1.455816e+00   6.213734e+01              0             20              2              0   2.344294e+01   9.591429e-01   8.759874e-01
        223500   1.458966e+00   6.312763e+01              0             22              2              1   2.363544e+01   9.788111e-01   8.672562e-01
        224000   1.485178e+00   5.183064e+01              0             24              1              1   2.319928e+01   9.706131e-01   8.650623e-01
        224500   1.499299e+00   5.281852e+01              0             18              1              1   2.355037e+01   9.834113e-01   8.769045e-01
        225000   1.488837e+00   5.380002e+01              0             23              1              1   2.339536e+01   9.847161e-01   8.812239e-01
        225500   1.512175e+00   5.477115e+01              0             17              1              1   2.298810e+01   9.687451e-01   8.706872e-01
        226000   1.550296e+00   3.938501e+01              0             20              1              1   2.315476e+01   9.728842e-01   8.735247e-01
        226500   1.569131e+00   4.038115e+01              0             18              2              1   2.334058e+01   9.812644e-01   8.794469e-01
        227000   1.555752e+00   4.137833e+01              0             17              2              1   2.275106e+01   9.737186e-01   8.730353e-01
        227500   1.538634e+00   4.233746e+01              0             13              2              1   2.296344e+01   9.711257e-01   8.750076e-01
        228000   1.559051e+00   4.330607e+01              0             15              2              1   2.275408e+01   9.742458e-01   8.728193e-01
        228500   1.577465e+00   4.429464e+01              0             19              1              1   2.289401e+01   9.729018e-01   8.749450e-01
        229000   1.612643e+00   2.827297e+01              0             11              1              1   2.302296e+01   9.811564e-01   8.692186e-01
        229500   1.610354e+00   2.926736e+01              0             20              1              1   2.278507e+01   9.712262e-01   8.789724e-01
        230000   1.637548e+00   1.646960e+01              0             16              1              1   2.295023e+01   9.706565e-01   8.984546e-01
        230500   1.610509e+00   3.124729e+01              0             18              1              2   2.244237e+01   9.831953e-01   8.810882e-01
        231000   1.600700e+00   3.224491e+01              0             23              1              1   2.206583e+01   9.727878e-01   8.742008e-01
        231500   1.603722e+00   3.323882e+01              0             17              1              2   2.212283e+01   9.788104e-01   8.815362e-01
        232000   1.644799e+00   3.421489e+01              0             18              1              3   2.225610e+01   9.728153e-01   8.812243e-01
        232500   1.624962e+00   3.518761e+01              0             19              2              2   2.227392e+01   9.818209e-01   8.772647e-01
        233000   1.608363e+00   3.618162e+01              0             18              1              2   2.221922e+01   9.909229e-01   8.759520e-01
        233500   1.669663e+00   2.279831e+01              0             13              2              1   2.237657e+01   9.861889e-01   8.767562e-01
        234000   1.665507e+00   2.379093e+01              0             13              2              1   2.266583e+01   9.778046e-01   8.723059e-01
        234500   1.691761e+00   2.478336e+01              0             15              1              1   2.284222e+01   9.705728e-01   8.908718e-01
        235000   1.684547e+00   2.576220e+01              0             16              2              0   2.231690e+01   9.665973e-01   8.891092e-01
        235500   1.718777e+00   1.592653e+01              0             14              1              1   2.221259e+01   9.609829e-01   8.769953e-01
        236000   1.734444e+00   1.691844e+01              0             15              1              1   2.285132e+01   9.684279e-01   8.956671e-01
        236500   1.718253e+00   1.791247e+01              0             14              1              1   2.244664e+01   9.606668e-01   8.785678e-01
        237000   1.701767e+00   1.889790e+01              0             16              1              1   2.279293e+01   9.616674e-01   8.808772e-01
        237500   1.657615e+00   3.030204e+01              0             12              2              1   2.259156e+01   9.574338e-01   8.760696e-01
        238000   1.718944e+00   2.075500e+01              0             13              1              1   2.259320e+01   9.627256e-01   8.888808e-01
        238500   1.734865e+00   2.174877e+01              0             13              1              1   2.243022e+01   9.631138e-01   8.814984e-01
        239000   1.713996e+00   2.273935e+01              0             15              1              1   2.254287e+01   9.597921e-01   8.909110e-01
        239500   1.696769e+00   2.372773e+01              0             15              1              1   2.234002e+01   9.615387e-01   8.936436e-01
        240000   1.692757e+00   3.477041e+01              0             20              2              1   2.257968e+01   9.665306e-01   8.943987e-01
        240500   1.703588e+00   2.569147e+01              0             19              3              1   2.267114e+01   9.658359e-01   8.907865e-01
        241000   1.690252e+00   3.670068e+01              0             17              1              1   2.253972e+01   9.723136e-01   8.851700e-01
        241500   1.687317e+00   3.767721e+01              0             17              1              1   2.290489e+01   9.765588e-01   8.931054e-01
        242000   1.692732e+00   2.852476e+01              0             12              2              1   2.199367e+01   9.697730e-01   8.865430e-01
        242500   1.673084e+00   3.964912e+01              0             12              2              1   2.259621e+01   9.740538e-01   8.821155e-01
        243000   1.664355e+00   4.064410e+01              0             13              2              1   2.243186e+01   9.701620e-01   8.936881e-01
        243500   1.662505e+00   4.164000e+01              0             12              2              1   2.203173e+01   9.803970e-01   8.778383e-01
        244000   1.665858e+00   4.262956e+01              0             16              2              1   2.259449e+01   9.794681e-01   8.854045e-01
        244500   1.698187e+00   3.303506e+01              0             10              2              1   2.262928e+01   9.919411e-01   8.871909e-01
        245000   1.686379e+00   4.449426e+01              0             14              2              1   2.246218e+01   9.733580e-01   8.837710e-01
        245500   1.704452e+00   4.546038e+01              0             12              2              1   2.201753e+01   9.646950e-01   8.733247e-01
        246000   1.688694e+00   4.640657e+01              0             12              2              1   2.228268e+01   9.644936e-01   8.908856e-01
        246500   1.693435e+00   4.735758e+01              0             14              2              1   2.236941e+01   9.727891e-01   8.893611e-01
        247000   1.710460e+00   3.789801e+01              0             11              2              1   2.265676e+01   9.749693e-01   9.007095e-01
        247500   1.761650e+00   2.693601e+01              0             10              2              0   2.278644e+01   9.734973e-01   8.963070e-01
        248000   1.749863e+00   2.792686e+01              0             11              2              1   2.320519e+01   9.732090e-01   9.042865e-01
        248500   1.755389e+00   2.889896e+01              0             10              2              1   2.330139e+01   9.745551e-01   9.066773e-01
        249000   1.774106e+00   2.989662e+01              0              9              2              1   2.355133e+01   9.877549e-01   9.142011e-01
        249500   1.801065e+00   1.909460e+01              0              9              2              1   2.329561e+01   9.766214e-01   9.023029e-01
        250000   1.794537e+00   2.006603e+01              0              8              2              1   2.356573e+01   9.743720e-01   9.005845e-01
        250500   1.780793e+00   2.103086e+01              0              8              2              1   2.301491e+01   9.729131e-01   8.995205e-01
        251000   1.790471e+00   3.375386e+01              0              9              2              1   2.296262e+01   9.782280e-01   8.987990e-01
        251500   1.769672e+00   3.474117e+01              0              9              1              1   2.286026e+01   9.883351e-01   8.959817e-01
        252000   1.773495e+00   3.571775e+01              0             10              2              1   2.285552e+01   9.879045e-01   8.913170e-01
        252500   1.766334e+00   3.671419e+01              0             10              2              1   2.272073e+01   9.786851e-01   9.003910e-01
        253000   1.802320e+00   2.566915e+01              0              9              2              1   2.285325e+01   9.876956e-01   9.010077e-01
        253500   1.785987e+00   2.663333e+01              0              8              2              1   2.301558e+01   9.965315e-01   9.119016e-01
        254000   1.811694e+00   2.761165e+01              0              7              2              1   2.254794e+01   9.790956e-01   9.007692e-01
        254500   1.842472e+00   2.858784e+01              0              6              1              2   2.250186e+01   9.841974e-01   9.000765e-01
        255000   1.862130e+00   1.821109e+01              0              6              1              0   2.240185e+01   9.919090e-01   9.046275e-01
        255500   1.857800e+00   1.919519e+01              0              6              2              1   2.275992e+01   9.894055e-01   9.074400e-01
        256000   1.807028e+00   3.143353e+01              0              7              2              1   2.284424e+01   9.907529e-01   9.090859e-01
        256500   1.852909e+00   2.102448e+01              0              5              1              0   2.229925e+01   9.884565e-01   9.061836e-01
        257000   1.852123e+00   2.200797e+01              0              6              2              2   2.237988e+01   9.830333e-01   9.000715e-01
        257500   1.812043e+00   3.431529e+01              0              6              2              2   2.247172e+01   9.807335e-01   9.121676e-01
        258000   1.790275e+00   3.529777e+01              0              6              2              3   2.297571e+01   9.834092e-01   9.147264e-01
        258500   1.820307e+00   3.628015e+01              0              6              1              1   2.327391e+01   9.746285e-01   9.088061e-01
        259000   1.876747e+00   2.549961e+01              0              6              1              2   2.332449e+01   9.689870e-01   9.078105e-01
        259500   1.875483e+00   2.648915e+01              0              6              2              1   2.301347e+01   9.712536e-01   9.104305e-01
        260000   1.841494e+00   2.746816e+01              0              7              2              2   2.326088e+01   9.803649e-01   9.134812e-01
        260500   1.825579e+00   3.996499e+01              0              6              2              2   2.318338e+01   9.864420e-01   9.053808e-01
        261000   1.842629e+00   2.934437e+01              0              6              2              1   2.367495e+01   9.836412e-01   9.229171e-01
        261500   1.862735e+00   3.033478e+01              0              6              1              3   2.327132e+01   9.915745e-01   9.128672e-01
        262000   1.881706e+00   3.132535e+01              0              7              2              1   2.308614e+01   9.889389e-01   9.074940e-01
        262500   1.869259e+00   3.232106e+01              0              5              1              2   2.310248e+01   9.755844e-01   9.208623e-01
        263000   1.894968e+00   2.169094e+01              0              6              1              3   2.272739e+01   9.810354e-01   9.225657e-01
        263500   1.907767e+00   2.266980e+01              0              6              2              1   2.331664e+01   9.736186e-01   9.200094e-01
        264000   1.891215e+00   2.364488e+01              0              7              2              1   2.332367e+01   9.787681e-01   9.195214e-01
        264500   1.942889e+00   1.442009e+01              0              8              2              2   2.303105e+01   9.695011e-01   9.238633e-01
        265000   1.931732e+00   2.559712e+01              0              9              2              3   2.305490e+01   9.861697e-01   9.250798e-01
        265500   1.914667e+00   2.659555e+01              0              8              2              2   2.288983e+01   9.850460e-01   9.218993e-01
        266000   1.928835e+00   2.759063e+01              0              8              1              2   2.264767e+01   9.970284e-01   9.169873e-01
        266500   1.929524e+00   1.808597e+01              0              7              2              2   2.260070e+01   9.933470e-01   9.072659e-01
        267000   1.958005e+00   1.905692e+01              0              7              1              2   2.247168e+01   9.887690e-01   9.015100e-01
        267500   1.937115e+00   3.049850e+01              0              6              1              1   2.291497e+01   9.864562e-01   9.078429e-01
        268000   1.935879e+00   3.147898e+01              0              7              2              1   2.294654e+01   9.930223e-01   9.120267e-01
        268500   1.950926e+00   2.187251e+01              0              9              2              2   2.254572e+01   9.944578e-01   9.090754e-01
        269000   1.952473e+00   2.283702e+01              0              8              1              2   2.212347e+01   9.884591e-01   8.967178e-01
        269500   2.011336e+00   1.434603e+01              0              6              2              2   2.216692e+01   9.884567e-01   9.007752e-01
        270000   1.978983e+00   2.474653e+01              0              5              1              2   2.224443e+01   9.918159e-01   9.007406e-01
        270500   2.006350e+00   1.627765e+01              0              5              1              0   2.176647e+01   9.764418e-01   9.034921e-01
        271000   2.017540e+00   1.726599e+01              0              8              1              2   2.202605e+01   9.849244e-01   9.143487e-01
        271500   2.034143e+00   1.825313e+01              0              5              1              1   2.199082e+01   9.729341e-01   9.048082e-01
        272000   2.091808e+00   1.158722e+01              0              3              1              0   2.230728e+01   9.898548e-01   9.068612e-01
        272500   2.131085e+00   7.127954e+00              0              3              0              1   2.215281e+01   9.743561e-01   9.003753e-01
        273000   2.164306e+00   4.629708e+00              0              2              0              0   2.250851e+01   9.714413e-01   9.055273e-01
        273500   2.179756e+00   5.628723e+00              0              3              0              0   2.236574e+01   9.685723e-01   9.159552e-01
        274000   2.202435e+00   4.260680e+00              0              3              0              0   2.225029e+01   9.728687e-01   9.098246e-01
        274500   2.192465e+00   7.576312e+00              0              3              0              0   2.199483e+01   9.645360e-01   9.015974e-01
        275000   2.178187e+00   8.549325e+00              0              3              0              0   2.272594e+01   9.630616e-01   9.137687e-01
        275500   2.157115e+00   9.540664e+00              0              3              0              1   2.266811e+01   9.761856e-01   9.035247e-01
        276000   2.140517e+00   1.050671e+01              0              3              0              0   2.253893e+01   9.709601e-01   8.925435e-01
        276500   2.220890e+00   8.693385e+00              0              3              0              0   2.253481e+01   9.832634e-01   9.049697e-01
        277000   2.211933e+00   9.684667e+00              0              3              0              1   2.303496e+01   9.856191e-01   9.097998e-01
        277500   2.198930e+00   1.327513e+01              0              3              0              1   2.266937e+01   9.840047e-01   9.018801e-01
        278000   2.188946e+00   1.426003e+01              0              4              0              1   2.276162e+01   9.832718e-01   9.110368e-01
        278500   2.171450e+00   1.525180e+01              0              3              0              1   2.262500e+01   9.821913e-01   9.087417e-01
        279000   2.173142e+00   1.624385e+01              0              3              0              0   2.225594e+01   9.766907e-01   8.917455e-01
        279500   2.186547e+00   1.723904e+01              0              1              0              0   2.242759e+01   9.873093e-01   9.008040e-01
        280000   2.209586e+00   1.526112e+01              0              3              0              1   2.251923e+01   9.740595e-01   9.102186e-01
        280500   2.245175e+00   1.157670e+01              0              1              0              0   2.247356e+01   9.797368e-01   9.106313e-01
        281000   2.253713e+00   1.255463e+01              0              3              0              0   2.208189e+01   9.719118e-01   9.033345e-01
        281500   2.307456e+00   8.346254e+00              0              2              0              0   2.193571e+01   9.789420e-01   9.049423e-01
        282000   2.314693e+00   9.343753e+00              0              0              0              0   2.179367e+01   9.822848e-01   8.946048e-01
        282500   2.277034e+00   1.538371e+01              0              1              0              0   2.222809e+01   9.843358e-01   8.962228e-01
        283000   2.267849e+00   1.637434e+01              0              1              0              0   2.293768e+01   9.922943e-01   8.904066e-01
        283500   2.304113e+00   1.211076e+01              0              0              0              0   2.214940e+01   9.935308e-01   8.854463e-01
        284000   2.309978e+00   1.310330e+01              0              1              0              0   2.194439e+01   9.798909e-01   8.773234e-01
        284500   2.299999e+00   1.918262e+01              0              0              0              0   2.207585e+01   9.659337e-01   8.724666e-01
        285000   2.261068e+00   2.017414e+01              0              1              0              0   2.234806e+01   9.752812e-01   8.811512e-01
        285500   2.237477e+00   2.426080e+01              0              1              0              0   2.166000e+01   9.716373e-01   8.802252e-01
        286000   2.235147e+00   2.525441e+01              0              1              0              0   2.176585e+01   9.729484e-01   8.745868e-01
        286500   2.224694e+00   2.625134e+01              0              1              0              0   2.236278e+01   9.683683e-01   8.829752e-01
        287000   2.211543e+00   2.723721e+01              0              1              0              0   2.284258e+01   9.490281e-01   8.994664e-01
        287500   2.184550e+00   2.802057e+01              0              1              0              0   2.299844e+01   9.515136e-01   8.860483e-01
        288000   2.204604e+00   2.916165e+01              0              1              0              0   2.344831e+01   9.519632e-01   9.049492e-01
        288500   2.177029e+00   2.997263e+01              0              1              0              0   2.296445e+01   9.522247e-01   8.972198e-01
        289000   2.173406e+00   3.096975e+01              0              1              0              0   2.270805e+01   9.552220e-01   8.844704e-01
        289500   2.186585e+00   3.196819e+01              0              1              0              0   2.278183e+01   9.735611e-01   8.905865e-01
        290000   2.200042e+00   3.277677e+01              0              1              0              0   2.259401e+01   9.713154e-01   9.007722e-01
        290500   2.184555e+00   3.392517e+01              0              1              0              0   2.203375e+01   9.752122e-01   8.876469e-01
        291000   2.168489e+00   3.492169e+01              0              1              0              0   2.225550e+01   9.647065e-01   8.897718e-01
        291500   2.165797e+00   3.590822e+01              0              3              1              0   2.212631e+01   9.671953e-01   8.844358e-01
        292000   2.092008e+00   2.897714e+01              0              3              0              0   2.207460e+01   9.582663e-01   8.822891e-01
        292500   2.112430e+00   3.408648e+01              0              2              0              0   2.200873e+01   9.579254e-01   8.779361e-01
        293000   2.091355e+00   3.092037e+01              0              2              0              0   2.206253e+01   9.629822e-01   8.847212e-01
        293500   2.085251e+00   3.190449e+01              0              1              0              0   2.202013e+01   9.691108e-01   8.949878e-01
        294000   2.113058e+00   3.688992e+01              0              1              0              0   2.146646e+01   9.750730e-01   8.843025e-01
        294500   2.094843e+00   3.385751e+01              0              1              0              0   2.106969e+01   9.766488e-01   8.855848e-01
        295000   2.047130e+00   3.297084e+01              0              3              0              0   2.114473e+01   9.748812e-01   8.830552e-01
        295500   2.066073e+00   3.579247e+01              0              4              0              0   2.111813e+01   9.785958e-01   8.815268e-01
        296000   2.057212e+00   3.677884e+01              0              4              0              0   2.156001e+01   9.669765e-01   8.805947e-01
        296500   2.047021e+00   3.775760e+01              0              2              0              0   2.162558e+01   9.741167e-01   8.806880e-01
        297000   2.032190e+00   3.679138e+01              0              3              0              0   2.134843e+01   9.879289e-01   8.732734e-01
        297500   2.040286e+00   3.966484e+01              0              3              0              0   2.054871e+01   9.796326e-01   8.656434e-01
        298000   1.990271e+00   3.953504e+01              0              3              0              0   2.092714e+01   9.879573e-01   8.714000e-01
        298500   2.020265e+00   3.968977e+01              0              1              0              0   2.095523e+01   9.773517e-01   8.722047e-01
        299000   1.995226e+00   4.146117e+01              0              3              0              0   2.077202e+01   9.820403e-01   8.612193e-01
        299500   1.989364e+00   4.163605e+01              0              4              0              0   2.050511e+01   9.970944e-01   8.728146e-01
        300000   2.002686e+00   4.339296e+01              0              3              0              0   2.056818e+01   9.962607e-01   8.628965e-01
        300500   2.038260e+00   4.357153e+01              0              3              0              0   2.082808e+01   9.996374e-01   8.692911e-01
        301000   2.034647e+00   4.456203e+01              0              3              0              0   2.034254e+01   1.003940e+00   8.525504e-01
        301500   2.060741e+00   4.546671e+01              0              3              0              0   2.061554e+01   1.001475e+00   8.613952e-01
        302000   2.079869e+00   4.727041e+01              0              0              0              0   2.004609e+01   9.976130e-01   8.428897e-01
        302500   2.067426e+00   4.826902e+01              0              0              0              0   2.058846e+01   1.002089e+00   8.564976e-01
        303000   2.094435e+00   4.967569e+01              0              0              0              0   1.986277e+01   9.900403e-01   8.388373e-01
        303500   2.050378e+00   5.024446e+01              0              0              0              0   1.999916e+01   1.003252e+00   8.461273e-01
        304000   2.040126e+00   5.000143e+01              0              0              0              0   2.059334e+01   9.965229e-01   8.571176e-01
        304500   2.067610e+00   5.211414e+01              0              0              0              0   2.020369e+01   9.967265e-01   8.577123e-01
        305000   2.117161e+00   5.283788e+01              0              0              0              0   2.024206e+01   9.987974e-01   8.639171e-01
        305500   2.135289e+00   5.382421e+01              0              0              0              0   2.023072e+01   1.007755e+00   8.669408e-01
        306000   2.138257e+00   5.480673e+01              0              0              0              0   2.028570e+01   1.003331e+00   8.619176e-01
        306500   2.129207e+00   5.580063e+01              0              0              0              0   2.042111e+01   1.001688e+00   8.630998e-01
        307000   2.129494e+00   5.678912e+01              0              0              0              0   2.035133e+01   9.932535e-01   8.601466e-01
        307500   2.144317e+00   5.423028e+01              0              0              0              0   2.061073e+01   9.961693e-01   8.707625e-01
        308000   2.164183e+00   5.520987e+01              0              0              0              0   2.067315e+01   9.993111e-01   8.840218e-01
        308500   2.186434e+00   5.620518e+01              0              0              0              0   2.043640e+01   9.831560e-01   8.751061e-01
        309000   2.243689e+00   3.671256e+01              0              0              0              0   2.026028e+01   9.929510e-01   8.714937e-01
        309500   2.264289e+00   3.769530e+01              0              0              0              0   2.074497e+01   9.888098e-01   8.716959e-01
        310000   2.280245e+00   2.579598e+01              0              0              0              0   2.063021e+01   1.001384e+00   8.719302e-01
        310500   2.334242e+00   2.675926e+01              0              0              0              0   2.062110e+01   9.948435e-01   8.710091e-01
        311000   2.353556e+00   1.656083e+01              0              0              0              0   2.069589e+01   9.940065e-01   8.699353e-01
        311500   2.391749e+00   9.429224e+00              0              0              0              0   2.054754e+01   1.009286e+00   8.765793e-01
        312000   2.419095e+00   1.041563e+01              0              0              0              0   2.029260e+01   1.000941e+00   8.732595e-01
        312500   2.410447e+00   1.141131e+01              0              0              0              0   2.006023e+01   1.005505e+00   8.724711e-01
        313000   2.391933e+00   2.032876e+01              0              0              0              0   2.011788e+01   9.961087e-01   8.676189e-01
        313500   2.422889e+00   1.337164e+01              0              0              0              0   2.032419e+01   1.015744e+00   8.736605e-01
        314000   2.432520e+00   1.436183e+01              0              0              0              0   1.987923e+01   1.007876e+00   8.587064e-01
        314500   2.473788e+00   9.534437e+00              0              0              0              0   1.991438e+01   1.010311e+00   8.692794e-01
        315000   2.483311e+00   1.052184e+01              0              0              0              0   1.976466e+01   1.009690e+00   8.610571e-01
        315500   2.489183e+00   1.151410e+01              0              0              0              0   1.991378e+01   1.017412e+00   8.671565e-01
        316000   2.477090e+00   1.249616e+01              0              0              0              0   2.025300e+01   9.960319e-01   8.658652e-01
        316500   2.498574e+00   9.029423e+00              0              0              0              0   2.056841e+01   9.979552e-01   8.674307e-01
        317000   2.509618e+00   1.001377e+01              0              0              0              0   2.013072e+01   9.928191e-01   8.376827e-01
        317500   2.530982e+00   1.100481e+01              0              0              0              0   2.011980e+01   9.923868e-01   8.442917e-01
        318000   2.477538e+00   1.613387e+01              0              0              0              0   2.039459e+01   9.884321e-01   8.526018e-01
        318500   2.484049e+00   1.713159e+01              0              0              0              0   2.043317e+01   9.841471e-01   8.647170e-01
        319000   2.496303e+00   1.383589e+01              0              0              0              0   2.030124e+01   9.961871e-01   8.694337e-01
        319500   2.496078e+00   1.903101e+01              0              0              0              0   2.061249e+01   9.921552e-01   8.756664e-01
        320000   2.467344e+00   2.002723e+01              0              0              0              0   2.074726e+01   9.873153e-01   8.711678e-01
        320500   2.471453e+00   2.102369e+01              0              0              0              0   2.069474e+01   9.879097e-01   8.685730e-01
        321000   2.493626e+00   1.749352e+01              0              0              0              0   2.033965e+01   9.935731e-01   8.585761e-01
        321500   2.444428e+00   2.299607e+01              0              0              0              0   2.076996e+01   9.831765e-01   8.653004e-01
        322000   2.413694e+00   2.720294e+01              0              0              0              0   2.092299e+01   9.846469e-01   8.650802e-01
        322500   2.408180e+00   2.818730e+01              0              0              0              0   2.135139e+01   9.746992e-01   8.657764e-01
        323000   2.426552e+00   2.918074e+01              0              0              0              0   2.109821e+01   9.726610e-01   8.619235e-01
        323500   2.445507e+00   3.016273e+01              0              0              0              0   2.115134e+01   9.758649e-01   8.717122e-01
        324000   2.481482e+00   2.750651e+01              0              0              0              0   2.098084e+01   9.657788e-01   8.631736e-01
        324500   2.537301e+00   2.265722e+01              0              0              0              0   2.070669e+01   9.697090e-01   8.568821e-01
        325000   2.529861e+00   1.615514e+01              0              0              0              0   2.100351e+01   9.726372e-01   8.613665e-01
        325500   2.557517e+00   1.712680e+01              0              0              0              0   2.074924e+01   9.631733e-01   8.572441e-01
        326000   2.574849e+00   1.811865e+01              0              0              0              0   2.063785e+01   9.618890e-01   8.507167e-01
