          step              r      E_metad_r      n_cont_CA   n_cont_heavy       n_saltbr        n_hbond           SASA           RMSD             Rg 
             0   5.891815e-01   0.000000e+00              0             30              5             11   1.099182e+01   0.000000e+00   5.653543e-01
           500   5.918510e-01   9.934200e-01              0             28              5             10   1.119044e+01   9.133320e-02   5.633989e-01
          1000   5.777487e-01   1.988241e+00              0             30              5             10   1.102922e+01   1.054576e-01   5.587619e-01
          1500   5.747629e-01   2.982223e+00              0             30              5             10   1.117628e+01   1.057736e-01   5.636509e-01
          2000   5.550343e-01   3.975161e+00              0             30              5              9   1.105228e+01   1.009232e-01   5.614942e-01
          2500   5.874530e-01   4.963956e+00              0             30              5             10   1.125218e+01   1.014355e-01   5.687885e-01
          3000   5.876489e-01   5.950538e+00              0             28              5             11   1.132560e+01   9.583783e-02   5.700008e-01
          3500   5.995753e-01   6.247718e+00              0             29              5             10   1.112107e+01   9.278870e-02   5.691367e-01
          4000   5.741695e-01   7.929386e+00              0             29              5              9   1.101186e+01   8.977786e-02   5.659897e-01
          4500   5.922572e-01   8.873557e+00              0             28              5              8   1.117886e+01   1.009972e-01   5.702145e-01
          5000   6.094764e-01   9.092720e+00              0             29              5              9   1.103432e+01   1.041680e-01   5.649629e-01
          5500   6.053337e-01   1.008824e+01              0             30              5              8   1.108387e+01   1.244775e-01   5.651736e-01
          6000   6.233366e-01   1.105200e+01              0             27              5             10   1.128033e+01   1.254378e-01   5.741368e-01
          6500   5.909682e-01   1.264466e+01              0             29              5             12   1.102262e+01   1.190368e-01   5.630004e-01
          7000   5.748586e-01   1.362868e+01              0             29              5              9   1.094859e+01   1.363102e-01   5.600722e-01
          7500   5.725198e-01   1.462304e+01              0             28              5             10   1.109401e+01   1.519665e-01   5.654373e-01
          8000   6.103340e-01   1.481525e+01              0             28              5              9   1.117911e+01   1.430153e-01   5.674568e-01
          8500   5.744164e-01   1.654945e+01              0             30              5              7   1.101687e+01   1.473572e-01   5.574046e-01
          9000   5.814310e-01   1.754473e+01              0             29              4              8   1.115625e+01   1.359399e-01   5.675687e-01
          9500   5.848420e-01   1.853880e+01              0             29              5              9   1.126047e+01   1.118231e-01   5.680816e-01
         10000   5.777429e-01   1.951487e+01              0             29              5              9   1.114291e+01   1.454261e-01   5.665713e-01
         10500   5.656394e-01   2.049448e+01              0             30              5             11   1.097436e+01   1.526327e-01   5.647938e-01
         11000   5.875215e-01   2.148249e+01              0             29              4             10   1.098370e+01   1.578929e-01   5.581650e-01
         11500   5.710382e-01   2.247169e+01              0             30              4              8   1.100124e+01   1.642129e-01   5.580349e-01
         12000   6.073875e-01   2.209019e+01              0             27              5             10   1.125594e+01   1.711164e-01   5.677520e-01
         12500   5.753331e-01   2.443759e+01              0             30              5             11   1.134246e+01   1.734106e-01   5.711619e-01
         13000   5.679127e-01   2.543086e+01              0             30              4              9   1.104273e+01   1.471741e-01   5.602502e-01
         13500   5.804140e-01   2.641935e+01              0             29              5             10   1.123435e+01   1.548801e-01   5.688058e-01
         14000   5.910883e-01   2.741494e+01              0             29              5              9   1.127134e+01   1.260910e-01   5.753522e-01
         14500   5.941083e-01   2.840827e+01              0             29              5             11   1.114081e+01   1.072244e-01   5.647973e-01
         15000   5.793325e-01   2.939430e+01              0             28              5              9   1.119659e+01   1.173276e-01   5.677971e-01
         15500   5.915111e-01   3.038527e+01              0             29              5             12   1.109712e+01   1.105637e-01   5.610340e-01
         16000   5.870409e-01   3.136257e+01              0             29              5              8   1.114516e+01   1.010695e-01   5.645517e-01
         16500   5.776163e-01   3.232146e+01              0             30              6              8   1.092812e+01   9.977795e-02   5.609386e-01
         17000   5.772285e-01   3.331891e+01              0             30              5             12   1.116542e+01   9.298530e-02   5.660752e-01
         17500   5.845627e-01   3.430531e+01              0             31              5              9   1.101208e+01   1.074860e-01   5.623408e-01
         18000   5.713556e-01   3.529864e+01              0             29              5             11   1.103870e+01   9.527327e-02   5.579267e-01
         18500   5.827690e-01   3.628710e+01              0             28              5              8   1.107025e+01   9.767870e-02   5.632270e-01
         19000   5.770513e-01   3.728055e+01              0             31              5              9   1.087639e+01   1.149310e-01   5.563146e-01
         19500   5.737243e-01   3.827040e+01              0             32              5              8   1.092835e+01   9.364133e-02   5.599150e-01
         20000   5.875440e-01   3.925829e+01              0             29              5             10   1.107294e+01   1.107038e-01   5.599850e-01
         20500   5.889418e-01   4.024668e+01              0             33              5              9   1.110207e+01   1.076047e-01   5.639407e-01
         21000   5.974224e-01   4.122560e+01              0             30              5             10   1.112478e+01   1.177329e-01   5.629816e-01
         21500   5.888601e-01   4.221504e+01              0             31              5              8   1.093680e+01   1.213163e-01   5.581946e-01
         22000   5.853492e-01   4.320610e+01              0             31              5              8   1.092517e+01   1.036268e-01   5.586088e-01
         22500   5.650319e-01   4.419845e+01              0             32              5              9   1.125924e+01   9.571239e-02   5.617857e-01
         23000   5.669626e-01   4.518997e+01              0             33              5              7   1.101375e+01   1.053744e-01   5.550059e-01
         23500   5.713782e-01   4.618870e+01              0             30              5              8   1.121288e+01   8.302341e-02   5.650701e-01
         24000   5.756184e-01   4.718631e+01              0             30              5              7   1.105703e+01   8.055738e-02   5.612076e-01
         24500   5.536109e-01   4.089646e+01              0             31              5              7   1.098747e+01   8.356003e-02   5.544459e-01
         25000   5.686247e-01   4.916702e+01              0             34              5              7   1.110306e+01   9.370321e-02   5.563930e-01
         25500   5.339933e-01   4.275989e+01              0             32              5              8   1.098253e+01   1.009740e-01   5.538819e-01
         26000   5.690173e-01   5.107913e+01              0             29              5              8   1.082822e+01   9.510761e-02   5.469745e-01
         26500   5.758312e-01   5.207455e+01              0             32              5              6   1.087346e+01   8.211872e-02   5.491889e-01
         27000   5.414690e-01   4.551232e+01              0             34              5              8   1.076386e+01   1.138341e-01   5.433425e-01
         27500   5.807098e-01   5.401431e+01              0             32              5              9   1.104996e+01   1.247431e-01   5.522468e-01
         28000   5.547140e-01   5.499538e+01              0             32              5              8   1.112041e+01   1.373312e-01   5.521984e-01
         28500   5.593486e-01   5.590973e+01              0             35              5              9   1.096283e+01   1.197797e-01   5.523905e-01
         29000   5.451532e-01   4.926690e+01              0             34              5              6   1.092244e+01   1.215794e-01   5.545601e-01
         29500   5.548843e-01   5.781471e+01              0             31              5              8   1.087346e+01   1.270748e-01   5.474149e-01
         30000   5.505057e-01   5.108336e+01              0             34              5              9   1.089531e+01   1.242437e-01   5.500954e-01
         30500   5.442401e-01   5.207901e+01              0             35              6              8   1.072340e+01   1.530733e-01   5.431510e-01
         31000   5.332450e-01   5.307545e+01              0             34              6              8   1.074661e+01   1.681519e-01   5.423394e-01
         31500   5.434433e-01   5.407136e+01              0             32              6             10   1.065931e+01   1.570962e-01   5.437661e-01
         32000   5.294210e-01   5.506792e+01              0             34              6              8   1.076815e+01   1.429689e-01   5.411066e-01
         32500   5.141821e-01   3.927983e+01              0             32              8              7   1.075614e+01   1.383028e-01   5.508236e-01
         33000   5.303792e-01   5.703597e+01              0             33              5              6   1.086588e+01   1.344596e-01   5.503277e-01
         33500   5.418724e-01   5.803177e+01              0             30              5              9   1.085270e+01   1.425215e-01   5.515661e-01
         34000   5.467732e-01   5.902646e+01              0             30              5              6   1.070052e+01   1.305021e-01   5.455407e-01
         34500   5.475106e-01   6.002100e+01              0             32              5              9   1.072113e+01   1.517434e-01   5.519498e-01
         35000   5.511549e-01   6.770598e+01              0             31              5              9   1.092459e+01   1.463698e-01   5.512042e-01
         35500   5.568112e-01   6.864034e+01              0             31              5              9   1.099843e+01   1.458618e-01   5.545460e-01
         36000   5.531909e-01   6.293626e+01              0             31              5              8   1.090788e+01   1.421455e-01   5.550174e-01
         36500   5.519862e-01   6.392901e+01              0             31              6              7   1.089564e+01   1.373336e-01   5.515897e-01
         37000   5.591169e-01   7.151388e+01              0             35              5             10   1.104635e+01   1.399630e-01   5.520663e-01
         37500   5.362993e-01   6.579302e+01              0             34              6              7   1.124356e+01   1.418193e-01   5.594159e-01
         38000   5.629322e-01   7.338253e+01              0             33              6              8   1.090480e+01   1.403321e-01   5.499754e-01
         38500   5.615329e-01   6.770880e+01              0             31              6              9   1.100320e+01   1.497803e-01   5.495168e-01
         39000   5.796610e-01   7.530456e+01              0             32              5             10   1.112025e+01   1.366476e-01   5.520217e-01
         39500   5.768725e-01   7.628765e+01              0             31              5              9   1.112604e+01   1.301834e-01   5.515017e-01
         40000   6.097520e-01   6.723856e+01              0             27              5              9   1.100608e+01   1.322809e-01   5.541642e-01
         40500   5.752906e-01   7.816758e+01              0             29              5              7   1.125979e+01   1.252787e-01   5.568448e-01
         41000   5.675016e-01   7.916515e+01              0             30              5             10   1.124660e+01   1.359881e-01   5.608896e-01
         41500   5.869166e-01   8.014099e+01              0             30              5              6   1.086997e+01   1.253554e-01   5.526066e-01
         42000   6.084886e-01   7.086597e+01              0             26              5             10   1.124583e+01   1.238119e-01   5.591928e-01
         42500   6.066777e-01   7.186351e+01              0             27              5              9   1.134920e+01   1.371706e-01   5.658208e-01
         43000   5.863829e-01   8.291841e+01              0             27              5              9   1.120982e+01   1.258251e-01   5.597271e-01
         43500   5.880232e-01   8.388653e+01              0             32              5              9   1.118868e+01   1.189795e-01   5.565997e-01
         44000   6.005864e-01   7.471005e+01              0             32              5             11   1.135335e+01   1.180344e-01   5.681932e-01
         44500   6.043288e-01   7.570637e+01              0             31              5             10   1.139147e+01   1.352017e-01   5.677534e-01
         45000   6.022633e-01   7.669738e+01              0             31              5              9   1.129613e+01   1.428167e-01   5.624256e-01
         45500   6.055587e-01   7.769409e+01              0             31              5              9   1.135096e+01   1.552127e-01   5.675360e-01
         46000   5.970661e-01   7.868917e+01              0             33              5             10   1.132945e+01   1.655412e-01   5.729831e-01
         46500   6.167134e-01   7.968412e+01              0             29              5              8   1.150086e+01   1.553877e-01   5.750276e-01
         47000   5.854343e-01   9.006281e+01              0             31              5             12   1.109080e+01   1.499042e-01   5.619806e-01
         47500   5.833495e-01   8.153001e+01              0             31              5              9   1.104783e+01   1.489974e-01   5.638440e-01
         48000   5.563650e-01   8.166725e+01              0             31              5             10   1.089543e+01   1.568986e-01   5.644527e-01
         48500   5.567734e-01   9.294798e+01              0             29              5              7   1.080907e+01   1.562091e-01   5.541371e-01
         49000   5.904729e-01   9.393559e+01              0             29              5             11   1.119008e+01   1.600863e-01   5.691613e-01
         49500   5.754027e-01   9.488838e+01              0             27              5              9   1.083728e+01   1.575577e-01   5.539593e-01
         50000   5.815852e-01   9.587948e+01              0             27              5              8   1.122521e+01   1.427778e-01   5.619797e-01
         50500   5.684189e-01   9.686480e+01              0             27              5              8   1.104698e+01   1.353415e-01   5.590977e-01
         51000   5.756397e-01   9.785508e+01              0             26              5              9   1.113556e+01   1.495764e-01   5.610763e-01
         51500   6.022148e-01   8.848569e+01              0             30              4              9   1.119048e+01   1.317974e-01   5.606965e-01
         52000   6.188221e-01   8.946460e+01              0             31              5              9   1.109278e+01   1.391093e-01   5.620713e-01
         52500   6.184933e-01   9.045075e+01              0             27              5              7   1.131416e+01   1.437966e-01   5.676112e-01
         53000   6.076637e-01   9.144732e+01              0             30              5              8   1.115908e+01   1.373487e-01   5.597057e-01
         53500   6.080700e-01   9.244338e+01              0             27              5              9   1.097847e+01   1.300518e-01   5.594058e-01
         54000   6.190578e-01   9.343819e+01              0             26              5              9   1.151000e+01   1.504109e-01   5.751432e-01
         54500   6.065771e-01   9.443265e+01              0             30              5              9   1.119796e+01   1.330008e-01   5.702002e-01
         55000   6.347565e-01   6.918604e+01              0             29              5              8   1.106712e+01   1.265782e-01   5.628466e-01
         55500   6.501919e-01   7.018218e+01              0             29              5              8   1.118196e+01   1.326131e-01   5.707357e-01
         56000   6.810034e-01   4.175077e+01              0             27              5              7   1.142524e+01   1.345172e-01   5.776736e-01
         56500   6.621171e-01   7.216160e+01              0             28              5              7   1.165533e+01   1.401635e-01   5.823340e-01
         57000   6.904105e-01   4.363456e+01              0             26              5              7   1.126134e+01   1.420798e-01   5.707520e-01
         57500   6.567752e-01   7.404871e+01              0             28              5              8   1.131791e+01   1.550687e-01   5.733598e-01
         58000   7.017352e-01   4.554428e+01              0             26              5              7   1.143011e+01   1.472139e-01   5.790015e-01
         58500   6.830397e-01   4.652151e+01              0             24              5              7   1.168382e+01   1.465626e-01   5.908641e-01
         59000   6.977218e-01   4.750846e+01              0             26              5              9   1.166000e+01   1.463220e-01   5.932700e-01
         59500   6.905379e-01   4.849604e+01              0             26              5              8   1.114329e+01   1.647199e-01   5.734677e-01
         60000   6.870247e-01   4.949016e+01              0             27              5              8   1.103151e+01   1.684889e-01   5.702475e-01
         60500   7.264634e-01   5.048086e+01              0             28              5              7   1.122860e+01   1.555348e-01   5.762259e-01
         61000   7.259278e-01   5.145999e+01              0             26              5              7   1.137402e+01   1.619882e-01   5.811985e-01
         61500   7.000303e-01   5.245709e+01              0             26              5              6   1.153086e+01   1.656072e-01   5.807634e-01
         62000   7.345704e-01   5.342641e+01              0             22              5              6   1.157012e+01   1.888870e-01   5.907848e-01
         62500   7.271986e-01   5.438125e+01              0             25              5              6   1.122679e+01   1.607476e-01   5.772639e-01
         63000   7.344815e-01   3.138414e+01              0             19              5              5   1.119275e+01   1.582163e-01   5.710432e-01
         63500   7.292653e-01   5.634009e+01              0             23              5              5   1.135910e+01   1.513553e-01   5.785264e-01
         64000   7.454871e-01   3.330425e+01              0             26              5              5   1.147682e+01   1.555522e-01   5.793664e-01
         64500   7.637158e-01   3.429107e+01              0             25              5              6   1.147494e+01   1.603349e-01   5.803783e-01
         65000   7.796921e-01   3.527233e+01              0             20              4              3   1.192235e+01   2.070270e-01   5.896767e-01
         65500   7.557199e-01   3.626244e+01              0             25              5              6   1.150551e+01   1.962106e-01   5.785672e-01
         66000   7.944718e-01   3.725407e+01              0             24              4              5   1.185195e+01   2.119896e-01   5.911160e-01
         66500   7.681167e-01   3.822855e+01              0             24              5              6   1.162087e+01   1.923513e-01   5.822918e-01
         67000   7.449460e-01   3.922022e+01              0             24              5              5   1.156459e+01   1.994589e-01   5.899353e-01
         67500   7.625174e-01   4.021075e+01              0             25              4              4   1.128251e+01   1.832831e-01   5.740817e-01
         68000   7.629534e-01   4.120165e+01              0             26              5              5   1.132452e+01   1.821450e-01   5.820592e-01
         68500   7.593299e-01   4.220029e+01              0             20              4              5   1.109872e+01   1.937273e-01   5.746150e-01
         69000   7.870595e-01   4.318237e+01              0             19              5              6   1.118178e+01   1.909184e-01   5.737411e-01
         69500   7.312504e-01   4.416208e+01              0             18              5              5   1.112728e+01   1.946822e-01   5.666955e-01
         70000   7.621617e-01   4.515147e+01              0             15              5              4   1.118113e+01   2.078907e-01   5.617392e-01
         70500   7.654842e-01   4.614325e+01              0             18              4              6   1.118416e+01   1.967621e-01   5.631216e-01
         71000   7.961785e-01   2.950453e+01              0             21              4              5   1.126385e+01   1.991996e-01   5.750857e-01
         71500   8.124968e-01   3.049248e+01              0             18              5              5   1.142981e+01   2.176385e-01   5.932210e-01
         72000   8.100249e-01   3.148909e+01              0             23              4              7   1.139613e+01   2.098043e-01   5.967587e-01
         72500   8.186154e-01   3.248034e+01              0             19              4              6   1.157305e+01   2.102515e-01   5.971976e-01
         73000   8.158061e-01   3.347011e+01              0             20              5              6   1.148961e+01   1.967479e-01   5.952290e-01
         73500   8.193778e-01   3.446276e+01              0             20              4              5   1.144201e+01   1.934972e-01   5.913092e-01
         74000   8.134296e-01   3.545692e+01              0             21              5              6   1.147642e+01   2.016045e-01   5.971649e-01
         74500   8.423949e-01   2.264433e+01              0             23              5              5   1.135834e+01   2.086081e-01   5.970117e-01
         75000   8.499572e-01   2.361541e+01              0             20              5              6   1.153740e+01   2.155666e-01   6.051655e-01
         75500   8.493106e-01   2.459974e+01              0             19              5              3   1.157852e+01   2.041935e-01   6.018007e-01
         76000   8.534122e-01   2.559272e+01              0             21              5              4   1.160652e+01   1.928098e-01   6.041191e-01
         76500   8.378870e-01   2.657674e+01              0             20              5              5   1.153549e+01   2.028127e-01   5.970710e-01
         77000   8.403157e-01   2.754019e+01              0             19              5              5   1.158155e+01   2.015437e-01   5.974552e-01
         77500   8.310907e-01   2.850054e+01              0             19              5              4   1.149308e+01   1.958934e-01   5.911179e-01
         78000   8.154581e-01   4.314566e+01              0             18              5              4   1.162347e+01   1.953084e-01   5.890749e-01
         78500   8.379575e-01   3.035396e+01              0             18              5              5   1.160503e+01   2.083674e-01   5.892259e-01
         79000   8.269721e-01   4.511648e+01              0             17              5              5   1.171192e+01   1.905886e-01   5.903120e-01
         79500   7.850539e-01   6.089690e+01              0             19              5              4   1.127171e+01   1.903606e-01   5.775179e-01
         80000   8.086399e-01   4.708808e+01              0             20              5              4   1.143502e+01   2.081946e-01   5.776483e-01
         80500   8.264201e-01   4.807911e+01              0             19              5              4   1.155370e+01   2.214554e-01   5.812098e-01
         81000   8.457812e-01   3.485698e+01              0             21              4              6   1.155846e+01   1.923881e-01   5.851883e-01
         81500   8.555820e-01   3.584739e+01              0             19              5              3   1.164709e+01   1.948608e-01   5.840674e-01
         82000   8.541713e-01   3.683953e+01              0             20              5              4   1.172373e+01   1.905079e-01   5.971540e-01
         82500   8.250747e-01   5.180041e+01              0             21              5              4   1.169187e+01   1.942857e-01   5.961912e-01
         83000   8.591234e-01   3.877747e+01              0             20              4              5   1.171467e+01   1.966421e-01   6.005032e-01
         83500   8.409373e-01   3.976805e+01              0             15              5              3   1.196613e+01   2.213729e-01   6.055833e-01
         84000   8.937264e-01   2.642916e+01              0             18              4              4   1.174175e+01   2.161317e-01   5.992489e-01
         84500   9.266018e-01   2.741962e+01              0             21              4              5   1.190290e+01   2.252539e-01   6.158880e-01
         85000   8.909570e-01   4.251225e+01              0             20              5              6   1.173272e+01   2.205641e-01   6.054731e-01
         85500   8.817991e-01   4.347627e+01              0             19              5              6   1.200096e+01   2.142365e-01   6.050245e-01
         86000   8.938309e-01   3.034053e+01              0             20              5              5   1.165568e+01   2.154640e-01   5.966195e-01
         86500   9.093333e-01   3.131428e+01              0             20              5              6   1.182885e+01   2.253191e-01   6.062620e-01
         87000   8.985244e-01   3.229868e+01              0             21              5              5   1.174321e+01   2.287091e-01   6.046175e-01
         87500   9.013177e-01   3.328978e+01              0             21              4              4   1.169256e+01   2.222240e-01   6.011471e-01
         88000   9.289316e-01   3.427438e+01              0             18              4              5   1.213576e+01   2.277249e-01   6.164113e-01
         88500   9.150300e-01   3.525500e+01              0             17              4              5   1.224299e+01   2.251046e-01   6.125378e-01
         89000   9.194747e-01   3.623800e+01              0             16              4              4   1.207798e+01   2.158142e-01   6.115259e-01
         89500   9.443200e-01   3.721073e+01              0             17              4              4   1.218476e+01   2.328226e-01   6.221484e-01
         90000   9.514833e-01   2.460613e+01              0             15              3              4   1.179300e+01   2.294859e-01   5.977950e-01
         90500   9.289163e-01   3.908528e+01              0             14              3              4   1.181934e+01   2.292240e-01   6.005683e-01
         91000   9.236249e-01   4.007835e+01              0             18              3              3   1.198118e+01   2.049071e-01   5.988831e-01
         91500   9.109923e-01   4.106763e+01              0             20              3              3   1.221808e+01   2.594419e-01   6.089932e-01
         92000   9.310296e-01   4.205437e+01              0             21              3              3   1.204607e+01   2.195050e-01   6.020653e-01
         92500   9.706596e-01   2.930281e+01              0             17              3              4   1.241114e+01   2.497182e-01   6.262280e-01
         93000   9.839632e-01   3.029760e+01              0             17              3              3   1.197151e+01   2.524413e-01   6.056983e-01
         93500   1.002254e+00   1.895680e+01              0             13              2              3   1.215626e+01   2.465340e-01   6.126470e-01
         94000   9.526551e-01   3.220780e+01              0             14              3              4   1.216264e+01   2.235401e-01   6.126795e-01
         94500   9.582962e-01   3.316519e+01              0             13              3              3   1.201144e+01   2.184313e-01   5.966885e-01
         95000   9.276709e-01   4.723217e+01              0             23              3              2   1.204759e+01   2.281891e-01   5.998525e-01
         95500   9.394531e-01   3.504907e+01              0             20              3              4   1.216912e+01   2.278525e-01   6.056626e-01
         96000   9.221407e-01   4.921306e+01              0             18              3              4   1.217742e+01   2.269927e-01   6.122947e-01
         96500   9.611296e-01   3.692885e+01              0             18              3              3   1.225856e+01   2.209842e-01   6.113763e-01
         97000   9.834765e-01   3.790358e+01              0             19              3              4   1.261790e+01   2.362114e-01   6.207399e-01
         97500   9.721906e-01   2.540228e+01              0             17              3              4   1.238652e+01   2.738610e-01   6.263247e-01
         98000   1.009820e+00   2.632409e+01              0             16              3              2   1.242167e+01   2.417448e-01   6.265046e-01
         98500   1.045346e+00   2.730049e+01              0             12              3              3   1.244196e+01   2.460693e-01   6.248401e-01
         99000   1.024880e+00   2.827620e+01              0             11              3              3   1.238475e+01   2.206594e-01   6.145202e-01
         99500   1.055957e+00   1.764252e+01              0             13              3              2   1.206741e+01   2.406090e-01   6.148548e-01
        100000   1.021749e+00   3.020251e+01              0             14              3              2   1.229633e+01   2.301771e-01   6.218163e-01
        100500   1.039541e+00   3.117711e+01              0             10              3              2   1.235934e+01   2.382288e-01   6.301250e-01
        101000   1.017235e+00   3.213547e+01              0             11              3              2   1.227209e+01   2.049100e-01   6.176224e-01
        101500   1.086526e+00   1.218342e+01              0              5              3              2   1.184020e+01   2.327102e-01   6.051646e-01
        102000   1.089425e+00   2.246230e+01              0              8              3              3   1.190319e+01   2.144309e-01   6.103659e-01
        102500   1.066332e+00   2.345079e+01              0             11              3              2   1.200906e+01   2.199949e-01   6.136403e-01
        103000   1.093703e+00   1.492604e+01              0             13              3              2   1.196237e+01   2.346819e-01   6.105629e-01
        103500   1.036976e+00   2.540424e+01              0             15              3              2   1.188032e+01   2.332438e-01   6.059697e-01
        104000   1.036653e+00   2.637786e+01              0             15              3              2   1.172336e+01   2.112084e-01   5.966383e-01
        104500   1.033701e+00   3.831375e+01              0             15              3              2   1.187771e+01   1.995014e-01   5.936887e-01
        105000   1.056348e+00   2.824138e+01              0             14              3              3   1.201282e+01   2.226599e-01   6.061907e-01
        105500   1.042058e+00   4.015979e+01              0             14              3              2   1.194797e+01   2.270178e-01   6.104614e-01
        106000   1.057304e+00   3.019227e+01              0             10              3              1   1.188408e+01   2.264871e-01   6.105019e-01
        106500   1.104223e+00   2.049196e+01              0             13              3              1   1.162488e+01   2.207258e-01   6.012997e-01
        107000   1.103405e+00   2.148142e+01              0             14              3              2   1.191876e+01   2.254754e-01   6.131819e-01
        107500   1.115417e+00   2.247522e+01              0             11              3              2   1.207159e+01   2.368922e-01   6.159653e-01
        108000   1.135589e+00   2.346964e+01              0             13              3              2   1.194533e+01   2.319116e-01   6.115866e-01
        108500   1.180141e+00   1.507079e+01              0             13              3              2   1.208079e+01   2.424343e-01   6.136273e-01
        109000   1.134867e+00   2.530281e+01              0             11              3              2   1.191970e+01   2.320878e-01   6.132637e-01
        109500   1.167298e+00   1.698548e+01              0             11              3              2   1.183282e+01   2.385861e-01   6.138332e-01
        110000   1.135830e+00   1.796273e+01              0             14              3              1   1.201981e+01   2.404488e-01   6.145212e-01
        110500   1.125266e+00   2.816981e+01              0             13              3              2   1.199815e+01   2.336799e-01   6.142352e-01
        111000   1.129049e+00   1.981559e+01              0             13              3              2   1.176877e+01   2.173029e-01   6.028977e-01
        111500   1.155142e+00   2.071297e+01              0             11              3              2   1.176916e+01   2.222009e-01   6.037423e-01
        112000   1.157897e+00   2.167875e+01              0             12              3              2   1.177263e+01   2.174481e-01   6.020611e-01
        112500   1.143349e+00   2.267482e+01              0             13              3              2   1.207598e+01   2.316945e-01   6.156679e-01
        113000   1.149167e+00   2.363158e+01              0             12              3              2   1.185803e+01   2.214964e-01   6.120755e-01
        113500   1.178175e+00   2.462597e+01              0             13              3              2   1.181385e+01   2.185640e-01   6.040006e-01
        114000   1.228393e+00   1.652574e+01              0             14              3              2   1.183537e+01   2.516324e-01   6.135095e-01
        114500   1.180342e+00   2.647736e+01              0             13              3              1   1.173417e+01   2.300460e-01   6.027705e-01
        115000   1.199011e+00   2.746796e+01              0              6              3              2   1.198748e+01   2.454448e-01   6.106410e-01
        115500   1.188408e+00   2.841412e+01              0             11              3              2   1.217245e+01   2.504140e-01   6.169812e-01
        116000   1.207802e+00   2.037179e+01              0              6              3              2   1.209143e+01   2.546000e-01   6.140300e-01
        116500   1.171087e+00   3.030162e+01              0             10              3              2   1.211321e+01   2.581899e-01   6.127861e-01
        117000   1.158335e+00   3.129187e+01              0             11              3              2   1.218805e+01   2.502826e-01   6.118800e-01
        117500   1.164676e+00   3.228550e+01              0             12              3              2   1.206307e+01   2.428073e-01   6.069623e-01
        118000   1.188550e+00   2.400222e+01              0             12              3              3   1.197731e+01   2.281776e-01   6.149682e-01
        118500   1.193083e+00   3.422839e+01              0              8              3              2   1.208198e+01   2.262367e-01   6.111351e-01
        119000   1.199019e+00   3.519980e+01              0              9              3              3   1.224383e+01   2.424549e-01   6.161237e-01
        119500   1.197117e+00   3.616189e+01              0              7              3              2   1.248780e+01   2.434269e-01   6.301392e-01
        120000   1.255925e+00   1.790895e+01              0              4              3              2   1.239733e+01   2.567915e-01   6.394554e-01
        120500   1.293667e+00   1.890011e+01              0              5              3              3   1.230589e+01   2.640086e-01   6.401859e-01
        121000   1.283943e+00   1.986771e+01              0              7              3              1   1.226664e+01   2.673284e-01   6.360400e-01
        121500   1.272685e+00   2.084599e+01              0              8              3              2   1.243672e+01   2.782548e-01   6.334503e-01
        122000   1.282812e+00   2.182586e+01              0              7              3              2   1.223296e+01   2.937593e-01   6.266067e-01
        122500   1.317093e+00   1.424526e+01              0              4              3              2   1.212649e+01   3.083816e-01   6.287712e-01
        123000   1.306702e+00   1.522908e+01              0             13              3              2   1.203240e+01   3.173920e-01   6.310050e-01
        123500   1.351451e+00   9.499226e+00              0              8              3              2   1.264844e+01   3.037401e-01   6.376982e-01
        124000   1.358928e+00   1.716818e+01              0              4              3              2   1.209365e+01   2.946128e-01   6.320928e-01
        124500   1.344840e+00   1.812451e+01              0             14              3              2   1.245266e+01   2.995340e-01   6.359559e-01
        125000   1.349601e+00   1.236856e+01              0             13              3              2   1.226613e+01   2.883552e-01   6.384862e-01
        125500   1.351294e+00   1.333349e+01              0              6              3              2   1.237271e+01   2.808012e-01   6.300767e-01
        126000   1.387170e+00   8.683703e+00              0              4              3              2   1.238233e+01   2.890312e-01   6.288981e-01
        126500   1.393389e+00   9.626040e+00              0              4              3              2   1.258200e+01   3.013918e-01   6.351623e-01
        127000   1.354924e+00   1.627117e+01              0              7              3              2   1.245752e+01   3.033146e-01   6.490294e-01
        127500   1.327525e+00   2.361620e+01              0             11              3              2   1.247787e+01   3.117019e-01   6.499415e-01
        128000   1.364835e+00   1.817912e+01              0              5              3              2   1.224694e+01   3.233011e-01   6.525457e-01
        128500   1.358386e+00   1.917034e+01              0              5              3              1   1.226190e+01   2.796241e-01   6.351418e-01
        129000   1.367118e+00   2.015262e+01              0              7              3              2   1.268078e+01   3.006379e-01   6.495866e-01
        129500   1.386029e+00   1.451393e+01              0              5              3              2   1.231978e+01   2.902194e-01   6.357447e-01
        130000   1.379521e+00   2.213065e+01              0              6              3              2   1.220096e+01   2.993531e-01   6.374189e-01
        130500   1.367569e+00   2.311831e+01              0              7              3              2   1.210324e+01   2.841896e-01   6.128802e-01
        131000   1.387310e+00   2.411115e+01              0              7              3              2   1.221087e+01   2.915152e-01   6.161594e-01
        131500   1.425584e+00   1.815234e+01              0              8              3              2   1.216494e+01   2.986450e-01   6.144241e-01
        132000   1.442951e+00   1.913262e+01              0              6              3              2   1.214979e+01   3.156151e-01   6.233329e-01
        132500   1.457252e+00   1.300594e+01              0              5              3              2   1.247435e+01   3.282969e-01   6.426328e-01
        133000   1.496416e+00   1.398597e+01              0              5              3              1   1.229371e+01   3.306785e-01   6.321644e-01
        133500   1.530013e+00   8.956509e+00              0              6              3              2   1.218300e+01   3.348294e-01   6.344992e-01
        134000   1.536862e+00   9.941953e+00              0              8              3              2   1.257445e+01   3.403893e-01   6.357234e-01
        134500   1.532874e+00   6.535028e+00              0              6              3              2   1.263779e+01   3.498278e-01   6.455657e-01
        135000   1.520608e+00   1.190062e+01              0             11              3              1   1.263132e+01   3.219584e-01   6.327341e-01
        135500   1.520771e+00   1.289013e+01              0              9              3              2   1.254784e+01   3.358941e-01   6.459436e-01
        136000   1.501986e+00   1.386641e+01              0             11              3              2   1.243393e+01   3.222165e-01   6.236299e-01
        136500   1.494257e+00   1.481936e+01              0              9              3              2   1.238075e+01   3.232517e-01   6.227037e-01
        137000   1.460983e+00   2.112453e+01              0             12              3              2   1.228582e+01   3.240583e-01   6.100270e-01
        137500   1.438311e+00   2.702400e+01              0             13              3              2   1.218468e+01   2.998089e-01   6.094181e-01
        138000   1.458474e+00   2.307303e+01              0             10              3              3   1.233664e+01   3.033543e-01   6.231593e-01
        138500   1.508742e+00   1.823265e+01              0              8              3              0   1.240192e+01   3.031360e-01   6.211483e-01
        139000   1.495966e+00   1.921510e+01              0              7              3              1   1.206565e+01   2.934141e-01   6.154047e-01
        139500   1.525283e+00   2.020013e+01              0              5              3              3   1.248836e+01   2.872443e-01   6.141780e-01
        140000   1.509835e+00   2.119587e+01              0              8              3              2   1.224226e+01   3.210126e-01   6.253075e-01
        140500   1.519145e+00   2.219373e+01              0              9              3              2   1.201123e+01   3.045103e-01   6.128958e-01
        141000   1.476627e+00   2.852802e+01              0             11              3              2   1.196985e+01   3.153442e-01   6.058912e-01
        141500   1.463371e+00   2.952017e+01              0              8              3              2   1.227150e+01   3.492667e-01   6.217460e-01
        142000   1.478281e+00   3.051288e+01              0              9              3              2   1.194590e+01   3.311468e-01   6.166884e-01
        142500   1.490730e+00   3.148796e+01              0              7              3              3   1.220470e+01   3.370740e-01   6.165296e-01
        143000   1.475708e+00   3.246524e+01              0              8              3              3   1.210027e+01   3.486804e-01   6.172394e-01
        143500   1.484103e+00   3.346116e+01              0              8              3              2   1.185157e+01   3.256254e-01   6.008605e-01
        144000   1.481060e+00   3.443111e+01              0             11              3              2   1.180074e+01   3.314656e-01   6.043789e-01
        144500   1.522008e+00   2.963347e+01              0              9              3              2   1.233278e+01   3.157955e-01   6.177228e-01
        145000   1.553606e+00   2.217820e+01              0             11              3              1   1.219642e+01   3.058964e-01   6.065835e-01
        145500   1.509367e+00   3.157530e+01              0             10              3              2   1.218841e+01   3.276285e-01   6.096575e-01
        146000   1.551695e+00   2.404520e+01              0             10              3              2   1.189497e+01   3.302338e-01   5.999097e-01
        146500   1.601131e+00   1.568804e+01              0              9              3              2   1.221529e+01   3.230665e-01   6.216001e-01
        147000   1.635792e+00   1.667842e+01              0              6              3              2   1.195096e+01   3.491775e-01   6.123144e-01
        147500   1.619175e+00   1.766560e+01              0              9              3              2   1.232683e+01   3.423445e-01   6.292000e-01
        148000   1.603939e+00   1.865548e+01              0              9              3              2   1.175508e+01   3.390152e-01   6.064411e-01
        148500   1.643440e+00   1.964129e+01              0              8              3              2   1.198919e+01   3.365285e-01   6.095328e-01
        149000   1.677665e+00   1.254208e+01              0              7              3              2   1.181720e+01   3.293646e-01   6.024643e-01
        149500   1.647568e+00   2.146973e+01              0              9              3              2   1.211305e+01   3.375736e-01   6.195095e-01
        150000   1.650765e+00   1.449660e+01              0              7              3              1   1.205112e+01   3.346581e-01   6.222454e-01
        150500   1.634911e+00   2.336056e+01              0             10              3              2   1.209974e+01   3.265740e-01   6.151262e-01
        151000   1.649676e+00   1.642328e+01              0              9              3              2   1.199081e+01   3.081981e-01   6.103782e-01
        151500   1.626169e+00   2.531356e+01              0              8              3              2   1.199823e+01   3.159262e-01   6.142666e-01
        152000   1.599277e+00   2.629768e+01              0              6              3              2   1.212904e+01   2.997182e-01   6.208875e-01
        152500   1.620152e+00   2.726552e+01              0              7              3              3   1.223497e+01   3.021476e-01   6.149145e-01
        153000   1.629093e+00   2.825950e+01              0              7              3              2   1.219195e+01   3.032660e-01   6.105313e-01
        153500   1.638334e+00   2.925062e+01              0              6              3              1   1.228947e+01   3.019246e-01   6.239214e-01
        154000   1.659890e+00   2.173938e+01              0              6              3              2   1.227366e+01   2.980799e-01   6.212726e-01
        154500   1.683800e+00   2.273008e+01              0             10              3              1   1.223132e+01   3.149292e-01   6.201455e-01
        155000   1.648536e+00   3.191719e+01              0              8              3              2   1.211511e+01   3.064628e-01   6.158824e-01
        155500   1.667308e+00   2.470825e+01              0              7              3              1   1.221467e+01   3.069594e-01   6.267455e-01
        156000   1.670754e+00   2.570014e+01              0              7              3              1   1.206094e+01   2.989496e-01   6.074899e-01
        156500   1.696495e+00   2.668294e+01              0              6              3              1   1.212106e+01   3.069607e-01   6.105288e-01
        157000   1.654561e+00   2.766289e+01              0              6              3              2   1.222632e+01   3.197071e-01   6.176007e-01
        157500   1.701219e+00   1.973784e+01              0              8              3              1   1.245961e+01   3.324535e-01   6.323302e-01
        158000   1.690175e+00   2.957822e+01              0              5              3              2   1.231164e+01   3.142268e-01   6.212009e-01
        158500   1.718239e+00   2.170759e+01              0              5              3              1   1.246648e+01   3.276376e-01   6.349186e-01
        159000   1.739655e+00   1.402453e+01              0              5              2              1   1.229305e+01   3.155391e-01   6.294189e-01
        159500   1.738723e+00   1.496196e+01              0              5              2              1   1.210825e+01   3.076316e-01   6.229801e-01
        160000   1.788728e+00   1.592295e+01              0              5              1              1   1.227660e+01   3.252557e-01   6.368848e-01
        160500   1.751653e+00   1.691336e+01              0              7              2              1   1.243299e+01   3.291520e-01   6.318443e-01
        161000   1.762585e+00   1.788758e+01              0              7              2              1   1.252176e+01   3.446557e-01   6.320599e-01
        161500   1.763060e+00   1.888292e+01              0              7              2              1   1.257329e+01   3.416485e-01   6.326094e-01
        162000   1.777849e+00   1.225081e+01              0              7              2              1   1.244935e+01   3.507600e-01   6.167720e-01
        162500   1.832591e+00   1.323498e+01              0              5              2              0   1.226729e+01   3.525209e-01   6.086350e-01
        163000   1.865077e+00   8.280058e+00              0              9              2              1   1.257691e+01   3.540807e-01   6.178133e-01
        163500   1.802351e+00   1.514548e+01              0              8              2              2   1.237329e+01   3.419891e-01   6.085070e-01
        164000   1.783569e+00   2.328324e+01              0              9              2              2   1.236825e+01   3.446618e-01   6.097295e-01
        164500   1.799525e+00   2.427321e+01              0              9              2              2   1.190550e+01   3.339595e-01   6.021820e-01
        165000   1.833395e+00   1.802534e+01              0              6              2              2   1.214536e+01   3.457514e-01   6.074932e-01
        165500   1.803775e+00   1.901263e+01              0              8              2              2   1.240453e+01   3.299713e-01   6.237404e-01
        166000   1.790613e+00   1.999619e+01              0              9              2              2   1.216698e+01   3.289652e-01   6.095869e-01
        166500   1.793840e+00   2.094261e+01              0              7              2              2   1.227299e+01   3.450581e-01   6.093796e-01
        167000   1.768182e+00   2.895583e+01              0              9              2              2   1.191953e+01   3.467637e-01   6.015040e-01
        167500   1.757781e+00   2.994781e+01              0              8              2              1   1.232886e+01   3.400119e-01   6.189852e-01
        168000   1.781413e+00   3.093379e+01              0              9              2              1   1.221767e+01   3.340406e-01   6.111345e-01
        168500   1.768515e+00   3.192701e+01              0              9              2              1   1.202982e+01   3.292431e-01   6.117113e-01
        169000   1.779979e+00   2.545821e+01              0              6              2              0   1.226958e+01   3.328577e-01   6.153438e-01
        169500   1.749662e+00   3.389166e+01              0              9              2              1   1.232269e+01   3.391367e-01   6.185668e-01
        170000   1.732184e+00   4.008645e+01              0              9              2              0   1.218989e+01   3.263256e-01   6.101637e-01
        170500   1.714938e+00   4.108068e+01              0              8              2              1   1.233006e+01   3.262091e-01   6.086384e-01
        171000   1.726264e+00   4.207436e+01              0             10              2              1   1.251922e+01   3.414272e-01   6.242693e-01
        171500   1.711198e+00   4.306831e+01              0              6              2              1   1.253111e+01   3.360143e-01   6.189544e-01
        172000   1.687766e+00   4.654723e+01              0              8              2              1   1.251718e+01   3.439226e-01   6.211903e-01
        172500   1.650346e+00   4.773421e+01              0              8              3              1   1.229105e+01   3.197882e-01   6.188440e-01
        173000   1.647841e+00   4.871673e+01              0              9              3              1   1.225133e+01   3.403586e-01   6.172065e-01
        173500   1.659709e+00   4.941811e+01              0             11              3              1   1.232277e+01   3.417828e-01   6.254371e-01
        174000   1.672596e+00   5.041420e+01              0              9              3              0   1.240296e+01   3.503762e-01   6.230859e-01
        174500   1.640926e+00   5.157539e+01              0              9              3              1   1.262377e+01   3.308541e-01   6.236852e-01
        175000   1.621730e+00   5.256914e+01              0              9              3              1   1.246334e+01   3.535858e-01   6.169529e-01
        175500   1.581529e+00   5.183149e+01              0              4              3              1   1.246715e+01   3.400035e-01   6.217913e-01
        176000   1.604939e+00   5.445236e+01              0              5              3              1   1.223707e+01   3.386447e-01   6.110413e-01
        176500   1.573506e+00   5.381411e+01              0              6              3              2   1.231025e+01   3.513343e-01   6.140569e-01
        177000   1.578371e+00   5.481211e+01              0             10              3              1   1.252349e+01   3.539803e-01   6.245346e-01
        177500   1.548966e+00   5.577919e+01              0              9              3              1   1.222260e+01   3.505870e-01   6.101972e-01
        178000   1.508651e+00   5.356158e+01              0              6              3              2   1.216446e+01   3.417428e-01   6.055995e-01
        178500   1.527105e+00   5.453800e+01              0             14              3              1   1.226377e+01   3.355329e-01   6.124610e-01
        179000   1.516706e+00   5.553508e+01              0             11              3              2   1.221364e+01   3.328463e-01   6.091690e-01
        179500   1.502051e+00   5.651892e+01              0              7              3              1   1.207605e+01   3.520867e-01   6.100972e-01
        180000   1.511507e+00   5.748562e+01              0              8              3              2   1.227340e+01   3.502256e-01   6.071780e-01
        180500   1.494357e+00   5.377706e+01              0             11              3              1   1.221055e+01   3.120784e-01   6.036695e-01
        181000   1.486241e+00   5.477405e+01              0             11              3              1   1.217310e+01   3.358022e-01   6.075870e-01
        181500   1.501472e+00   5.576330e+01              0              8              3              2   1.259028e+01   3.546737e-01   6.226308e-01
        182000   1.497373e+00   5.674084e+01              0              8              3              1   1.228949e+01   3.382379e-01   6.111585e-01
        182500   1.529407e+00   6.219874e+01              0              9              3              1   1.189488e+01   3.316757e-01   5.956897e-01
        183000   1.500290e+00   6.318616e+01              0             12              3              1   1.227673e+01   3.395585e-01   6.126326e-01
        183500   1.512094e+00   6.414705e+01              0              7              3              1   1.204630e+01   3.462306e-01   5.993369e-01
        184000   1.502325e+00   6.511730e+01              0              8              2              1   1.218157e+01   3.340501e-01   6.028076e-01
        184500   1.468548e+00   6.144352e+01              0              8              2              1   1.216113e+01   3.393934e-01   6.035202e-01
        185000   1.467907e+00   6.243743e+01              0              8              2              1   1.273007e+01   3.290723e-01   6.255759e-01
        185500   1.479158e+00   6.343259e+01              0             10              2              2   1.239805e+01   3.096358e-01   6.143200e-01
        186000   1.489627e+00   6.442438e+01              0             11              2              1   1.238446e+01   3.348108e-01   6.115632e-01
        186500   1.473664e+00   6.541478e+01              0              8              2              1   1.245992e+01   3.482262e-01   6.195814e-01
        187000   1.465480e+00   6.639277e+01              0             10              3              1   1.225359e+01   3.487146e-01   6.204505e-01
        187500   1.500260e+00   6.738538e+01              0              7              2              1   1.249405e+01   3.318614e-01   6.273310e-01
        188000   1.514405e+00   7.206397e+01              0             12              2              1   1.253382e+01   3.077463e-01   6.205530e-01
        188500   1.486589e+00   6.929225e+01              0              6              2              1   1.237037e+01   3.180360e-01   6.120762e-01
        189000   1.452378e+00   6.170981e+01              0              7              2              1   1.225992e+01   3.273118e-01   6.102555e-01
        189500   1.452979e+00   7.119831e+01              0              7              2              1   1.223230e+01   3.263561e-01   6.053287e-01
        190000   1.419606e+00   6.368552e+01              0             12              2              1   1.238103e+01   3.242982e-01   6.199931e-01
        190500   1.400421e+00   5.412272e+01              0             16              3              1   1.234122e+01   3.393847e-01   6.166987e-01
        191000   1.393665e+00   5.510858e+01              0             12              2              1   1.242706e+01   3.247029e-01   6.182182e-01
        191500   1.360658e+00   4.713945e+01              0             16              2              1   1.260700e+01   3.200339e-01   6.224666e-01
        192000   1.376242e+00   5.707807e+01              0             17              2              1   1.195663e+01   3.046916e-01   5.977157e-01
        192500   1.388239e+00   5.807226e+01              0             14              2              1   1.223726e+01   3.160271e-01   6.130985e-01
        193000   1.336063e+00   4.987574e+01              0             15              2              1   1.230083e+01   2.994202e-01   6.130083e-01
        193500   1.309000e+00   5.086781e+01              0             15              2              1   1.227034e+01   2.927524e-01   6.005292e-01
        194000   1.299968e+00   4.613637e+01              0             13              2              1   1.237506e+01   2.946784e-01   6.081138e-01
        194500   1.330558e+00   5.277485e+01              0             15              2              2   1.226370e+01   2.935626e-01   6.137334e-01
        195000   1.311468e+00   5.376821e+01              0             14              2              1   1.204716e+01   3.083478e-01   5.997210e-01
        195500   1.306502e+00   4.894691e+01              0             15              2              1   1.203905e+01   3.187768e-01   6.059998e-01
        196000   1.321709e+00   5.571137e+01              0             13              2              1   1.230470e+01   3.140079e-01   6.120967e-01
        196500   1.321303e+00   5.668292e+01              0             13              2              1   1.199763e+01   3.224819e-01   5.897928e-01
        197000   1.330666e+00   5.767750e+01              0             14              2              1   1.223116e+01   3.420155e-01   6.050987e-01
        197500   1.330596e+00   5.866940e+01              0             13              2              1   1.218245e+01   3.442172e-01   6.142397e-01
        198000   1.329616e+00   5.966517e+01              0             13              2              1   1.222830e+01   3.438481e-01   6.015272e-01
        198500   1.330695e+00   6.065577e+01              0             13              2              1   1.209613e+01   3.494609e-01   6.042707e-01
        199000   1.320501e+00   6.164888e+01              0             13              2              1   1.231018e+01   3.397377e-01   6.112072e-01
        199500   1.304525e+00   5.619756e+01              0             15              2              1   1.218153e+01   3.384887e-01   6.071835e-01
        200000   1.285164e+00   5.718641e+01              0             12              2              2   1.228853e+01   3.492338e-01   6.071352e-01
        200500   1.274066e+00   5.817467e+01              0             13              2              1   1.231491e+01   3.257530e-01   6.064512e-01
        201000   1.240620e+00   5.427909e+01              0             15              2              2   1.227204e+01   3.533274e-01   6.028490e-01
        201500   1.237338e+00   5.525137e+01              0             15              2              1   1.237465e+01   3.682655e-01   5.996058e-01
        202000   1.242912e+00   5.624266e+01              0             14              2              1   1.249482e+01   3.630862e-01   6.149284e-01
        202500   1.226544e+00   5.723497e+01              0             15              2              2   1.221058e+01   3.777970e-01   6.033912e-01
        203000   1.251269e+00   6.281263e+01              0             15              2              1   1.227383e+01   3.812582e-01   6.101763e-01
        203500   1.204588e+00   5.920970e+01              0             15              2              2   1.232735e+01   3.527298e-01   6.118709e-01
        204000   1.221034e+00   6.017962e+01              0             15              2              1   1.237041e+01   3.678384e-01   6.242915e-01
        204500   1.200041e+00   5.725220e+01              0             13              2              1   1.250396e+01   3.724804e-01   6.221528e-01
        205000   1.213161e+00   6.213545e+01              0             14              2              0   1.236383e+01   3.955486e-01   6.257867e-01
        205500   1.234591e+00   6.310262e+01              0             13              2              1   1.245217e+01   3.732618e-01   6.214823e-01
        206000   1.234886e+00   6.409199e+01              0             13              2              1   1.258808e+01   3.837467e-01   6.187327e-01
        206500   1.213596e+00   6.086654e+01              0             13              2              1   1.242746e+01   3.863293e-01   6.071025e-01
        207000   1.188494e+00   6.183717e+01              0             14              2              1   1.251033e+01   3.924375e-01   6.079412e-01
        207500   1.193455e+00   6.282501e+01              0             13              2              1   1.220824e+01   3.815935e-01   6.079752e-01
        208000   1.178238e+00   6.381619e+01              0             14              2              2   1.247905e+01   3.970812e-01   6.126334e-01
        208500   1.183281e+00   6.480603e+01              0             13              2              1   1.242963e+01   3.876517e-01   6.135628e-01
        209000   1.152638e+00   6.579186e+01              0             13              2              2   1.232003e+01   3.675937e-01   6.092239e-01
        209500   1.184822e+00   6.675599e+01              0             10              3              1   1.221669e+01   3.692836e-01   6.006541e-01
        210000   1.122820e+00   6.277611e+01              0             12              2              1   1.202905e+01   3.589476e-01   5.869809e-01
        210500   1.117868e+00   6.377141e+01              0             10              2              0   1.230703e+01   3.622895e-01   6.039203e-01
        211000   1.134995e+00   6.474944e+01              0             11              2              1   1.218282e+01   3.800525e-01   5.997610e-01
        211500   1.131626e+00   6.574085e+01              0             10              2              2   1.214278e+01   3.602091e-01   5.963766e-01
        212000   1.119477e+00   6.670855e+01              0              9              2              1   1.184272e+01   3.640231e-01   5.820748e-01
        212500   1.118437e+00   6.769972e+01              0             10              2              1   1.201050e+01   3.817691e-01   5.970138e-01
        213000   1.094458e+00   6.374155e+01              0             12              2              1   1.187173e+01   3.694524e-01   5.941129e-01
        213500   1.112413e+00   6.960306e+01              0             11              2              2   1.209490e+01   3.774126e-01   6.066425e-01
        214000   1.094540e+00   6.566432e+01              0             13              2              1   1.188611e+01   3.754269e-01   5.965623e-01
        214500   1.075721e+00   6.666058e+01              0             10              2              1   1.222275e+01   3.888641e-01   6.011233e-01
        215000   1.062768e+00   6.765374e+01              0              8              3              2   1.227597e+01   3.970220e-01   6.015768e-01
        215500   1.065220e+00   6.862764e+01              0             10              2              1   1.175039e+01   3.821575e-01   5.896189e-01
        216000   1.067229e+00   6.961123e+01              0              9              2              1   1.181759e+01   3.876998e-01   5.914501e-01
        216500   1.063148e+00   7.059786e+01              0              9              2              1   1.184885e+01   3.958991e-01   5.912348e-01
        217000   1.053268e+00   6.743879e+01              0             14              2              1   1.173253e+01   3.879715e-01   5.838917e-01
        217500   1.061192e+00   6.839437e+01              0             14              2              1   1.162265e+01   3.929492e-01   5.852414e-01
        218000   1.058165e+00   7.349310e+01              0             14              2              1   1.144481e+01   3.931610e-01   5.799218e-01
        218500   1.077602e+00   7.448011e+01              0             15              3              1   1.156046e+01   4.015189e-01   5.858405e-01
        219000   1.049529e+00   7.119110e+01              0             15              3              2   1.152177e+01   3.908627e-01   5.774541e-01
        219500   1.060003e+00   7.216318e+01              0             10              3              2   1.157139e+01   3.923005e-01   5.817736e-01
        220000   1.079660e+00   7.739918e+01              0             10              3              2   1.167904e+01   3.944162e-01   5.904833e-01
        220500   1.070604e+00   7.839233e+01              0             13              3              2   1.175912e+01   3.654541e-01   5.871462e-01
        221000   1.050995e+00   7.485567e+01              0             15              3              2   1.180333e+01   3.840873e-01   5.882535e-01
        221500   1.028081e+00   7.584848e+01              0             16              3              2   1.166488e+01   3.764381e-01   5.873131e-01
        222000   1.032934e+00   7.684526e+01              0             13              2              2   1.191206e+01   3.807499e-01   5.898862e-01
        222500   1.025351e+00   7.782572e+01              0             14              3              2   1.167744e+01   3.965276e-01   5.929169e-01
        223000   1.054116e+00   8.289853e+01              0             11              3              2   1.173635e+01   4.019113e-01   5.926462e-01
        223500   1.068180e+00   8.388519e+01              0             15              3              2   1.164813e+01   4.040177e-01   5.873602e-01
        224000   1.049585e+00   8.068837e+01              0             10              3              2   1.163092e+01   4.010414e-01   5.887047e-01
        224500   1.078236e+00   8.582322e+01              0             10              3              2   1.194822e+01   3.950652e-01   6.036351e-01
        225000   1.102877e+00   8.681689e+01              0              9              3              2   1.182451e+01   3.982507e-01   5.952502e-01
        225500   1.115426e+00   8.864658e+01              0             14              3              2   1.189821e+01   3.906501e-01   5.961938e-01
        226000   1.140007e+00   8.962748e+01              0             14              3              2   1.188738e+01   3.929575e-01   5.969203e-01
        226500   1.156609e+00   8.760060e+01              0              8              3              2   1.152253e+01   3.840370e-01   5.800903e-01
        227000   1.138469e+00   9.154664e+01              0             14              3              2   1.162543e+01   4.111681e-01   5.874849e-01
        227500   1.131305e+00   9.254152e+01              0             10              3              2   1.182856e+01   4.024960e-01   5.912318e-01
        228000   1.158186e+00   9.039712e+01              0              9              3              3   1.180106e+01   3.946551e-01   5.955667e-01
        228500   1.113659e+00   9.450040e+01              0             13              3              2   1.200319e+01   3.764139e-01   5.944406e-01
        229000   1.119526e+00   9.549648e+01              0             14              3              3   1.209595e+01   3.722760e-01   5.917851e-01
        229500   1.175240e+00   9.315950e+01              0             10              3              1   1.205739e+01   3.598273e-01   5.955010e-01
        230000   1.184335e+00   8.759027e+01              0             10              3              2   1.205768e+01   3.586098e-01   5.993364e-01
        230500   1.208919e+00   8.850321e+01              0              9              3              1   1.230232e+01   3.733081e-01   6.008832e-01
        231000   1.216346e+00   8.949674e+01              0             12              3              1   1.246771e+01   3.827439e-01   6.026345e-01
        231500   1.232742e+00   8.361881e+01              0             14              3              2   1.245866e+01   3.953951e-01   6.103215e-01
        232000   1.245997e+00   8.458606e+01              0             15              3              2   1.225704e+01   4.002533e-01   6.095741e-01
        232500   1.251640e+00   8.557174e+01              0             12              3              2   1.241114e+01   4.012003e-01   6.156192e-01
        233000   1.224419e+00   9.331159e+01              0             13              3              2   1.236510e+01   3.934400e-01   6.076419e-01
        233500   1.270033e+00   8.750524e+01              0             10              3              2   1.227032e+01   3.968153e-01   6.089090e-01
        234000   1.260249e+00   8.848485e+01              0              9              3              2   1.235151e+01   3.895006e-01   6.115584e-01
        234500   1.289039e+00   8.392328e+01              0             10              3              1   1.228507e+01   3.885245e-01   6.135509e-01
        235000   1.294071e+00   9.044663e+01              0             10              3              2   1.223908e+01   3.972923e-01   6.160270e-01
        235500   1.298169e+00   9.138751e+01              0             10              3              2   1.269428e+01   3.758572e-01   6.189241e-01
        236000   1.312233e+00   8.682121e+01              0             10              2              1   1.236021e+01   3.906727e-01   6.191483e-01
        236500   1.287200e+00   9.326981e+01              0             11              3              1   1.231356e+01   3.992984e-01   6.130599e-01
        237000   1.304176e+00   8.875571e+01              0              9              3              2   1.238105e+01   4.032818e-01   6.177373e-01
        237500   1.319076e+00   8.973119e+01              0              9              3              2   1.248791e+01   4.023029e-01   6.222475e-01
        238000   1.307063e+00   9.072337e+01              0             11              3              2   1.241971e+01   3.991344e-01   6.210255e-01
        238500   1.275297e+00   9.706866e+01              0             10              3              2   1.227157e+01   3.906617e-01   6.186371e-01
        239000   1.308148e+00   9.262640e+01              0              9              3              2   1.228719e+01   3.992216e-01   6.134341e-01
        239500   1.295540e+00   9.359396e+01              0              9              3              2   1.245495e+01   3.979945e-01   6.195195e-01
        240000   1.339717e+00   9.457822e+01              0             13              3              1   1.249223e+01   3.924685e-01   6.266903e-01
        240500   1.276624e+00   1.007835e+02              0             10              3              2   1.227945e+01   3.768968e-01   6.151098e-01
        241000   1.270059e+00   1.017768e+02              0             10              3              2   1.222454e+01   4.007113e-01   6.251401e-01
        241500   1.321949e+00   9.737464e+01              0              8              3              2   1.237907e+01   4.024509e-01   6.285991e-01
        242000   1.301243e+00   9.836685e+01              0              8              3              1   1.214415e+01   4.056747e-01   6.199590e-01
        242500   1.350840e+00   9.351323e+01              0             10              3              1   1.222369e+01   4.098787e-01   6.247493e-01
        243000   1.385382e+00   9.449787e+01              0              7              3              1   1.246413e+01   3.967966e-01   6.247139e-01
        243500   1.381700e+00   9.545469e+01              0              8              3              3   1.239247e+01   3.780925e-01   6.181386e-01
        244000   1.401141e+00   9.146705e+01              0             10              3              2   1.249798e+01   3.629129e-01   6.267014e-01
        244500   1.377076e+00   9.742232e+01              0             11              2              0   1.222423e+01   3.518733e-01   6.045639e-01
        245000   1.367466e+00   9.841284e+01              0              9              3              1   1.218253e+01   3.791392e-01   6.155141e-01
        245500   1.362583e+00   9.940782e+01              0             12              3              1   1.239031e+01   3.772911e-01   6.205131e-01
        246000   1.325401e+00   1.053658e+02              0             12              3              2   1.260507e+01   3.833312e-01   6.343622e-01
        246500   1.354709e+00   1.013615e+02              0             13              3              1   1.241012e+01   3.889742e-01   6.313673e-01
        247000   1.325687e+00   1.072557e+02              0             13              3              3   1.264133e+01   3.723651e-01   6.286321e-01
        247500   1.310761e+00   1.082443e+02              0             10              3              2   1.234629e+01   3.737345e-01   6.159106e-01
        248000   1.359036e+00   1.041216e+02              0             12              3              2   1.232950e+01   4.051697e-01   6.166827e-01
        248500   1.335876e+00   1.050693e+02              0              9              3              1   1.224542e+01   3.799623e-01   6.032299e-01
        249000   1.326450e+00   1.111825e+02              0             12              3              2   1.218149e+01   3.672078e-01   5.962797e-01
        249500   1.336440e+00   1.121687e+02              0             10              3              3   1.220918e+01   3.859879e-01   5.962261e-01
        250000   1.345134e+00   1.131509e+02              0              8              3              2   1.209031e+01   3.963431e-01   6.016487e-01
        250500   1.381051e+00   1.088012e+02              0             11              3              2   1.231473e+01   3.941865e-01   6.125928e-01
        251000   1.415668e+00   1.023433e+02              0             11              3              2   1.224508e+01   4.020703e-01   6.092176e-01
        251500   1.401586e+00   1.033358e+02              0             11              3              1   1.224882e+01   4.121456e-01   6.103364e-01
        252000   1.395938e+00   1.115107e+02              0             15              3              2   1.195630e+01   4.145605e-01   6.030220e-01
        252500   1.385466e+00   1.124821e+02              0             13              3              1   1.196012e+01   4.270809e-01   6.059384e-01
        253000   1.387360e+00   1.134537e+02              0             14              3              1   1.180129e+01   4.230272e-01   6.062681e-01
        253500   1.448351e+00   9.804108e+01              0             14              3              2   1.176782e+01   4.351341e-01   6.033531e-01
        254000   1.430355e+00   1.081382e+02              0             13              2              1   1.158833e+01   4.249598e-01   6.007147e-01
        254500   1.447148e+00   1.090917e+02              0             12              3              1   1.163626e+01   4.349321e-01   6.013660e-01
        255000   1.448270e+00   1.100552e+02              0             12              3              1   1.148238e+01   4.309791e-01   6.019549e-01
        255500   1.441349e+00   1.110383e+02              0             14              3              2   1.152683e+01   4.383700e-01   6.028084e-01
        256000   1.459184e+00   1.028552e+02              0             10              3              1   1.175364e+01   4.227967e-01   6.132720e-01
        256500   1.466368e+00   1.038519e+02              0             14              3              1   1.188647e+01   4.162952e-01   6.243808e-01
        257000   1.460870e+00   1.048470e+02              0             11              3              1   1.168838e+01   4.327810e-01   6.122147e-01
        257500   1.432297e+00   1.147665e+02              0             12              3              2   1.177867e+01   4.343315e-01   6.054048e-01
        258000   1.476101e+00   1.067552e+02              0             11              3              1   1.118021e+01   4.243555e-01   5.913953e-01
        258500   1.490706e+00   1.076878e+02              0              8              3              2   1.168201e+01   4.413277e-01   6.142532e-01
        259000   1.495540e+00   1.086721e+02              0              8              2              2   1.166059e+01   4.335622e-01   6.104423e-01
        259500   1.552735e+00   8.470640e+01              0              9              3              1   1.195047e+01   4.367872e-01   6.186590e-01
        260000   1.605946e+00   7.345844e+01              0              5              2              1   1.156073e+01   4.008089e-01   5.961021e-01
        260500   1.601542e+00   7.444357e+01              0              9              2              1   1.177051e+01   4.248258e-01   6.060204e-01
        261000   1.623106e+00   7.543256e+01              0              9              2              1   1.176785e+01   4.173706e-01   6.075737e-01
        261500   1.621514e+00   7.641044e+01              0              7              2              1   1.183280e+01   4.164840e-01   6.084547e-01
        262000   1.631101e+00   7.738093e+01              0              6              2              1   1.182077e+01   4.171289e-01   6.138423e-01
        262500   1.645677e+00   6.745926e+01              0              9              2              1   1.196830e+01   4.099063e-01   6.133007e-01
        263000   1.663942e+00   6.845495e+01              0             10              2              1   1.186072e+01   4.193403e-01   6.165906e-01
        263500   1.643187e+00   6.944515e+01              0             11              2              1   1.178042e+01   3.980418e-01   6.104732e-01
        264000   1.655694e+00   7.043234e+01              0             10              2              1   1.184438e+01   3.962111e-01   6.158124e-01
        264500   1.677305e+00   7.142156e+01              0             14              2              0   1.190935e+01   3.922004e-01   6.037607e-01
        265000   1.686439e+00   7.239698e+01              0              7              2              0   1.178192e+01   3.939326e-01   5.985065e-01
        265500   1.687033e+00   7.338846e+01              0              8              2              0   1.192103e+01   3.880786e-01   6.005927e-01
        266000   1.697102e+00   6.270683e+01              0              8              2              0   1.202524e+01   3.902604e-01   6.065532e-01
        266500   1.710711e+00   6.369958e+01              0              7              1              1   1.193675e+01   3.749680e-01   5.989640e-01
        267000   1.639863e+00   8.569909e+01              0              9              2              1   1.199251e+01   3.747374e-01   5.977653e-01
        267500   1.673071e+00   7.715569e+01              0             12              2              0   1.236655e+01   3.878488e-01   6.122687e-01
        268000   1.716339e+00   6.640601e+01              0              6              2              1   1.240406e+01   3.651665e-01   6.118900e-01
        268500   1.672323e+00   7.902432e+01              0              7              2              1   1.233833e+01   3.918984e-01   6.154895e-01
        269000   1.657799e+00   8.001531e+01              0              5              3              1   1.200373e+01   3.841767e-01   6.006336e-01
        269500   1.666549e+00   8.099792e+01              0             11              2              0   1.180281e+01   3.932007e-01   5.962170e-01
        270000   1.708685e+00   7.004538e+01              0             12              2              1   1.189743e+01   3.607965e-01   5.982556e-01
        270500   1.747290e+00   5.553114e+01              0              9              2              1   1.208146e+01   3.745213e-01   6.040867e-01
        271000   1.757157e+00   5.649747e+01              0              9              2              1   1.196616e+01   3.627394e-01   6.090425e-01
        271500   1.864792e+00   2.466959e+01              0             10              1              1   1.238657e+01   3.365736e-01   6.138746e-01
        272000   1.906257e+00   1.385690e+01              0              9              1              0   1.224930e+01   3.380833e-01   6.117977e-01
        272500   1.900607e+00   1.484247e+01              0             10              1              2   1.249898e+01   3.559237e-01   6.289583e-01
        273000   1.929175e+00   1.583073e+01              0              9              1              1   1.243415e+01   3.499171e-01   6.276718e-01
        273500   1.950375e+00   9.118194e+00              0             10              1              1   1.243366e+01   3.553221e-01   6.298966e-01
        274000   1.982781e+00   1.011317e+01              0              9              1              1   1.260762e+01   3.547029e-01   6.330701e-01
        274500   2.017206e+00   6.286846e+00              0              5              1              2   1.250230e+01   3.357457e-01   6.304312e-01
        275000   1.995354e+00   7.243052e+00              0              5              1              2   1.240701e+01   3.347746e-01   6.340857e-01
        275500   1.986863e+00   8.206845e+00              0              5              1              1   1.232264e+01   3.300820e-01   6.166752e-01
        276000   1.990547e+00   9.146978e+00              0              6              1              2   1.235864e+01   3.389803e-01   6.303994e-01
        276500   2.013222e+00   1.012506e+01              0              5              1              1   1.234004e+01   3.271752e-01   6.181693e-01
        277000   1.970059e+00   1.588629e+01              0              6              1              1   1.200938e+01   3.260134e-01   6.094733e-01
        277500   1.971670e+00   1.687971e+01              0              8              1              2   1.182625e+01   3.353394e-01   5.993051e-01
        278000   1.969216e+00   1.786664e+01              0              7              1              2   1.204727e+01   3.376591e-01   6.113914e-01
        278500   1.978400e+00   1.885576e+01              0              7              1              2   1.204857e+01   3.676893e-01   6.225500e-01
        279000   1.975056e+00   1.984461e+01              0              7              1              2   1.235387e+01   3.562106e-01   6.276280e-01
        279500   1.976520e+00   2.084123e+01              0              7              1              2   1.218773e+01   3.527291e-01   6.234127e-01
        280000   1.999101e+00   1.640389e+01              0              6              1              1   1.199127e+01   3.723395e-01   6.222769e-01
        280500   1.960952e+00   2.279537e+01              0              6              1              2   1.233035e+01   3.803320e-01   6.318486e-01
        281000   1.961794e+00   2.378662e+01              0              8              1              2   1.247063e+01   3.675724e-01   6.429410e-01
        281500   2.001380e+00   1.912097e+01              0              6              2              2   1.235075e+01   3.754411e-01   6.374692e-01
        282000   2.003527e+00   2.009482e+01              0              5              1              2   1.272413e+01   3.678326e-01   6.440584e-01
        282500   2.020116e+00   2.108048e+01              0              7              1              2   1.265190e+01   3.628864e-01   6.387989e-01
        283000   2.023592e+00   2.207694e+01              0              6              1              2   1.230824e+01   3.650943e-01   6.302393e-01
        283500   2.032217e+00   2.305721e+01              0              6              1              2   1.238227e+01   3.604862e-01   6.356512e-01
        284000   2.063287e+00   1.709929e+01              0              4              2              2   1.182154e+01   3.665057e-01   6.168392e-01
        284500   2.059712e+00   1.808055e+01              0              4              2              2   1.176569e+01   3.759536e-01   6.118009e-01
        285000   2.080916e+00   1.906125e+01              0              5              1              2   1.188402e+01   3.558581e-01   6.250600e-01
        285500   2.060737e+00   2.004740e+01              0              5              1              2   1.187650e+01   3.376161e-01   6.124128e-01
        286000   2.081953e+00   2.103464e+01              0              3              2              2   1.178972e+01   3.419934e-01   6.116199e-01
        286500   2.086101e+00   2.202139e+01              0              5              2              2   1.165066e+01   3.542587e-01   6.127319e-01
        287000   2.102790e+00   1.548181e+01              0              3              1              2   1.173915e+01   3.603784e-01   6.141565e-01
        287500   2.080438e+00   2.394548e+01              0              3              1              2   1.180445e+01   3.669179e-01   6.165025e-01
        288000   2.078098e+00   2.493115e+01              0              4              1              1   1.214507e+01   3.451966e-01   6.252427e-01
        288500   2.080684e+00   2.592418e+01              0              3              2              1   1.229299e+01   3.227889e-01   6.214559e-01
        289000   2.078236e+00   2.691366e+01              0              3              2              2   1.169160e+01   3.483580e-01   6.057832e-01
        289500   2.085323e+00   2.790239e+01              0              3              2              1   1.198954e+01   3.275073e-01   6.024767e-01
        290000   2.078087e+00   2.888744e+01              0              3              2              1   1.195248e+01   3.520571e-01   6.021491e-01
        290500   2.118866e+00   2.191390e+01              0              3              2              1   1.191638e+01   3.516836e-01   6.044109e-01
        291000   2.147533e+00   2.289776e+01              0              2              2              1   1.181910e+01   3.392070e-01   5.944880e-01
        291500   2.152473e+00   1.536981e+01              0              2              1              1   1.180982e+01   3.541611e-01   5.977462e-01
        292000   2.157570e+00   1.636104e+01              0              3              2              1   1.180071e+01   3.448378e-01   5.942818e-01
        292500   2.177189e+00   1.735723e+01              0              3              1              1   1.148334e+01   3.576995e-01   5.865046e-01
        293000   2.224638e+00   1.094961e+01              0              2              2              1   1.172244e+01   3.452974e-01   5.888219e-01
        293500   2.219715e+00   1.193746e+01              0              1              0              0   1.161868e+01   3.434585e-01   5.954993e-01
        294000   2.267382e+00   7.460834e+00              0              2              0              0   1.157921e+01   3.486632e-01   5.997912e-01
        294500   2.287149e+00   8.453106e+00              0              2              0              0   1.185647e+01   3.569440e-01   6.040238e-01
        295000   2.292936e+00   5.672705e+00              0              2              0              0   1.199861e+01   3.460482e-01   6.117377e-01
        295500   2.318527e+00   6.657858e+00              0              2              0              0   1.189410e+01   3.492284e-01   6.083555e-01
        296000   2.371178e+00   4.847097e+00              0              1              0              0   1.196386e+01   3.736264e-01   6.078188e-01
        296500   2.347323e+00   8.539234e+00              0              1              0              0   1.182041e+01   3.411236e-01   5.982538e-01
        297000   2.368969e+00   6.816869e+00              0              1              0              0   1.190168e+01   3.411824e-01   6.151273e-01
        297500   2.369910e+00   7.813754e+00              0              0              0              0   1.159925e+01   3.300965e-01   5.913798e-01
        298000   2.449960e+00   3.822541e+00              0              0              0              0   1.144514e+01   3.247392e-01   5.840717e-01
        298500   2.441896e+00   7.173841e+00              0              0              0              0   1.154389e+01   3.326595e-01   5.888362e-01
        299000   2.467671e+00   5.773254e+00              0              0              0              0   1.114574e+01   3.241375e-01   5.796418e-01
        299500   2.461661e+00   6.762672e+00              0              0              0              0   1.152209e+01   3.287391e-01   5.915984e-01
        300000   2.485236e+00   5.297591e+00              0              0              0              0   1.156229e+01   3.366729e-01   5.958920e-01
        300500   2.470082e+00   8.737244e+00              0              0              0              0   1.135114e+01   3.143063e-01   5.922009e-01
        301000   2.517547e+00   7.102939e+00              0              0              0              0   1.150677e+01   3.151299e-01   5.905950e-01
        301500   2.561643e+00   5.321387e+00              0              0              0              0   1.160019e+01   3.089048e-01   5.869960e-01
        302000   2.566838e+00   6.315257e+00              0              0              0              0   1.169734e+01   3.135827e-01   5.968318e-01
        302500   2.570594e+00   7.297164e+00              0              0              0              0   1.165287e+01   3.221120e-01   6.008269e-01
        303000   2.495899e+00   1.247570e+01              0              0              0              0   1.185802e+01   3.468686e-01   6.012019e-01
        303500   2.508160e+00   1.173867e+01              0              0              0              0   1.191701e+01   3.211786e-01   5.972654e-01
        304000   2.541226e+00   1.273435e+01              0              0              0              0   1.175644e+01   3.089026e-01   5.962054e-01
        304500   2.575359e+00   1.083118e+01              0              0              0              0   1.172417e+01   3.210365e-01   5.936631e-01
