          step              r      E_metad_r      n_cont_CA   n_cont_heavy       n_saltbr        n_hbond           SASA           RMSD             Rg 
             0   5.891815e-01   0.000000e+00              0             30              5             11   1.099182e+01   0.000000e+00   5.653543e-01
           500   5.844931e-01   9.951873e-01              0             28              5             10   1.120503e+01   8.746943e-02   5.675221e-01
          1000   5.588305e-01   1.986174e+00              0             30              4              8   1.130423e+01   9.725496e-02   5.663001e-01
          1500   5.765589e-01   2.977713e+00              0             29              5             10   1.119772e+01   1.037818e-01   5.644730e-01
          2000   5.709006e-01   3.971989e+00              0             31              4             10   1.112572e+01   1.265098e-01   5.648741e-01
          2500   5.702200e-01   4.968581e+00              0             30              5             11   1.128464e+01   1.184654e-01   5.627548e-01
          3000   5.731359e-01   5.961300e+00              0             29              5              9   1.125153e+01   1.225580e-01   5.636277e-01
          3500   5.453621e-01   6.257655e+00              0             31              5             11   1.120567e+01   1.242081e-01   5.611619e-01
          4000   5.601963e-01   7.922741e+00              0             29              5              9   1.105888e+01   1.508353e-01   5.603761e-01
          4500   5.806882e-01   8.914501e+00              0             29              5              7   1.120249e+01   1.483914e-01   5.681216e-01
          5000   5.741435e-01   9.899059e+00              0             29              5              6   1.099675e+01   1.289219e-01   5.659341e-01
          5500   5.640568e-01   1.088683e+01              0             30              5              8   1.124388e+01   1.150195e-01   5.694420e-01
          6000   5.850181e-01   1.187941e+01              0             29              5              7   1.105693e+01   1.000467e-01   5.683304e-01
          6500   5.867986e-01   1.286586e+01              0             28              5              7   1.117601e+01   1.078117e-01   5.728614e-01
          7000   5.973702e-01   1.385477e+01              0             30              5              8   1.115320e+01   1.193695e-01   5.675372e-01
          7500   5.815077e-01   1.484985e+01              0             28              5              7   1.119463e+01   1.087100e-01   5.682347e-01
          8000   5.712948e-01   1.584633e+01              0             29              5              6   1.107110e+01   1.334134e-01   5.658255e-01
          8500   6.029571e-01   1.488442e+01              0             26              5              6   1.122159e+01   1.255213e-01   5.688192e-01
          9000   5.970772e-01   1.779529e+01              0             27              5              8   1.110971e+01   1.193936e-01   5.656205e-01
          9500   5.830638e-01   1.876982e+01              0             30              5              7   1.109886e+01   1.302177e-01   5.660207e-01
         10000   5.742162e-01   1.976384e+01              0             29              5              9   1.122228e+01   1.273508e-01   5.699725e-01
         10500   5.889528e-01   2.075853e+01              0             29              5              6   1.121871e+01   1.470900e-01   5.696633e-01
         11000   5.810599e-01   2.175562e+01              0             29              5              8   1.095222e+01   1.382062e-01   5.597536e-01
         11500   5.879760e-01   2.274648e+01              0             29              5             11   1.107390e+01   1.500440e-01   5.590123e-01
         12000   6.087901e-01   2.126077e+01              0             28              5              7   1.095442e+01   1.697078e-01   5.582939e-01
         12500   5.772704e-01   2.472139e+01              0             28              5              8   1.102551e+01   1.313276e-01   5.664855e-01
         13000   5.927730e-01   2.570546e+01              0             29              5              8   1.114530e+01   1.784580e-01   5.655363e-01
         13500   5.937678e-01   2.669539e+01              0             28              5              8   1.091063e+01   1.567414e-01   5.616836e-01
         14000   5.967916e-01   2.762893e+01              0             29              5              9   1.099125e+01   1.524181e-01   5.691746e-01
         14500   5.809308e-01   2.860796e+01              0             27              5              5   1.086114e+01   1.520536e-01   5.602695e-01
         15000   5.868575e-01   2.960146e+01              0             27              5             10   1.113518e+01   1.386765e-01   5.620317e-01
         15500   5.679408e-01   3.059287e+01              0             28              5              8   1.112344e+01   1.660374e-01   5.626625e-01
         16000   5.855192e-01   3.158590e+01              0             29              5              7   1.132552e+01   1.822939e-01   5.710561e-01
         16500   5.693279e-01   3.257525e+01              0             29              5              8   1.134212e+01   1.967644e-01   5.647188e-01
         17000   6.006913e-01   3.352788e+01              0             29              5              8   1.108309e+01   1.615439e-01   5.625703e-01
         17500   5.680085e-01   3.451941e+01              0             30              5              8   1.105461e+01   1.481126e-01   5.601474e-01
         18000   5.756910e-01   3.550343e+01              0             29              5              7   1.105205e+01   1.674985e-01   5.603277e-01
         18500   5.805784e-01   3.649961e+01              0             30              5              7   1.128017e+01   1.636321e-01   5.723810e-01
         19000   5.719286e-01   3.748507e+01              0             29              5              7   1.121506e+01   1.720722e-01   5.704318e-01
         19500   5.967622e-01   3.847190e+01              0             27              5              9   1.103116e+01   1.520195e-01   5.631528e-01
         20000   5.921507e-01   3.597556e+01              0             28              5              8   1.115393e+01   1.564847e-01   5.676647e-01
         20500   5.881799e-01   4.043342e+01              0             31              5              9   1.119431e+01   1.490621e-01   5.676168e-01
         21000   5.921884e-01   4.142877e+01              0             30              5              6   1.111768e+01   1.518105e-01   5.674407e-01
         21500   5.776258e-01   4.241406e+01              0             29              5              9   1.119192e+01   1.461990e-01   5.627974e-01
         22000   5.845041e-01   4.340621e+01              0             28              4              9   1.135662e+01   1.499795e-01   5.710009e-01
         22500   5.954209e-01   4.439524e+01              0             26              5              8   1.119011e+01   1.583336e-01   5.635628e-01
         23000   5.909013e-01   4.535778e+01              0             26              5              9   1.112349e+01   1.562358e-01   5.618939e-01
         23500   6.003777e-01   4.243330e+01              0             28              5              7   1.108195e+01   1.532331e-01   5.623331e-01
         24000   5.910595e-01   4.731064e+01              0             29              5              9   1.120443e+01   1.787575e-01   5.740093e-01
         24500   6.093668e-01   4.432988e+01              0             31              5              9   1.123430e+01   1.709758e-01   5.664934e-01
         25000   5.840925e-01   4.922501e+01              0             29              5              9   1.120376e+01   1.614732e-01   5.641201e-01
         25500   5.854480e-01   5.021879e+01              0             28              5              9   1.104495e+01   1.590587e-01   5.601545e-01
         26000   5.837291e-01   5.121258e+01              0             28              5              9   1.090851e+01   1.401984e-01   5.579408e-01
         26500   5.663877e-01   5.219547e+01              0             29              5             10   1.092153e+01   1.444155e-01   5.595971e-01
         27000   5.855195e-01   5.318947e+01              0             29              5             10   1.111968e+01   1.183086e-01   5.678546e-01
         27500   6.095703e-01   4.983285e+01              0             29              5             10   1.113448e+01   1.405421e-01   5.663539e-01
         28000   6.004202e-01   5.507591e+01              0             27              5             11   1.117060e+01   1.515909e-01   5.687515e-01
         28500   6.119247e-01   5.177898e+01              0             28              5             10   1.101211e+01   1.311701e-01   5.630930e-01
         29000   6.164594e-01   5.277676e+01              0             28              5              9   1.136934e+01   1.293889e-01   5.756012e-01
         29500   6.121524e-01   5.377099e+01              0             29              5             10   1.127185e+01   1.005842e-01   5.714181e-01
         30000   6.325041e-01   5.476238e+01              0             28              4              8   1.122067e+01   1.269963e-01   5.721709e-01
         30500   6.067025e-01   5.576069e+01              0             30              5              9   1.086433e+01   1.385979e-01   5.605122e-01
         31000   6.081575e-01   5.675091e+01              0             29              5              9   1.087114e+01   1.293800e-01   5.583883e-01
         31500   5.966785e-01   6.137681e+01              0             29              5              7   1.120933e+01   1.327039e-01   5.697093e-01
         32000   5.989437e-01   5.865423e+01              0             29              5             11   1.089210e+01   1.095109e-01   5.623293e-01
         32500   5.999986e-01   5.960059e+01              0             30              5              9   1.113699e+01   1.408525e-01   5.631749e-01
         33000   5.848292e-01   6.429638e+01              0             28              5             10   1.110832e+01   1.345273e-01   5.610439e-01
         33500   5.936690e-01   6.529120e+01              0             30              4              9   1.120769e+01   1.125900e-01   5.645794e-01
         34000   5.976472e-01   6.237056e+01              0             28              5              9   1.153454e+01   1.266927e-01   5.734570e-01
         34500   6.455790e-01   4.707567e+01              0             27              4              8   1.142129e+01   9.648754e-02   5.759596e-01
         35000   6.207825e-01   6.430042e+01              0             30              5              9   1.169861e+01   1.061922e-01   5.841689e-01
         35500   6.023413e-01   6.529604e+01              0             27              4              9   1.130726e+01   1.026486e-01   5.695440e-01
         36000   6.199823e-01   6.622699e+01              0             27              5              9   1.133903e+01   8.026152e-02   5.727119e-01
         36500   6.338691e-01   6.721209e+01              0             27              5              8   1.156037e+01   1.041969e-01   5.779308e-01
         37000   6.575893e-01   5.153211e+01              0             26              5              7   1.160870e+01   1.202152e-01   5.834171e-01
         37500   6.828524e-01   3.178091e+01              0             26              5              7   1.151557e+01   1.267475e-01   5.867990e-01
         38000   6.232841e-01   6.982782e+01              0             28              5              8   1.142015e+01   1.134050e-01   5.778789e-01
         38500   5.847310e-01   7.324614e+01              0             26              5              9   1.143427e+01   1.059095e-01   5.734722e-01
         39000   6.420924e-01   7.173380e+01              0             27              5             10   1.164278e+01   1.122220e-01   5.824226e-01
         39500   6.578851e-01   5.611077e+01              0             26              5              8   1.127540e+01   1.064784e-01   5.744593e-01
         40000   6.181638e-01   7.363736e+01              0             27              5              8   1.147404e+01   1.254179e-01   5.801202e-01
         40500   6.401096e-01   5.794765e+01              0             30              5             10   1.140409e+01   9.869769e-02   5.735926e-01
         41000   6.478941e-01   5.894313e+01              0             27              5              8   1.143626e+01   9.781637e-02   5.795303e-01
         41500   5.943001e-01   7.780570e+01              0             29              5              9   1.115812e+01   1.114822e-01   5.650001e-01
         42000   6.174221e-01   7.743453e+01              0             30              5              7   1.138265e+01   9.324723e-02   5.753657e-01
         42500   6.354139e-01   7.842764e+01              0             28              5              7   1.138636e+01   1.074273e-01   5.713238e-01
         43000   6.308993e-01   7.941620e+01              0             28              5              5   1.126382e+01   1.150096e-01   5.659127e-01
         43500   6.040305e-01   8.041086e+01              0             29              5              6   1.133385e+01   1.033776e-01   5.702765e-01
         44000   6.848765e-01   6.435091e+01              0             25              5              7   1.191430e+01   1.161655e-01   5.948472e-01
         44500   7.173981e-01   4.174354e+01              0             25              5              8   1.230509e+01   1.446152e-01   6.114055e-01
         45000   7.410083e-01   2.258184e+01              0             25              5              6   1.249292e+01   1.596807e-01   6.202207e-01
         45500   7.642034e-01   2.357586e+01              0             22              5              5   1.250433e+01   1.863045e-01   6.260779e-01
         46000   7.644423e-01   2.457162e+01              0             21              5              4   1.244496e+01   1.838089e-01   6.243392e-01
         46500   7.460566e-01   4.544702e+01              0             22              5              5   1.227860e+01   1.956664e-01   6.180176e-01
         47000   7.684047e-01   2.653983e+01              0             20              5              5   1.220143e+01   1.774220e-01   6.094450e-01
         47500   7.792828e-01   2.752705e+01              0             21              5              5   1.268102e+01   2.007581e-01   6.257451e-01
         48000   7.696755e-01   2.852069e+01              0             20              5              5   1.247884e+01   1.809918e-01   6.212281e-01
         48500   7.772375e-01   2.951423e+01              0             22              5              5   1.256404e+01   1.968517e-01   6.277200e-01
         49000   7.989007e-01   1.691892e+01              0             20              4              5   1.242172e+01   2.004928e-01   6.177691e-01
         49500   8.021282e-01   1.789251e+01              0             20              5              6   1.244607e+01   2.143827e-01   6.241292e-01
         50000   7.926931e-01   3.239085e+01              0             23              5              5   1.217797e+01   1.990620e-01   6.127331e-01
         50500   8.205642e-01   1.984211e+01              0             21              5              3   1.252915e+01   2.094269e-01   6.267637e-01
         51000   8.375922e-01   1.177659e+01              0             18              5              4   1.228393e+01   2.239049e-01   6.338355e-01
         51500   8.271305e-01   2.181958e+01              0             21              4              3   1.265693e+01   2.348216e-01   6.319754e-01
         52000   8.185020e-01   2.280264e+01              0             22              5              5   1.245507e+01   2.295014e-01   6.393320e-01
         52500   8.311548e-01   2.379328e+01              0             18              5              4   1.252828e+01   2.296909e-01   6.406629e-01
         53000   8.076000e-01   2.477698e+01              0             19              5              5   1.280586e+01   2.227490e-01   6.493138e-01
         53500   8.082361e-01   2.574502e+01              0             19              4              4   1.276993e+01   1.948446e-01   6.249843e-01
         54000   7.980633e-01   2.673830e+01              0             19              4              5   1.261600e+01   1.998394e-01   6.252831e-01
         54500   7.949423e-01   4.038102e+01              0             21              5              5   1.261638e+01   1.932856e-01   6.267705e-01
         55000   7.635216e-01   4.136151e+01              0             19              5              5   1.253945e+01   1.970925e-01   6.259029e-01
         55500   7.839723e-01   2.955516e+01              0             22              5              4   1.242880e+01   2.088107e-01   6.283713e-01
         56000   7.833616e-01   4.331630e+01              0             18              5              6   1.254057e+01   2.007189e-01   6.237433e-01
         56500   7.869860e-01   3.148376e+01              0             21              5              4   1.257330e+01   1.908921e-01   6.226089e-01
         57000   8.292503e-01   3.245984e+01              0             21              5              5   1.247282e+01   1.942704e-01   6.157577e-01
         57500   8.422026e-01   3.344571e+01              0             18              4              3   1.242460e+01   2.175979e-01   6.300850e-01
         58000   8.247911e-01   3.439836e+01              0             20              5              5   1.242848e+01   2.105996e-01   6.258263e-01
         58500   7.880244e-01   4.765161e+01              0             23              5              4   1.257897e+01   2.144204e-01   6.274552e-01
         59000   8.315795e-01   3.636587e+01              0             21              4              5   1.268100e+01   2.391658e-01   6.412847e-01
         59500   8.501907e-01   2.606599e+01              0             20              4              3   1.237205e+01   2.141301e-01   6.301340e-01
         60000   8.543302e-01   2.705945e+01              0             22              4              5   1.244947e+01   2.109358e-01   6.327645e-01
         60500   8.226456e-01   3.914446e+01              0             19              5              5   1.228844e+01   2.077584e-01   6.251424e-01
         61000   8.089445e-01   4.013073e+01              0             23              4              7   1.242415e+01   2.264900e-01   6.347688e-01
         61500   8.132832e-01   4.112251e+01              0             18              4              5   1.248100e+01   2.027016e-01   6.277265e-01
         62000   7.921339e-01   4.211684e+01              0             21              4              4   1.240708e+01   2.157246e-01   6.310127e-01
         62500   8.090758e-01   4.310242e+01              0             20              4              5   1.257199e+01   2.204837e-01   6.353347e-01
         63000   8.381783e-01   4.408148e+01              0             20              5              6   1.255191e+01   2.115604e-01   6.292985e-01
         63500   7.983075e-01   4.506062e+01              0             18              5              4   1.247292e+01   1.959031e-01   6.168958e-01
         64000   7.935119e-01   5.687303e+01              0             19              4              5   1.247491e+01   1.840761e-01   6.198731e-01
         64500   7.910055e-01   4.697190e+01              0             20              5              6   1.198854e+01   1.572415e-01   6.053743e-01
         65000   8.169101e-01   4.796461e+01              0             22              4              5   1.197083e+01   1.764003e-01   6.121004e-01
         65500   8.039551e-01   4.895017e+01              0             19              5              5   1.208014e+01   1.571966e-01   6.023337e-01
         66000   8.043696e-01   4.992550e+01              0             16              5              4   1.179991e+01   1.456624e-01   5.975654e-01
         66500   8.133499e-01   5.092083e+01              0             17              4              5   1.206294e+01   1.667968e-01   6.025193e-01
         67000   8.097472e-01   5.191913e+01              0             18              5              5   1.204528e+01   1.620826e-01   5.992694e-01
         67500   8.415890e-01   5.291324e+01              0             13              4              4   1.218655e+01   1.907767e-01   6.180530e-01
         68000   8.289327e-01   5.388677e+01              0             15              5              4   1.215592e+01   1.901871e-01   6.141440e-01
         68500   8.008620e-01   5.487906e+01              0             17              5              6   1.208223e+01   1.913634e-01   6.119664e-01
         69000   7.915861e-01   5.584549e+01              0             18              5              3   1.222849e+01   1.826139e-01   6.070154e-01
         69500   7.935983e-01   5.682391e+01              0             18              4              3   1.193004e+01   1.741840e-01   6.028787e-01
         70000   8.019386e-01   5.779627e+01              0             19              5              4   1.203155e+01   1.785754e-01   6.029009e-01
         70500   8.336608e-01   5.877267e+01              0             18              4              4   1.209182e+01   1.911432e-01   6.074826e-01
         71000   8.115384e-01   5.976727e+01              0             18              5              6   1.201792e+01   1.959157e-01   6.101589e-01
         71500   7.980775e-01   6.075961e+01              0             22              5              4   1.195117e+01   1.843937e-01   6.067858e-01
         72000   7.987868e-01   6.171741e+01              0             21              5              5   1.200145e+01   1.884269e-01   5.977436e-01
         72500   8.375586e-01   4.818425e+01              0             20              4              3   1.209332e+01   2.065007e-01   6.105184e-01
         73000   8.707311e-01   3.174232e+01              0             19              4              3   1.188491e+01   2.000916e-01   6.069305e-01
         73500   8.750558e-01   5.015544e+01              0             18              4              4   1.202160e+01   1.934571e-01   6.093628e-01
         74000   8.408910e-01   5.113690e+01              0             18              4              4   1.182492e+01   1.947300e-01   6.013405e-01
         74500   8.268329e-01   6.630912e+01              0             19              5              7   1.179404e+01   1.892787e-01   5.965036e-01
         75000   7.970181e-01   6.728903e+01              0             22              5              5   1.171763e+01   1.855481e-01   5.973530e-01
         75500   8.000313e-01   6.818203e+01              0             21              5              5   1.178099e+01   1.876171e-01   5.968464e-01
         76000   7.950639e-01   7.751927e+01              0             21              4              5   1.164142e+01   2.033761e-01   5.971811e-01
         76500   8.140993e-01   7.011158e+01              0             16              5              4   1.174785e+01   2.046465e-01   5.986933e-01
         77000   7.829653e-01   7.940560e+01              0             21              4              4   1.164475e+01   2.060683e-01   5.924557e-01
         77500   7.935764e-01   7.204499e+01              0             22              5              4   1.190175e+01   2.078733e-01   6.062159e-01
         78000   8.187037e-01   7.300905e+01              0             19              5              4   1.193552e+01   2.099585e-01   5.995177e-01
         78500   7.837069e-01   8.228139e+01              0             22              4              5   1.186876e+01   2.088486e-01   5.994698e-01
         79000   7.180700e-01   8.773228e+01              0             24              5              6   1.214424e+01   2.058334e-01   6.026671e-01
         79500   7.700617e-01   8.418518e+01              0             23              5              6   1.221088e+01   2.069715e-01   6.072511e-01
         80000   8.038612e-01   7.648184e+01              0             20              5              5   1.208464e+01   2.097629e-01   6.046252e-01
         80500   7.880976e-01   8.608770e+01              0             20              5              5   1.200013e+01   1.976034e-01   6.075430e-01
         81000   8.400195e-01   7.841368e+01              0             22              5              6   1.224412e+01   2.131382e-01   6.190362e-01
         81500   8.519690e-01   6.264801e+01              0             20              4              4   1.215559e+01   2.240579e-01   6.196279e-01
         82000   8.644296e-01   6.364051e+01              0             19              4              4   1.195563e+01   2.207987e-01   6.103076e-01
         82500   8.914088e-01   4.290922e+01              0             21              4              4   1.215787e+01   2.159763e-01   6.158397e-01
         83000   8.706119e-01   6.556432e+01              0             19              4              4   1.200193e+01   2.198523e-01   6.096656e-01
         83500   8.681798e-01   6.653604e+01              0             18              3              6   1.197225e+01   2.144805e-01   6.077619e-01
         84000   8.689365e-01   6.752860e+01              0             18              3              5   1.212805e+01   2.161965e-01   6.139683e-01
         84500   9.150472e-01   4.672892e+01              0             15              4              4   1.221459e+01   2.218768e-01   6.194663e-01
         85000   8.952205e-01   4.771931e+01              0             17              4              5   1.215601e+01   2.054136e-01   6.147988e-01
         85500   9.070404e-01   4.870248e+01              0             14              4              5   1.212015e+01   2.213427e-01   6.141794e-01
         86000   9.632108e-01   2.884309e+01              0             14              4              6   1.216828e+01   2.344746e-01   6.234037e-01
         86500   9.465523e-01   2.983876e+01              0             16              4              4   1.218035e+01   2.374317e-01   6.333540e-01
         87000   9.612654e-01   3.082528e+01              0             13              4              5   1.241647e+01   2.385082e-01   6.278311e-01
         87500   9.494598e-01   3.181683e+01              0             17              3              6   1.218512e+01   2.305705e-01   6.245778e-01
         88000   9.445580e-01   3.278493e+01              0             15              4              4   1.230467e+01   2.262495e-01   6.223898e-01
         88500   9.667850e-01   3.377836e+01              0             15              3              5   1.228793e+01   2.299289e-01   6.258277e-01
         89000   9.412204e-01   5.501463e+01              0             15              4              6   1.231693e+01   2.242071e-01   6.225554e-01
         89500   9.831849e-01   3.573400e+01              0             15              3              5   1.256680e+01   2.396382e-01   6.308319e-01
         90000   9.974967e-01   2.084871e+01              0             14              3              6   1.238441e+01   2.329629e-01   6.217631e-01
         90500   9.517991e-01   3.766668e+01              0             19              3              4   1.250158e+01   2.433704e-01   6.332862e-01
         91000   9.837590e-01   3.864822e+01              0             18              3              3   1.211219e+01   2.269632e-01   6.203700e-01
         91500   9.823871e-01   3.962916e+01              0             15              3              5   1.222605e+01   2.328287e-01   6.228090e-01
         92000   9.725212e-01   4.061561e+01              0             14              3              4   1.225225e+01   2.324850e-01   6.242446e-01
         92500   1.002116e+00   2.554271e+01              0             11              3              5   1.243697e+01   2.595373e-01   6.334308e-01
         93000   9.836193e-01   4.249789e+01              0             17              3              5   1.209881e+01   2.369030e-01   6.227128e-01
         93500   9.960343e-01   2.749004e+01              0             14              3              4   1.234840e+01   2.297376e-01   6.211026e-01
         94000   9.826303e-01   4.441861e+01              0             18              3              4   1.222247e+01   2.443740e-01   6.279633e-01
         94500   9.792260e-01   4.540842e+01              0             14              3              4   1.221147e+01   2.353338e-01   6.231947e-01
         95000   9.950094e-01   3.030197e+01              0             11              3              4   1.239799e+01   2.591641e-01   6.325474e-01
         95500   9.666660e-01   4.733340e+01              0             14              3              4   1.243832e+01   2.387278e-01   6.275630e-01
         96000   9.793536e-01   3.215794e+01              0             13              3              4   1.222359e+01   2.557599e-01   6.256741e-01
         96500   1.006216e+00   3.311085e+01              0             14              3              5   1.195196e+01   2.542347e-01   6.298759e-01
         97000   1.014763e+00   3.410775e+01              0             15              3              5   1.206240e+01   2.656861e-01   6.297449e-01
         97500   9.977917e-01   3.504261e+01              0             15              3              5   1.225772e+01   2.589325e-01   6.275999e-01
         98000   1.002522e+00   3.602934e+01              0             15              4              4   1.206203e+01   2.410874e-01   6.195561e-01
         98500   1.001689e+00   3.701143e+01              0             16              3              4   1.226334e+01   2.527420e-01   6.310861e-01
         99000   1.017765e+00   3.799616e+01              0             13              3              3   1.222248e+01   2.761470e-01   6.334963e-01
         99500   9.871405e-01   3.897529e+01              0             14              3              5   1.254031e+01   2.613549e-01   6.393239e-01
        100000   1.014546e+00   3.996071e+01              0             11              3              5   1.244514e+01   2.689127e-01   6.397293e-01
        100500   9.880281e-01   4.094909e+01              0             14              3              4   1.220900e+01   2.494327e-01   6.295910e-01
        101000   9.575029e-01   5.760990e+01              0             16              3              4   1.236574e+01   2.469476e-01   6.303720e-01
        101500   9.931910e-01   4.277909e+01              0             19              3              4   1.264520e+01   2.566134e-01   6.418172e-01
        102000   1.003337e+00   4.376353e+01              0             16              3              4   1.252973e+01   2.639337e-01   6.417207e-01
        102500   9.900781e-01   4.470992e+01              0             16              3              5   1.257888e+01   2.578641e-01   6.378074e-01
        103000   9.538153e-01   6.149238e+01              0             20              3              5   1.250436e+01   2.638999e-01   6.370797e-01
        103500   9.754053e-01   4.647821e+01              0             17              3              3   1.244703e+01   2.615338e-01   6.255654e-01
        104000   9.699444e-01   6.346999e+01              0             21              3              5   1.270715e+01   2.625525e-01   6.320398e-01
        104500   9.895603e-01   4.831197e+01              0             20              2              5   1.257884e+01   2.825241e-01   6.333785e-01
        105000   1.032883e+00   4.929272e+01              0             19              3              6   1.260270e+01   3.086679e-01   6.431999e-01
        105500   1.043358e+00   3.364957e+01              0             19              2              4   1.257729e+01   3.161292e-01   6.521003e-01
        106000   1.014122e+00   5.124929e+01              0             15              3              6   1.262194e+01   3.149789e-01   6.405756e-01
        106500   1.044960e+00   3.551684e+01              0             18              3              4   1.270283e+01   3.161979e-01   6.450647e-01
        107000   1.050259e+00   3.651129e+01              0             17              3              4   1.264216e+01   2.975849e-01   6.382402e-01
        107500   1.027334e+00   5.408063e+01              0             19              3              4   1.250609e+01   3.116589e-01   6.373531e-01
        108000   1.044694e+00   5.501761e+01              0             17              3              4   1.256954e+01   3.358340e-01   6.454639e-01
        108500   1.022733e+00   5.600521e+01              0             19              3              4   1.284559e+01   3.162903e-01   6.461492e-01
        109000   1.072201e+00   4.034994e+01              0             18              3              4   1.257464e+01   3.298234e-01   6.428088e-01
        109500   1.098858e+00   2.526272e+01              0             14              3              4   1.283072e+01   3.666882e-01   6.629438e-01
        110000   1.092556e+00   4.226064e+01              0             18              3              4   1.266572e+01   3.262637e-01   6.512545e-01
        110500   1.144856e+00   1.457452e+01              0             14              3              3   1.277780e+01   3.518716e-01   6.625323e-01
        111000   1.171005e+00   1.555407e+01              0             14              3              4   1.267597e+01   3.601485e-01   6.634119e-01
        111500   1.179622e+00   1.653656e+01              0             15              3              4   1.334754e+01   3.592083e-01   6.950781e-01
        112000   1.120516e+00   2.986804e+01              0             17              3              4   1.268064e+01   3.295196e-01   6.450889e-01
        112500   1.102144e+00   4.580055e+01              0             18              3              4   1.247886e+01   3.316489e-01   6.395339e-01
        113000   1.098348e+00   4.674800e+01              0             16              3              3   1.281608e+01   3.455454e-01   6.495951e-01
        113500   1.105397e+00   3.280253e+01              0             18              3              5   1.257690e+01   3.244795e-01   6.289007e-01
        114000   1.140240e+00   2.087241e+01              0             17              3              2   1.279408e+01   3.507091e-01   6.507144e-01
        114500   1.205433e+00   1.228732e+01              0             17              3              4   1.266654e+01   3.620416e-01   6.516594e-01
        115000   1.196902e+00   2.278074e+01              0             15              3              3   1.290229e+01   3.982175e-01   6.702507e-01
        115500   1.214597e+00   1.426334e+01              0             11              3              5   1.292585e+01   4.072033e-01   6.835325e-01
        116000   1.220232e+00   1.525963e+01              0             12              3              5   1.273838e+01   4.109708e-01   6.719956e-01
        116500   1.264872e+00   9.573379e+00              0             15              3              5   1.272556e+01   4.122237e-01   6.759964e-01
        117000   1.244961e+00   1.722062e+01              0             12              3              4   1.298233e+01   4.152871e-01   6.791317e-01
        117500   1.218524e+00   1.821333e+01              0             14              3              5   1.308545e+01   3.843041e-01   6.643372e-01
        118000   1.236568e+00   1.920864e+01              0             17              3              4   1.287454e+01   4.144103e-01   6.817485e-01
        118500   1.220913e+00   2.020541e+01              0             18              3              4   1.269585e+01   4.245859e-01   6.836911e-01
        119000   1.210666e+00   2.120133e+01              0             15              3              3   1.264731e+01   4.000453e-01   6.662265e-01
        119500   1.212801e+00   2.219917e+01              0             18              3              4   1.256875e+01   3.835136e-01   6.625829e-01
        120000   1.196306e+00   2.317816e+01              0             15              3              4   1.243439e+01   4.025670e-01   6.632029e-01
        120500   1.198167e+00   3.240994e+01              0             15              3              2   1.261066e+01   3.908345e-01   6.605270e-01
        121000   1.161608e+00   3.337071e+01              0             12              3              3   1.219534e+01   3.841406e-01   6.466479e-01
        121500   1.157310e+00   3.435366e+01              0             15              3              5   1.258318e+01   4.064957e-01   6.605953e-01
        122000   1.182167e+00   3.533355e+01              0             14              3              3   1.252908e+01   4.098625e-01   6.537691e-01
        122500   1.165866e+00   3.632842e+01              0             15              3              3   1.253276e+01   4.272693e-01   6.681071e-01
        123000   1.176046e+00   3.731566e+01              0             12              3              3   1.241781e+01   4.083018e-01   6.568557e-01
        123500   1.173814e+00   3.830911e+01              0             17              3              4   1.252382e+01   4.079808e-01   6.694967e-01
        124000   1.198884e+00   3.928669e+01              0             15              3              4   1.258002e+01   4.124009e-01   6.662157e-01
        124500   1.214698e+00   3.140532e+01              0             14              3              4   1.290139e+01   4.239228e-01   6.827554e-01
        125000   1.266615e+00   2.287938e+01              0             14              3              3   1.277614e+01   4.315684e-01   6.653001e-01
        125500   1.270731e+00   2.387704e+01              0             13              3              4   1.289106e+01   4.259411e-01   6.659486e-01
        126000   1.265713e+00   2.487498e+01              0             16              3              4   1.285668e+01   3.963117e-01   6.658045e-01
        126500   1.286023e+00   2.586826e+01              0             17              3              3   1.250082e+01   4.188562e-01   6.671980e-01
        127000   1.266300e+00   2.685782e+01              0             20              3              4   1.300379e+01   3.989950e-01   6.707966e-01
        127500   1.268716e+00   2.785157e+01              0             20              3              4   1.268160e+01   4.020260e-01   6.627726e-01
        128000   1.265447e+00   2.884813e+01              0             20              3              3   1.310098e+01   4.177828e-01   6.842731e-01
        128500   1.277589e+00   2.983976e+01              0             21              3              4   1.268162e+01   4.018447e-01   6.648624e-01
        129000   1.305186e+00   3.079577e+01              0             22              3              4   1.276715e+01   4.085875e-01   6.677296e-01
        129500   1.310681e+00   2.188423e+01              0             16              3              3   1.289944e+01   4.081408e-01   6.670444e-01
        130000   1.310657e+00   2.286426e+01              0             21              3              4   1.281834e+01   3.956210e-01   6.622666e-01
        130500   1.340802e+00   2.385774e+01              0             19              3              3   1.289783e+01   4.149773e-01   6.710698e-01
        131000   1.303279e+00   2.482479e+01              0             21              3              5   1.280396e+01   4.191107e-01   6.717838e-01
        131500   1.332728e+00   2.581015e+01              0             22              3              5   1.268627e+01   3.853014e-01   6.626885e-01
        132000   1.328882e+00   2.679274e+01              0             23              3              3   1.261254e+01   3.941527e-01   6.592420e-01
        132500   1.355955e+00   1.811819e+01              0             23              3              4   1.307589e+01   3.928205e-01   6.843583e-01
        133000   1.348607e+00   2.862608e+01              0             19              3              3   1.275995e+01   3.933514e-01   6.617381e-01
        133500   1.299936e+00   3.814812e+01              0             20              3              4   1.309159e+01   3.964984e-01   6.649285e-01
        134000   1.318519e+00   3.057944e+01              0             14              3              3   1.294242e+01   3.935764e-01   6.630158e-01
        134500   1.307238e+00   3.156597e+01              0             18              3              3   1.280389e+01   4.090233e-01   6.575125e-01
        135000   1.297357e+00   3.253947e+01              0             20              3              3   1.245174e+01   3.838813e-01   6.320272e-01
        135500   1.244942e+00   4.690954e+01              0             19              3              3   1.267269e+01   3.955908e-01   6.517868e-01
        136000   1.233498e+00   4.788108e+01              0             18              3              3   1.268057e+01   3.907807e-01   6.454811e-01
        136500   1.222297e+00   4.887565e+01              0             18              3              2   1.268138e+01   4.029832e-01   6.535283e-01
        137000   1.214799e+00   4.987209e+01              0             18              2              1   1.262198e+01   4.033257e-01   6.557468e-01
        137500   1.217170e+00   5.087006e+01              0             18              3              2   1.268554e+01   4.145136e-01   6.552867e-01
        138000   1.187279e+00   5.407446e+01              0             18              2              2   1.278803e+01   3.991551e-01   6.522985e-01
        138500   1.207483e+00   5.504563e+01              0             22              2              2   1.256547e+01   3.959942e-01   6.423563e-01
        139000   1.200883e+00   5.598565e+01              0             20              2              2   1.243925e+01   3.868022e-01   6.323984e-01
        139500   1.218053e+00   5.477223e+01              0             19              2              2   1.233255e+01   3.956275e-01   6.263654e-01
        140000   1.228137e+00   5.575033e+01              0             20              2              2   1.276209e+01   3.686297e-01   6.382840e-01
        140500   1.215582e+00   5.673891e+01              0             20              2              2   1.251157e+01   3.434010e-01   6.338102e-01
        141000   1.173405e+00   5.956397e+01              0             21              2              2   1.239221e+01   3.337319e-01   6.195943e-01
        141500   1.220265e+00   5.864330e+01              0             21              2              2   1.245917e+01   3.427341e-01   6.279866e-01
        142000   1.260980e+00   5.282889e+01              0             20              2              1   1.242954e+01   3.407756e-01   6.281599e-01
        142500   1.223114e+00   6.056019e+01              0             19              2              2   1.235644e+01   3.139735e-01   6.075877e-01
        143000   1.265977e+00   5.474402e+01              0             23              2              2   1.268698e+01   3.388521e-01   6.370495e-01
        143500   1.250279e+00   5.573892e+01              0             18              2              1   1.242513e+01   3.361447e-01   6.243849e-01
        144000   1.260216e+00   5.670964e+01              0             20              2              2   1.260877e+01   3.499854e-01   6.354519e-01
        144500   1.303499e+00   4.504840e+01              0             22              2              2   1.276676e+01   3.371978e-01   6.388473e-01
        145000   1.303026e+00   4.604196e+01              0             21              2              2   1.299347e+01   3.517087e-01   6.513528e-01
        145500   1.331003e+00   4.703467e+01              0             20              2              2   1.274473e+01   3.486918e-01   6.504759e-01
        146000   1.339239e+00   3.257574e+01              0             22              2              2   1.303255e+01   3.520725e-01   6.595444e-01
        146500   1.379937e+00   3.353882e+01              0             22              2              1   1.278550e+01   3.641229e-01   6.494764e-01
        147000   1.362756e+00   3.451844e+01              0             22              2              1   1.283115e+01   3.662765e-01   6.650912e-01
        147500   1.388023e+00   3.548938e+01              0             22              2              2   1.299491e+01   3.609197e-01   6.656959e-01
        148000   1.390650e+00   2.222553e+01              0             22              2              1   1.277479e+01   3.548312e-01   6.594090e-01
        148500   1.418418e+00   2.320357e+01              0             17              2              1   1.297574e+01   3.494654e-01   6.458386e-01
        149000   1.403084e+00   2.419025e+01              0             19              2              1   1.237742e+01   3.408829e-01   6.285863e-01
        149500   1.403876e+00   2.518646e+01              0             17              2              1   1.246553e+01   3.417755e-01   6.325475e-01
        150000   1.437422e+00   2.616109e+01              0             14              2              1   1.238786e+01   3.660972e-01   6.396244e-01
        150500   1.402252e+00   2.713710e+01              0             15              2              1   1.291528e+01   3.764826e-01   6.617572e-01
        151000   1.411705e+00   2.813276e+01              0             14              2              0   1.277721e+01   3.617026e-01   6.480652e-01
        151500   1.367751e+00   4.262990e+01              0             17              2              2   1.261689e+01   3.374898e-01   6.315703e-01
        152000   1.373505e+00   4.362087e+01              0             16              2              1   1.252941e+01   3.280983e-01   6.334317e-01
        152500   1.354757e+00   4.461365e+01              0             17              2              2   1.244006e+01   3.191154e-01   6.190337e-01
        153000   1.371756e+00   4.561059e+01              0             16              2              1   1.237378e+01   3.335059e-01   6.275715e-01
        153500   1.420517e+00   3.262768e+01              0             13              2              0   1.257454e+01   3.533275e-01   6.393979e-01
        154000   1.389812e+00   4.745659e+01              0             13              2              1   1.273200e+01   3.480760e-01   6.461497e-01
        154500   1.411160e+00   3.459703e+01              0             11              2              1   1.266668e+01   3.430100e-01   6.334371e-01
        155000   1.410218e+00   3.558047e+01              0             14              3              1   1.225341e+01   3.484761e-01   6.310666e-01
        155500   1.467480e+00   2.346620e+01              0             10              2              1   1.213288e+01   3.291029e-01   6.227397e-01
        156000   1.510289e+00   1.387836e+01              0             11              2              1   1.245968e+01   3.443194e-01   6.330909e-01
        156500   1.515834e+00   1.487628e+01              0             13              2              1   1.229989e+01   3.465113e-01   6.321164e-01
        157000   1.512839e+00   1.587473e+01              0             11              2              1   1.198895e+01   3.476830e-01   6.244151e-01
        157500   1.520894e+00   1.686933e+01              0              9              2              1   1.201587e+01   3.565641e-01   6.163301e-01
        158000   1.533970e+00   1.785140e+01              0             10              2              1   1.248055e+01   3.606624e-01   6.381970e-01
        158500   1.540033e+00   1.883938e+01              0              9              2              1   1.261720e+01   3.501090e-01   6.371836e-01
        159000   1.565912e+00   1.217857e+01              0             10              3              1   1.251653e+01   3.491781e-01   6.430721e-01
        159500   1.568641e+00   1.316899e+01              0             10              3              1   1.257770e+01   3.687958e-01   6.458361e-01
        160000   1.583405e+00   1.416424e+01              0              5              2              1   1.254323e+01   3.313270e-01   6.377641e-01
        160500   1.600844e+00   9.485154e+00              0              7              3              1   1.256101e+01   3.566750e-01   6.444964e-01
        161000   1.595157e+00   1.046893e+01              0              7              3              2   1.263957e+01   3.479590e-01   6.473205e-01
        161500   1.604564e+00   1.144596e+01              0              4              3              1   1.281643e+01   3.441989e-01   6.573633e-01
        162000   1.570079e+00   1.801908e+01              0              5              3              1   1.260220e+01   3.193347e-01   6.291139e-01
        162500   1.526229e+00   2.539613e+01              0              7              3              1   1.270169e+01   3.373017e-01   6.491706e-01
        163000   1.564900e+00   1.994729e+01              0              7              3              2   1.255721e+01   3.356675e-01   6.505562e-01
        163500   1.518250e+00   2.732805e+01              0              7              3              2   1.272876e+01   3.417049e-01   6.593633e-01
        164000   1.533833e+00   2.831323e+01              0              8              3              1   1.256397e+01   3.335262e-01   6.500205e-01
        164500   1.537995e+00   2.929008e+01              0              8              3              1   1.260876e+01   3.319382e-01   6.522617e-01
        165000   1.544186e+00   3.023921e+01              0              7              3              2   1.249879e+01   3.373468e-01   6.464209e-01
        165500   1.571725e+00   2.472635e+01              0              8              3              2   1.240254e+01   3.520624e-01   6.502132e-01
        166000   1.604397e+00   1.863576e+01              0              7              3              1   1.201999e+01   3.646668e-01   6.369212e-01
        166500   1.619546e+00   1.963064e+01              0              8              3              1   1.230125e+01   3.693087e-01   6.563580e-01
        167000   1.571558e+00   2.744623e+01              0              9              3              2   1.279703e+01   3.727663e-01   6.757815e-01
        167500   1.638158e+00   2.155448e+01              0              7              3              2   1.217265e+01   3.867516e-01   6.479706e-01
        168000   1.602557e+00   2.253840e+01              0              7              3              2   1.206828e+01   3.865353e-01   6.440426e-01
        168500   1.604090e+00   2.351385e+01              0              7              3              2   1.218720e+01   3.726014e-01   6.383239e-01
        169000   1.632395e+00   2.451038e+01              0              7              3              3   1.200323e+01   3.802501e-01   6.319154e-01
        169500   1.589567e+00   3.205626e+01              0              6              3              2   1.220759e+01   3.849107e-01   6.341625e-01
        170000   1.602335e+00   3.300585e+01              0              4              3              3   1.237887e+01   4.033712e-01   6.475769e-01
        170500   1.604578e+00   2.742285e+01              0              6              3              2   1.211715e+01   3.844747e-01   6.422165e-01
        171000   1.577628e+00   3.493585e+01              0              8              2              2   1.187489e+01   3.576786e-01   6.183509e-01
        171500   1.587263e+00   3.591891e+01              0              7              2              2   1.187473e+01   3.777407e-01   6.232834e-01
        172000   1.622212e+00   3.028136e+01              0              6              3              2   1.177527e+01   3.755563e-01   6.274509e-01
        172500   1.609779e+00   3.771626e+01              0              7              3              2   1.184678e+01   3.739557e-01   6.238549e-01
        173000   1.612267e+00   3.225605e+01              0              7              3              2   1.160467e+01   3.596321e-01   6.163578e-01
        173500   1.574218e+00   3.959559e+01              0              8              3              3   1.206618e+01   3.656238e-01   6.337083e-01
        174000   1.586612e+00   4.058031e+01              0              6              3              2   1.190649e+01   3.603898e-01   6.301677e-01
        174500   1.564295e+00   4.156701e+01              0              8              3              2   1.194097e+01   3.589539e-01   6.231161e-01
        175000   1.602285e+00   3.596753e+01              0              7              3              2   1.202300e+01   3.949096e-01   6.345506e-01
        175500   1.597673e+00   3.695830e+01              0              4              3              2   1.241047e+01   4.084530e-01   6.415461e-01
        176000   1.583468e+00   4.446500e+01              0              6              3              2   1.228736e+01   3.850900e-01   6.365676e-01
        176500   1.570570e+00   4.545702e+01              0              4              3              2   1.241587e+01   3.658478e-01   6.370408e-01
        177000   1.591437e+00   4.641015e+01              0              4              3              2   1.275575e+01   3.945315e-01   6.552688e-01
        177500   1.635061e+00   4.066894e+01              0              4              3              2   1.264075e+01   3.934816e-01   6.576488e-01
        178000   1.592339e+00   4.818593e+01              0              6              3              2   1.299153e+01   3.837524e-01   6.723911e-01
        178500   1.591756e+00   4.259779e+01              0              4              3              1   1.301914e+01   3.831109e-01   6.794556e-01
        179000   1.601757e+00   4.353684e+01              0              4              3              3   1.296849e+01   3.514855e-01   6.581666e-01
        179500   1.574325e+00   5.110871e+01              0              4              3              2   1.289619e+01   3.633784e-01   6.579810e-01
        180000   1.548883e+00   5.209088e+01              0              4              3              2   1.244525e+01   3.408621e-01   6.380093e-01
        180500   1.545544e+00   5.301810e+01              0              4              3              2   1.222254e+01   3.305187e-01   6.199785e-01
        181000   1.574612e+00   5.401023e+01              0              5              3              2   1.230730e+01   3.391238e-01   6.309801e-01
        181500   1.513251e+00   5.538006e+01              0              7              3              2   1.266069e+01   3.191692e-01   6.265690e-01
        182000   1.486620e+00   5.397619e+01              0              9              3              1   1.240671e+01   3.301969e-01   6.256498e-01
        182500   1.500362e+00   5.729277e+01              0              7              3              2   1.228967e+01   3.235657e-01   6.229734e-01
        183000   1.479330e+00   5.594185e+01              0              8              3              2   1.257717e+01   3.171943e-01   6.282453e-01
        183500   1.486810e+00   5.693062e+01              0              6              3              2   1.256415e+01   3.355023e-01   6.328590e-01
        184000   1.502767e+00   5.996273e+01              0              7              3              2   1.219518e+01   3.393814e-01   6.290329e-01
        184500   1.520290e+00   6.093460e+01              0              7              3              3   1.224368e+01   3.211126e-01   6.293829e-01
        185000   1.490170e+00   5.980078e+01              0              7              3              2   1.225685e+01   3.220729e-01   6.214561e-01
        185500   1.475919e+00   6.079428e+01              0              7              3              2   1.242363e+01   3.414433e-01   6.333303e-01
        186000   1.458549e+00   6.178783e+01              0              7              3              2   1.208406e+01   3.180675e-01   6.105231e-01
        186500   1.461312e+00   6.275571e+01              0              8              3              2   1.204158e+01   3.254752e-01   6.046084e-01
        187000   1.440571e+00   6.231989e+01              0              7              3              1   1.224380e+01   3.390525e-01   6.163256e-01
        187500   1.416959e+00   6.330828e+01              0              7              3              1   1.223908e+01   3.268600e-01   6.104781e-01
        188000   1.423947e+00   6.430507e+01              0              7              3              2   1.231776e+01   3.256867e-01   6.167856e-01
        188500   1.407511e+00   6.529316e+01              0             10              3              2   1.249563e+01   3.381803e-01   6.249680e-01
        189000   1.418753e+00   6.626311e+01              0             11              3              2   1.251370e+01   3.204403e-01   6.191055e-01
        189500   1.411419e+00   6.725878e+01              0              8              3              3   1.234837e+01   3.361008e-01   6.256729e-01
        190000   1.404501e+00   6.927032e+01              0             10              3              2   1.226614e+01   3.228214e-01   6.177137e-01
        190500   1.370172e+00   7.022065e+01              0             12              3              1   1.271659e+01   3.297253e-01   6.249196e-01
        191000   1.400050e+00   7.008434e+01              0             11              3              3   1.238125e+01   3.265976e-01   6.107194e-01
        191500   1.404069e+00   7.105836e+01              0             13              3              2   1.243706e+01   3.123493e-01   6.061875e-01
        192000   1.414556e+00   7.204858e+01              0              8              3              2   1.211634e+01   2.873015e-01   6.127907e-01
        192500   1.427337e+00   7.304215e+01              0              9              3              2   1.232484e+01   2.947638e-01   6.164367e-01
        193000   1.421588e+00   7.402799e+01              0             12              3              2   1.222243e+01   2.993807e-01   6.139355e-01
        193500   1.391981e+00   7.573074e+01              0             11              3              2   1.202603e+01   2.906465e-01   6.106875e-01
        194000   1.408993e+00   7.598911e+01              0             11              3              2   1.212413e+01   2.874296e-01   6.033267e-01
        194500   1.426494e+00   7.698411e+01              0              8              3              2   1.187954e+01   2.944258e-01   6.001968e-01
        195000   1.401733e+00   7.793711e+01              0             11              3              2   1.206659e+01   2.862400e-01   6.026380e-01
        195500   1.421935e+00   7.891702e+01              0              9              3              3   1.200840e+01   2.810752e-01   5.960681e-01
        196000   1.398631e+00   8.042731e+01              0             11              4              3   1.183876e+01   2.834500e-01   5.934216e-01
        196500   1.415735e+00   8.088931e+01              0             13              3              2   1.209551e+01   2.832043e-01   5.997061e-01
        197000   1.409662e+00   8.225571e+01              0             12              3              2   1.201490e+01   2.852417e-01   6.001065e-01
        197500   1.477799e+00   8.089829e+01              0             10              3              3   1.227352e+01   3.019788e-01   6.123658e-01
        198000   1.506170e+00   7.740248e+01              0              6              3              2   1.150804e+01   2.740895e-01   5.891887e-01
        198500   1.503597e+00   8.281305e+01              0              8              3              2   1.207452e+01   2.545500e-01   6.058857e-01
        199000   1.548109e+00   7.021878e+01              0              6              3              2   1.151696e+01   2.453318e-01   5.846562e-01
        199500   1.561373e+00   7.119786e+01              0              5              3              2   1.171546e+01   2.646882e-01   5.944949e-01
        200000   1.555299e+00   7.219039e+01              0              7              3              3   1.250547e+01   2.613735e-01   6.163736e-01
        200500   1.581037e+00   5.807814e+01              0              5              3              3   1.189889e+01   2.487942e-01   6.008645e-01
        201000   1.586535e+00   5.901085e+01              0              6              3              1   1.231250e+01   2.411822e-01   6.223303e-01
        201500   1.581211e+00   5.994492e+01              0              6              2              2   1.227625e+01   2.621931e-01   6.321621e-01
        202000   1.597693e+00   6.091804e+01              0              5              3              1   1.264201e+01   2.862429e-01   6.550067e-01
        202500   1.657070e+00   4.237350e+01              0              5              3              3   1.246152e+01   2.806656e-01   6.566773e-01
        203000   1.682290e+00   4.335696e+01              0              4              3              0   1.249791e+01   2.797956e-01   6.508987e-01
        203500   1.681810e+00   4.434281e+01              0              4              3              3   1.264313e+01   2.857328e-01   6.412197e-01
        204000   1.682237e+00   4.530133e+01              0              4              3              2   1.287166e+01   2.722930e-01   6.511498e-01
        204500   1.737690e+00   1.400694e+01              0              4              3              2   1.285109e+01   2.883720e-01   6.515542e-01
        205000   1.758927e+00   1.499359e+01              0              4              3              1   1.253036e+01   2.711058e-01   6.337976e-01
        205500   1.769343e+00   1.598556e+01              0              4              3              2   1.262043e+01   2.774179e-01   6.336101e-01
        206000   1.807714e+00   8.564138e+00              0              4              3              1   1.265835e+01   2.693723e-01   6.396262e-01
        206500   1.812847e+00   9.559047e+00              0              4              3              2   1.239645e+01   2.672299e-01   6.307226e-01
        207000   1.799790e+00   1.054736e+01              0              4              3              3   1.208299e+01   2.847784e-01   6.206416e-01
        207500   1.782841e+00   1.977779e+01              0              4              3              2   1.189677e+01   2.660080e-01   6.025723e-01
        208000   1.789042e+00   2.075537e+01              0              4              3              2   1.221669e+01   2.718758e-01   6.124994e-01
        208500   1.778194e+00   2.174561e+01              0              4              3              2   1.201725e+01   2.709491e-01   6.115797e-01
        209000   1.785137e+00   2.271009e+01              0              4              3              3   1.212891e+01   2.763199e-01   6.177260e-01
        209500   1.779716e+00   2.368869e+01              0              4              3              3   1.225035e+01   2.812505e-01   6.182572e-01
        210000   1.782450e+00   2.466666e+01              0              3              3              2   1.206301e+01   2.805459e-01   6.063994e-01
        210500   1.807094e+00   1.722185e+01              0              3              3              1   1.229509e+01   2.567858e-01   6.140565e-01
        211000   1.796441e+00   1.820840e+01              0              4              3              2   1.213947e+01   2.679521e-01   6.110385e-01
        211500   1.794036e+00   1.914989e+01              0              4              3              2   1.214581e+01   2.757824e-01   6.082717e-01
        212000   1.843202e+00   2.013625e+01              0              3              3              2   1.203801e+01   2.751973e-01   6.070267e-01
        212500   1.839161e+00   2.111008e+01              0              4              3              2   1.215593e+01   2.671111e-01   6.050347e-01
        213000   1.870563e+00   1.506254e+01              0              4              3              2   1.253543e+01   2.706952e-01   6.175953e-01
        213500   1.931139e+00   9.870153e+00              0              3              2              1   1.224382e+01   2.667570e-01   6.079752e-01
        214000   1.961170e+00   6.125904e+00              0              3              2              1   1.181204e+01   2.430241e-01   5.941525e-01
        214500   1.934459e+00   7.093674e+00              0              3              2              1   1.195028e+01   2.495009e-01   5.998583e-01
        215000   1.900660e+00   1.275696e+01              0              3              2              1   1.193579e+01   2.543966e-01   5.942495e-01
        215500   1.899642e+00   1.374010e+01              0              3              2              1   1.200818e+01   2.381873e-01   5.927713e-01
        216000   1.915714e+00   1.471073e+01              0              3              2              1   1.205469e+01   2.502545e-01   6.017830e-01
        216500   1.896651e+00   1.567477e+01              0              3              2              1   1.224492e+01   2.505964e-01   6.249409e-01
        217000   1.913516e+00   1.666249e+01              0              2              2              0   1.199673e+01   2.459676e-01   6.061856e-01
        217500   1.937975e+00   1.764869e+01              0              4              2              0   1.225810e+01   2.508657e-01   6.130450e-01
        218000   1.938473e+00   1.862797e+01              0              3              2              1   1.187524e+01   2.522201e-01   5.955929e-01
        218500   1.953907e+00   1.394533e+01              0              2              2              1   1.186278e+01   2.506641e-01   5.841932e-01
        219000   1.923904e+00   2.050658e+01              0              3              2              1   1.214065e+01   2.739155e-01   5.953592e-01
        219500   1.929910e+00   2.149630e+01              0              3              2              1   1.190019e+01   2.642438e-01   5.854813e-01
        220000   1.934679e+00   1.673029e+01              0              4              2              1   1.210115e+01   2.636122e-01   5.921922e-01
        220500   1.940192e+00   1.768915e+01              0              4              2              1   1.192771e+01   2.513410e-01   5.908723e-01
        221000   1.981073e+00   1.866833e+01              0              4              1              1   1.190536e+01   2.556992e-01   5.907698e-01
        221500   1.953015e+00   1.965410e+01              0              3              2              1   1.181323e+01   2.549110e-01   5.827052e-01
        222000   1.987730e+00   2.064164e+01              0              4              2              1   1.206142e+01   2.435335e-01   5.907249e-01
        222500   1.985931e+00   2.162911e+01              0              4              2              1   1.191179e+01   2.609818e-01   5.881057e-01
        223000   1.973573e+00   2.260259e+01              0              2              2              1   1.206105e+01   2.595687e-01   5.974787e-01
        223500   1.970307e+00   2.359354e+01              0              2              2              1   1.170721e+01   2.559647e-01   5.875060e-01
        224000   1.981164e+00   2.457844e+01              0              3              2              1   1.177053e+01   2.759337e-01   5.814300e-01
        224500   1.975808e+00   2.557411e+01              0              3              2              1   1.185689e+01   2.543587e-01   5.760839e-01
        225000   2.034668e+00   1.961112e+01              0              2              2              1   1.188714e+01   2.540368e-01   5.824134e-01
        225500   2.038215e+00   1.304355e+01              0              2              2              1   1.182777e+01   2.709358e-01   5.770294e-01
        226000   2.033856e+00   2.158401e+01              0              2              1              0   1.201662e+01   2.579645e-01   5.912700e-01
        226500   2.026967e+00   2.258091e+01              0              2              2              0   1.182458e+01   2.635277e-01   5.957399e-01
        227000   2.051457e+00   1.581433e+01              0              3              2              1   1.187277e+01   2.689100e-01   5.799052e-01
        227500   2.116360e+00   9.729978e+00              0              2              1              0   1.168125e+01   2.600282e-01   5.833503e-01
        228000   2.131220e+00   1.072368e+01              0              2              1              0   1.171121e+01   2.683477e-01   5.900530e-01
        228500   2.142239e+00   6.543843e+00              0              2              1              0   1.198698e+01   2.612634e-01   5.987646e-01
        229000   2.146771e+00   7.466984e+00              0              2              1              0   1.214597e+01   2.641792e-01   6.101579e-01
        229500   2.174285e+00   8.434396e+00              0              2              1              1   1.173491e+01   2.761953e-01   5.919110e-01
        230000   2.102043e+00   1.459966e+01              0              2              1              1   1.175835e+01   2.747267e-01   5.941651e-01
        230500   2.130087e+00   1.556870e+01              0              2              1              0   1.179390e+01   2.760445e-01   5.936497e-01
        231000   2.125451e+00   1.655155e+01              0              2              2              1   1.194468e+01   2.674137e-01   6.031945e-01
        231500   2.140892e+00   1.195163e+01              0              2              2              1   1.225637e+01   2.779533e-01   6.112542e-01
        232000   2.199579e+00   8.020105e+00              0              2              1              0   1.193540e+01   2.826735e-01   6.010618e-01
        232500   2.195870e+00   1.390061e+01              0              2              1              0   1.204456e+01   2.854106e-01   6.045515e-01
        233000   2.189470e+00   1.487377e+01              0              2              1              0   1.212536e+01   2.725414e-01   6.043551e-01
        233500   2.153650e+00   2.088931e+01              0              1              1              0   1.203982e+01   2.454381e-01   5.942563e-01
        234000   2.180993e+00   1.685400e+01              0              1              0              0   1.173211e+01   2.542823e-01   5.917591e-01
        234500   2.220765e+00   1.262915e+01              0              1              0              0   1.166800e+01   2.766038e-01   5.928377e-01
        235000   2.234033e+00   1.360911e+01              0              1              0              0   1.169572e+01   2.647585e-01   5.807138e-01
        235500   2.217500e+00   1.459959e+01              0              1              0              0   1.182369e+01   2.478936e-01   5.882405e-01
        236000   2.222618e+00   1.559348e+01              0              1              0              0   1.158400e+01   2.570925e-01   5.769236e-01
        236500   2.261648e+00   1.124509e+01              0              0              0              0   1.180025e+01   2.452404e-01   5.785373e-01
        237000   2.320500e+00   7.372341e+00              0              0              0              0   1.198661e+01   2.519988e-01   5.830014e-01
        237500   2.328797e+00   8.363498e+00              0              0              0              0   1.166955e+01   2.509368e-01   5.763847e-01
        238000   2.364208e+00   5.654882e+00              0              0              0              0   1.186591e+01   2.578908e-01   5.872225e-01
        238500   2.333520e+00   6.616962e+00              0              0              0              0   1.177914e+01   2.696515e-01   5.797400e-01
        239000   2.340312e+00   1.127702e+01              0              0              0              0   1.192519e+01   2.547802e-01   5.828869e-01
        239500   2.357481e+00   8.500628e+00              0              0              0              0   1.199275e+01   2.692793e-01   5.936034e-01
        240000   2.398675e+00   6.172585e+00              0              0              0              0   1.173329e+01   2.867912e-01   5.810634e-01
        240500   2.426895e+00   7.150872e+00              0              0              0              0   1.182625e+01   2.892385e-01   5.844035e-01
        241000   2.458084e+00   8.110628e+00              0              0              0              0   1.193570e+01   2.803910e-01   5.877420e-01
        241500   2.470423e+00   6.219032e+00              0              0              0              0   1.204386e+01   2.749005e-01   5.889542e-01
        242000   2.512480e+00   4.677290e+00              0              0              0              0   1.186356e+01   2.742489e-01   5.843295e-01
        242500   2.526025e+00   5.675125e+00              0              0              0              0   1.240670e+01   2.659510e-01   6.014362e-01
        243000   2.489035e+00   9.022451e+00              0              0              0              0   1.222900e+01   2.874091e-01   6.054429e-01
        243500   2.518364e+00   7.615396e+00              0              0              0              0   1.195082e+01   2.967035e-01   5.953529e-01
        244000   2.522398e+00   8.610748e+00              0              0              0              0   1.200313e+01   3.059839e-01   5.931802e-01
        244500   2.538735e+00   9.596307e+00              0              0              0              0   1.197523e+01   2.951800e-01   5.959190e-01
        245000   2.571946e+00   7.868045e+00              0              0              0              0   1.150574e+01   3.001008e-01   5.838787e-01
        245500   2.583961e+00   8.863185e+00              0              0              0              0   1.186176e+01   3.034793e-01   5.915030e-01
        246000   2.586995e+00   6.770437e+00              0              0              0              0   1.153041e+01   2.940799e-01   5.826596e-01
        246500   2.593891e+00   7.727318e+00              0              0              0              0   1.169787e+01   3.055086e-01   5.906678e-01
        247000   2.557660e+00   1.180212e+01              0              0              0              0   1.186276e+01   2.803024e-01   5.878198e-01
        247500   2.593435e+00   1.278468e+01              0              0              0              0   1.200174e+01   2.912672e-01   5.974948e-01
