          step              r      E_metad_r      n_cont_CA   n_cont_heavy       n_saltbr        n_hbond           SASA           RMSD             Rg 
             0   5.891815e-01   0.000000e+00              0             30              5             11   1.099182e+01   0.000000e+00   5.653543e-01
           500   5.657664e-01   9.965073e-01              0             29              5             10   1.093709e+01   9.105322e-02   5.556957e-01
          1000   5.854078e-01   1.990234e+00              0             26              5             10   1.119355e+01   8.425165e-02   5.603094e-01
          1500   5.670842e-01   2.986306e+00              0             32              5              8   1.120806e+01   7.617641e-02   5.619319e-01
          2000   5.851878e-01   3.973577e+00              0             29              5              8   1.106333e+01   9.817468e-02   5.585917e-01
          2500   5.715926e-01   4.970038e+00              0             34              5              7   1.087530e+01   8.745294e-02   5.542606e-01
          3000   5.992120e-01   5.292967e+00              0             33              5              9   1.105359e+01   9.130260e-02   5.585111e-01
          3500   5.828115e-01   6.932712e+00              0             35              5              8   1.122414e+01   1.011883e-01   5.579053e-01
          4000   5.858771e-01   7.926041e+00              0             32              5             10   1.102073e+01   1.141921e-01   5.552808e-01
          4500   6.001896e-01   8.906933e+00              0             31              5              8   1.118321e+01   1.292855e-01   5.582195e-01
          5000   5.782499e-01   9.888359e+00              0             32              5              7   1.109903e+01   1.329612e-01   5.560751e-01
          5500   5.783703e-01   1.088590e+01              0             31              5              8   1.109037e+01   1.281465e-01   5.542254e-01
          6000   5.682303e-01   1.188077e+01              0             31              5              9   1.115676e+01   1.374296e-01   5.585391e-01
          6500   5.751173e-01   1.287796e+01              0             32              4              9   1.119871e+01   1.462852e-01   5.641106e-01
          7000   5.787097e-01   1.386337e+01              0             32              5              9   1.131786e+01   1.325476e-01   5.651484e-01
          7500   5.817600e-01   1.485230e+01              0             29              5              9   1.107727e+01   1.281650e-01   5.618971e-01
          8000   6.197317e-01   1.436238e+01              0             31              5              9   1.118618e+01   1.600215e-01   5.671003e-01
          8500   6.134560e-01   1.534051e+01              0             31              5             11   1.107054e+01   1.517871e-01   5.647384e-01
          9000   6.131539e-01   1.633856e+01              0             30              5              9   1.103802e+01   1.572722e-01   5.648526e-01
          9500   6.025554e-01   1.730905e+01              0             30              5              8   1.107022e+01   1.464871e-01   5.667039e-01
         10000   5.934273e-01   1.827851e+01              0             30              5              9   1.100719e+01   1.335505e-01   5.669835e-01
         10500   6.097086e-01   1.925993e+01              0             31              5              7   1.142723e+01   1.515025e-01   5.796336e-01
         11000   6.063225e-01   2.024480e+01              0             32              5              9   1.127666e+01   1.300298e-01   5.731846e-01
         11500   6.111647e-01   2.123795e+01              0             30              5              9   1.128219e+01   1.274725e-01   5.752791e-01
         12000   5.881843e-01   2.327984e+01              0             30              5              8   1.106308e+01   1.151445e-01   5.613263e-01
         12500   5.898837e-01   2.427676e+01              0             31              5              9   1.126702e+01   1.235330e-01   5.754230e-01
         13000   5.968956e-01   2.404618e+01              0             32              4              9   1.104169e+01   1.067497e-01   5.654020e-01
         13500   6.061335e-01   2.621336e+01              0             31              5             11   1.128615e+01   1.239382e-01   5.625512e-01
         14000   5.804588e-01   2.719238e+01              0             35              5              8   1.121664e+01   1.493616e-01   5.621870e-01
         14500   5.894228e-01   2.818194e+01              0             31              5             10   1.118453e+01   1.520953e-01   5.653686e-01
         15000   5.614299e-01   2.917255e+01              0             34              5              8   1.117070e+01   1.418021e-01   5.609601e-01
         15500   5.613598e-01   3.012751e+01              0             32              5              9   1.121256e+01   1.258693e-01   5.636667e-01
         16000   5.823367e-01   3.112094e+01              0             31              4              9   1.135807e+01   1.361527e-01   5.699221e-01
         16500   5.909004e-01   3.211245e+01              0             32              4              9   1.136404e+01   1.452328e-01   5.688082e-01
         17000   6.060313e-01   3.309334e+01              0             27              5              9   1.125210e+01   1.541373e-01   5.661155e-01
         17500   5.890876e-01   3.405196e+01              0             30              5              8   1.095145e+01   1.467889e-01   5.544293e-01
         18000   5.846790e-01   3.504586e+01              0             30              5              9   1.115520e+01   1.390192e-01   5.652836e-01
         18500   5.839191e-01   3.603158e+01              0             31              5             10   1.104213e+01   1.567214e-01   5.605742e-01
         19000   5.827098e-01   3.702595e+01              0             32              5              9   1.111254e+01   1.281685e-01   5.572369e-01
         19500   5.797933e-01   3.801489e+01              0             33              5              9   1.085743e+01   1.250300e-01   5.505873e-01
         20000   6.103089e-01   3.680496e+01              0             27              5              9   1.107998e+01   1.313804e-01   5.598834e-01
         20500   5.909929e-01   3.993847e+01              0             29              5             11   1.113798e+01   1.290383e-01   5.607161e-01
         21000   5.851073e-01   4.093177e+01              0             31              5              8   1.123154e+01   1.382572e-01   5.634420e-01
         21500   6.135181e-01   3.963543e+01              0             30              5              8   1.134257e+01   1.194595e-01   5.736263e-01
         22000   5.913929e-01   4.286084e+01              0             32              5             11   1.090169e+01   1.385645e-01   5.544688e-01
         22500   5.962215e-01   4.383523e+01              0             32              5              9   1.125028e+01   1.285570e-01   5.634430e-01
         23000   5.977972e-01   4.247662e+01              0             31              5             10   1.119900e+01   1.455518e-01   5.641055e-01
         23500   5.891533e-01   4.580728e+01              0             32              5              9   1.108827e+01   1.249334e-01   5.629587e-01
         24000   5.743594e-01   4.678539e+01              0             33              5             10   1.107081e+01   1.491676e-01   5.628367e-01
         24500   5.611381e-01   4.777666e+01              0             33              5              9   1.121499e+01   1.336593e-01   5.610483e-01
         25000   5.921489e-01   4.606579e+01              0             31              5             10   1.145089e+01   1.355327e-01   5.680888e-01
         25500   5.758165e-01   4.974200e+01              0             30              5              7   1.102345e+01   1.234199e-01   5.585873e-01
         26000   6.090282e-01   4.786595e+01              0             31              4              8   1.106881e+01   1.251376e-01   5.615834e-01
         26500   6.387626e-01   4.886083e+01              0             28              4              9   1.118757e+01   1.224921e-01   5.671389e-01
         27000   5.962540e-01   4.983834e+01              0             29              4              8   1.099720e+01   1.323104e-01   5.596134e-01
         27500   5.794037e-01   5.348426e+01              0             30              4              9   1.108057e+01   1.264229e-01   5.634490e-01
         28000   5.801649e-01   5.445418e+01              0             31              5              8   1.119088e+01   1.429088e-01   5.669109e-01
         28500   6.092995e-01   5.261703e+01              0             30              5              9   1.139091e+01   1.329755e-01   5.759393e-01
         29000   6.239017e-01   5.360835e+01              0             28              5              6   1.145471e+01   1.533362e-01   5.762411e-01
         29500   5.906868e-01   5.725115e+01              0             31              4              8   1.132962e+01   1.511355e-01   5.678475e-01
         30000   5.886618e-01   5.824774e+01              0             28              5              9   1.110443e+01   1.492292e-01   5.679183e-01
         30500   5.764692e-01   5.923509e+01              0             28              5              9   1.115566e+01   1.702160e-01   5.659995e-01
         31000   6.065178e-01   5.728265e+01              0             29              4             10   1.117012e+01   1.654642e-01   5.722821e-01
         31500   5.981884e-01   6.116819e+01              0             29              4              9   1.117983e+01   1.586720e-01   5.685797e-01
         32000   5.908056e-01   6.214387e+01              0             31              4              9   1.118489e+01   1.509159e-01   5.622382e-01
         32500   5.659212e-01   6.313158e+01              0             32              4              8   1.106630e+01   1.568025e-01   5.603797e-01
         33000   5.814235e-01   6.410897e+01              0             31              5              9   1.120053e+01   1.664869e-01   5.616946e-01
         33500   5.743875e-01   6.510385e+01              0             32              5             10   1.100817e+01   1.661400e-01   5.560240e-01
         34000   5.685300e-01   6.608102e+01              0             32              5              8   1.111883e+01   1.655160e-01   5.616356e-01
         34500   5.712269e-01   5.586674e+01              0             31              5             11   1.110306e+01   1.476196e-01   5.625872e-01
         35000   6.233763e-01   6.430340e+01              0             30              5              8   1.134885e+01   1.523205e-01   5.747947e-01
         35500   5.991449e-01   6.529887e+01              0             31              5              8   1.103415e+01   1.400979e-01   5.584374e-01
         36000   5.881005e-01   6.981346e+01              0             33              5              9   1.116422e+01   1.511569e-01   5.634684e-01
         36500   6.076790e-01   6.712866e+01              0             32              5              8   1.127065e+01   1.408941e-01   5.671180e-01
         37000   5.907600e-01   6.805904e+01              0             32              5              8   1.110236e+01   1.306532e-01   5.612687e-01
         37500   5.628830e-01   7.275082e+01              0             33              4              9   1.110029e+01   1.274175e-01   5.591339e-01
         38000   6.047989e-01   6.987200e+01              0             30              4              8   1.132334e+01   1.281929e-01   5.661831e-01
         38500   5.835870e-01   7.468581e+01              0             30              4              7   1.115810e+01   1.437899e-01   5.614567e-01
         39000   5.760403e-01   7.568308e+01              0             31              5              9   1.110306e+01   1.616995e-01   5.606259e-01
         39500   5.614908e-01   7.667673e+01              0             29              5              9   1.124452e+01   1.428077e-01   5.638714e-01
         40000   6.007153e-01   7.354019e+01              0             30              5             11   1.136138e+01   1.296750e-01   5.653368e-01
         40500   6.019161e-01   7.451950e+01              0             32              5              9   1.111761e+01   1.281174e-01   5.599634e-01
         41000   5.822267e-01   7.548734e+01              0             32              4              7   1.103096e+01   1.350374e-01   5.617501e-01
         41500   5.827087e-01   8.045445e+01              0             28              5              8   1.129051e+01   1.190653e-01   5.619423e-01
         42000   5.761912e-01   8.144337e+01              0             31              5              9   1.137727e+01   1.305168e-01   5.682395e-01
         42500   5.510959e-01   8.240724e+01              0             32              5              7   1.123389e+01   1.272548e-01   5.634137e-01
         43000   5.686043e-01   8.339134e+01              0             30              5              8   1.114110e+01   1.166284e-01   5.620621e-01
         43500   5.680051e-01   8.438972e+01              0             31              4             10   1.118389e+01   1.256455e-01   5.595751e-01
         44000   5.653106e-01   8.531486e+01              0             31              4              9   1.138223e+01   1.229715e-01   5.656367e-01
         44500   5.854221e-01   8.630905e+01              0             29              4             10   1.155315e+01   1.079642e-01   5.759901e-01
         45000   5.850481e-01   8.730616e+01              0             30              5              7   1.154258e+01   1.017286e-01   5.753504e-01
         45500   6.159588e-01   8.311637e+01              0             29              4              7   1.150308e+01   1.006684e-01   5.737265e-01
         46000   5.903560e-01   8.911367e+01              0             31              5              8   1.137847e+01   1.050261e-01   5.756315e-01
         46500   5.759591e-01   9.010762e+01              0             30              5              9   1.111748e+01   1.062417e-01   5.646734e-01
         47000   6.075749e-01   8.593117e+01              0             29              5              9   1.126310e+01   9.742684e-02   5.685319e-01
         47500   6.026784e-01   8.692192e+01              0             30              5              9   1.158858e+01   1.111349e-01   5.797148e-01
         48000   6.150967e-01   8.791003e+01              0             29              4              7   1.163820e+01   1.061551e-01   5.862104e-01
         48500   6.377946e-01   6.659466e+01              0             28              4              8   1.162445e+01   1.024060e-01   5.820392e-01
         49000   6.315815e-01   8.986929e+01              0             28              5              8   1.159859e+01   1.007966e-01   5.829872e-01
         49500   6.385587e-01   6.852690e+01              0             28              4              8   1.151374e+01   1.085538e-01   5.791287e-01
         50000   5.945545e-01   9.592406e+01              0             29              5              8   1.138990e+01   1.039646e-01   5.785727e-01
         50500   5.780364e-01   9.692149e+01              0             29              5             11   1.150195e+01   8.973503e-02   5.752285e-01
         51000   5.873691e-01   9.791927e+01              0             28              5              7   1.142396e+01   1.042424e-01   5.682860e-01
         51500   5.849986e-01   9.891411e+01              0             28              5              9   1.107456e+01   1.371296e-01   5.607555e-01
         52000   5.833484e-01   9.988185e+01              0             29              5             10   1.126236e+01   1.294719e-01   5.713072e-01
         52500   5.771160e-01   1.008796e+02              0             31              5             10   1.120928e+01   1.311140e-01   5.613301e-01
         53000   6.251788e-01   9.721828e+01              0             30              5              8   1.135883e+01   1.389948e-01   5.714382e-01
         53500   6.067142e-01   9.821387e+01              0             29              5              8   1.113408e+01   1.203388e-01   5.601246e-01
         54000   6.790754e-01   4.531011e+01              0             26              5              9   1.147667e+01   1.301019e-01   5.734910e-01
         54500   6.772949e-01   4.624788e+01              0             26              5             10   1.162767e+01   1.343235e-01   5.843517e-01
         55000   6.693344e-01   7.722516e+01              0             29              5              9   1.143520e+01   1.206024e-01   5.812279e-01
         55500   6.672342e-01   7.820824e+01              0             28              5              9   1.162423e+01   1.218645e-01   5.894904e-01
         56000   6.606158e-01   7.919780e+01              0             28              5              8   1.155110e+01   1.094456e-01   5.775887e-01
         56500   6.705226e-01   8.018852e+01              0             27              5              9   1.153942e+01   1.137918e-01   5.805867e-01
         57000   6.509773e-01   8.117870e+01              0             27              5              8   1.158220e+01   1.112049e-01   5.791280e-01
         57500   6.950788e-01   5.184999e+01              0             25              5              9   1.191557e+01   1.319521e-01   5.913296e-01
         58000   6.777326e-01   5.282593e+01              0             25              5             10   1.162628e+01   1.295088e-01   5.791705e-01
         58500   6.553285e-01   8.409187e+01              0             29              5              8   1.123418e+01   1.322441e-01   5.663902e-01
         59000   6.572348e-01   8.508657e+01              0             28              5              9   1.142765e+01   1.427317e-01   5.737421e-01
         59500   6.552870e-01   8.607608e+01              0             29              5              6   1.137634e+01   1.292646e-01   5.774522e-01
         60000   6.532755e-01   8.707042e+01              0             30              5              7   1.156695e+01   1.399175e-01   5.841157e-01
         60500   6.812282e-01   5.737044e+01              0             30              5              8   1.165869e+01   1.398121e-01   5.852637e-01
         61000   6.715071e-01   8.902600e+01              0             27              5              8   1.165988e+01   1.517776e-01   5.814413e-01
         61500   6.750051e-01   5.924266e+01              0             28              5              9   1.132339e+01   1.465179e-01   5.755241e-01
         62000   6.562140e-01   9.100578e+01              0             28              5              9   1.133238e+01   1.195266e-01   5.723405e-01
         62500   6.150389e-01   1.131561e+02              0             29              5              8   1.135397e+01   1.314435e-01   5.714220e-01
         63000   6.056618e-01   1.141531e+02              0             30              5              9   1.148486e+01   1.173302e-01   5.716973e-01
         63500   6.005414e-01   1.151418e+02              0             30              6              8   1.116461e+01   1.225872e-01   5.654155e-01
         64000   5.906622e-01   1.153622e+02              0             30              5             10   1.099907e+01   1.225507e-01   5.542712e-01
         64500   5.784416e-01   1.163607e+02              0             29              5              8   1.111521e+01   1.272975e-01   5.581369e-01
         65000   5.682665e-01   9.379737e+01              0             31              5             11   1.090157e+01   1.318736e-01   5.492267e-01
         65500   5.511479e-01   9.478984e+01              0             33              5             10   1.085348e+01   1.360112e-01   5.499194e-01
         66000   5.805879e-01   1.192335e+02              0             29              5              8   1.106438e+01   1.156640e-01   5.609373e-01
         66500   5.964350e-01   1.202224e+02              0             27              5              8   1.126027e+01   1.247450e-01   5.670790e-01
         67000   5.694697e-01   9.749145e+01              0             30              5              9   1.129860e+01   1.093739e-01   5.674888e-01
         67500   5.698343e-01   9.846084e+01              0             30              5              9   1.140519e+01   1.116868e-01   5.714968e-01
         68000   6.098080e-01   1.226483e+02              0             28              5              8   1.144750e+01   1.306743e-01   5.707903e-01
         68500   6.180383e-01   1.236416e+02              0             27              5              9   1.164410e+01   1.322429e-01   5.871049e-01
         69000   6.691895e-01   1.005837e+02              0             28              5             10   1.183839e+01   1.479716e-01   5.977168e-01
         69500   6.821970e-01   1.015224e+02              0             27              4              7   1.177559e+01   1.418332e-01   5.931306e-01
         70000   6.935564e-01   6.806836e+01              0             29              5              8   1.143212e+01   1.490320e-01   5.804333e-01
         70500   7.133640e-01   6.906372e+01              0             28              5              6   1.140926e+01   1.566994e-01   5.803865e-01
         71000   7.046743e-01   7.005449e+01              0             28              5              7   1.151242e+01   1.422203e-01   5.835976e-01
         71500   7.182339e-01   7.104093e+01              0             27              5              5   1.127378e+01   1.538054e-01   5.843510e-01
         72000   6.872661e-01   7.201989e+01              0             28              5              8   1.129729e+01   1.398415e-01   5.739643e-01
         72500   6.679392e-01   7.300697e+01              0             30              5              9   1.134829e+01   1.472057e-01   5.773580e-01
         73000   6.470028e-01   1.078241e+02              0             30              5              7   1.122000e+01   1.464252e-01   5.795197e-01
         73500   6.537691e-01   1.088208e+02              0             31              5              8   1.138845e+01   1.560318e-01   5.779470e-01
         74000   6.387608e-01   1.098042e+02              0             30              5              8   1.127476e+01   1.576751e-01   5.760956e-01
         74500   6.081741e-01   1.326153e+02              0             32              5              8   1.130618e+01   1.557955e-01   5.715520e-01
         75000   6.542166e-01   1.116486e+02              0             29              4              7   1.150452e+01   1.542919e-01   5.870517e-01
         75500   6.621991e-01   1.126422e+02              0             29              5              8   1.136734e+01   1.366829e-01   5.793196e-01
         76000   6.550289e-01   1.136306e+02              0             33              4              9   1.103995e+01   1.737748e-01   5.697454e-01
         76500   6.511723e-01   1.146224e+02              0             28              4              8   1.136926e+01   1.720388e-01   5.788574e-01
         77000   6.977287e-01   8.068131e+01              0             25              5              9   1.136442e+01   1.878129e-01   5.846438e-01
         77500   6.931600e-01   8.166783e+01              0             28              5              7   1.135080e+01   2.030389e-01   5.855020e-01
         78000   7.584769e-01   4.875484e+01              0             23              5              5   1.175300e+01   1.927319e-01   5.966488e-01
         78500   6.975198e-01   8.350576e+01              0             26              4              6   1.174158e+01   1.802679e-01   5.920463e-01
         79000   7.363175e-01   5.060518e+01              0             22              5              6   1.179343e+01   1.906865e-01   5.936740e-01
         79500   7.196793e-01   8.543015e+01              0             29              4              7   1.207878e+01   1.854053e-01   6.086130e-01
         80000   7.401341e-01   5.256205e+01              0             29              5              8   1.220425e+01   1.887134e-01   6.134889e-01
         80500   7.470160e-01   5.355210e+01              0             29              5              6   1.192660e+01   1.973566e-01   6.078085e-01
         81000   7.634184e-01   5.454074e+01              0             26              4              6   1.143144e+01   1.726909e-01   5.860421e-01
         81500   7.380941e-01   5.553492e+01              0             30              3              6   1.199610e+01   1.840896e-01   6.075578e-01
         82000   7.859111e-01   3.068115e+01              0             29              4              7   1.230794e+01   1.883961e-01   6.194932e-01
         82500   7.813004e-01   3.165112e+01              0             26              5              7   1.226484e+01   2.098340e-01   6.309354e-01
         83000   7.902032e-01   3.262276e+01              0             24              4              6   1.243717e+01   2.140236e-01   6.337765e-01
         83500   7.990654e-01   3.361594e+01              0             23              4              6   1.232486e+01   2.174183e-01   6.231890e-01
         84000   7.939727e-01   3.458903e+01              0             22              4              6   1.226042e+01   2.064799e-01   6.214881e-01
         84500   7.965074e-01   3.556375e+01              0             26              4              7   1.238538e+01   2.059818e-01   6.303179e-01
         85000   7.802204e-01   3.654257e+01              0             24              4              6   1.246977e+01   2.102919e-01   6.349089e-01
         85500   7.890886e-01   3.749100e+01              0             23              4              6   1.246746e+01   2.180090e-01   6.319932e-01
         86000   7.717974e-01   6.413965e+01              0             24              4              6   1.242548e+01   2.221371e-01   6.349281e-01
         86500   7.751536e-01   3.942380e+01              0             23              4              5   1.229815e+01   2.107647e-01   6.202430e-01
         87000   7.968667e-01   4.039285e+01              0             22              4              7   1.237631e+01   2.072531e-01   6.249905e-01
         87500   7.895874e-01   4.136395e+01              0             28              4              5   1.246041e+01   2.023945e-01   6.247010e-01
         88000   7.991548e-01   4.234930e+01              0             21              4              4   1.240180e+01   2.121126e-01   6.282155e-01
         88500   7.985579e-01   4.333730e+01              0             23              4              6   1.242810e+01   2.181344e-01   6.334687e-01
         89000   8.152081e-01   4.432173e+01              0             25              4              5   1.260824e+01   2.469440e-01   6.506098e-01
         89500   8.361624e-01   2.634221e+01              0             21              4              4   1.254306e+01   2.230545e-01   6.292821e-01
         90000   8.323397e-01   4.628084e+01              0             20              4              5   1.229294e+01   2.133606e-01   6.254752e-01
         90500   8.098679e-01   4.724964e+01              0             22              4              5   1.267545e+01   2.135204e-01   6.293887e-01
         91000   8.342018e-01   4.823156e+01              0             19              4              6   1.242950e+01   2.046760e-01   6.204680e-01
         91500   7.878001e-01   4.921934e+01              0             23              4              6   1.256854e+01   2.289198e-01   6.279675e-01
         92000   8.046163e-01   5.020563e+01              0             24              4              7   1.216498e+01   2.560907e-01   6.359485e-01
         92500   8.085642e-01   5.118733e+01              0             25              3              7   1.250327e+01   2.697672e-01   6.446793e-01
         93000   7.953437e-01   5.217868e+01              0             26              3              5   1.249207e+01   2.498326e-01   6.372669e-01
         93500   7.936913e-01   5.317349e+01              0             24              4              6   1.213112e+01   2.334860e-01   6.198706e-01
         94000   8.111405e-01   5.416727e+01              0             25              4              5   1.251893e+01   2.556076e-01   6.376830e-01
         94500   7.848533e-01   5.515383e+01              0             26              4              6   1.214708e+01   2.334547e-01   6.179994e-01
         95000   8.160862e-01   5.614373e+01              0             27              4              5   1.209199e+01   2.404889e-01   6.228751e-01
         95500   8.028110e-01   5.713785e+01              0             24              4              4   1.193357e+01   2.382525e-01   6.142464e-01
         96000   8.222034e-01   5.812386e+01              0             27              3              4   1.196415e+01   2.617072e-01   6.217824e-01
         96500   8.180983e-01   5.910247e+01              0             23              4              5   1.206728e+01   2.513143e-01   6.221776e-01
         97000   8.251639e-01   6.009236e+01              0             23              4              3   1.212556e+01   2.606361e-01   6.150647e-01
         97500   8.259096e-01   6.107321e+01              0             23              3              6   1.192749e+01   2.719961e-01   6.174163e-01
         98000   8.649888e-01   4.151276e+01              0             20              3              6   1.181903e+01   2.896740e-01   6.181892e-01
         98500   8.547259e-01   4.249621e+01              0             26              3              6   1.201146e+01   2.965929e-01   6.242953e-01
         99000   8.606284e-01   4.349175e+01              0             25              3              7   1.203070e+01   2.925260e-01   6.273145e-01
         99500   8.603769e-01   4.447748e+01              0             23              3              4   1.200997e+01   2.846097e-01   6.262086e-01
        100000   8.823560e-01   2.792116e+01              0             24              3              6   1.200798e+01   2.795364e-01   6.238885e-01
        100500   8.593869e-01   4.645958e+01              0             24              3              6   1.219556e+01   2.718971e-01   6.284142e-01
        101000   8.553933e-01   4.745694e+01              0             25              3              5   1.202352e+01   2.734365e-01   6.209832e-01
        101500   8.822942e-01   4.845232e+01              0             21              3              5   1.234714e+01   2.736765e-01   6.351869e-01
        102000   8.776637e-01   4.941705e+01              0             19              3              7   1.199758e+01   2.873408e-01   6.295358e-01
        102500   9.022522e-01   3.249979e+01              0             23              3              5   1.207880e+01   2.841798e-01   6.217985e-01
        103000   8.946930e-01   3.348735e+01              0             21              3              6   1.209242e+01   2.895277e-01   6.231808e-01
        103500   9.171409e-01   3.446635e+01              0             21              3              5   1.212699e+01   2.981928e-01   6.296062e-01
        104000   9.243047e-01   3.545046e+01              0             20              3              5   1.238658e+01   3.003053e-01   6.427129e-01
        104500   9.257067e-01   3.642750e+01              0             22              3              5   1.209027e+01   2.903803e-01   6.282088e-01
        105000   9.472138e-01   2.234004e+01              0             19              3              5   1.214074e+01   2.871511e-01   6.419707e-01
        105500   9.861957e-01   2.333080e+01              0             19              3              5   1.236129e+01   3.187307e-01   6.492988e-01
        106000   9.826490e-01   2.430146e+01              0             23              3              5   1.242117e+01   3.137175e-01   6.588517e-01
        106500   1.001234e+00   1.411978e+01              0             19              3              5   1.243988e+01   3.058511e-01   6.531691e-01
        107000   9.961058e-01   1.510687e+01              0             20              3              5   1.252957e+01   3.297243e-01   6.547279e-01
        107500   1.009958e+00   1.607890e+01              0             20              3              4   1.222126e+01   3.098570e-01   6.463269e-01
        108000   1.004401e+00   1.704625e+01              0             20              3              4   1.221472e+01   3.186465e-01   6.552885e-01
        108500   1.025946e+00   1.803355e+01              0             19              3              4   1.184332e+01   3.076857e-01   6.352580e-01
        109000   9.806084e-01   1.901435e+01              0             21              3              6   1.215316e+01   3.002192e-01   6.427591e-01
        109500   9.888730e-01   1.995215e+01              0             21              3              3   1.208099e+01   3.099930e-01   6.385197e-01
        110000   9.240929e-01   4.500693e+01              0             21              3              4   1.204378e+01   3.002677e-01   6.296878e-01
        110500   9.646889e-01   3.280630e+01              0             22              3              3   1.192417e+01   2.965137e-01   6.260407e-01
        111000   1.000624e+00   2.242804e+01              0             21              3              4   1.207326e+01   3.096718e-01   6.348107e-01
        111500   1.043655e+00   2.341279e+01              0             17              3              2   1.211250e+01   3.261851e-01   6.475321e-01
        112000   1.055125e+00   1.522570e+01              0             19              3              4   1.206660e+01   3.031444e-01   6.366613e-01
        112500   1.049255e+00   2.528952e+01              0             21              3              4   1.210327e+01   3.192051e-01   6.435713e-01
        113000   1.031768e+00   1.718698e+01              0             21              3              4   1.198322e+01   3.263375e-01   6.335320e-01
        113500   1.020069e+00   2.720578e+01              0             19              3              5   1.186273e+01   3.172817e-01   6.233603e-01
        114000   1.050713e+00   1.905163e+01              0             20              3              2   1.199841e+01   3.360429e-01   6.393918e-01
        114500   1.062584e+00   2.003285e+01              0             19              3              4   1.192036e+01   3.229786e-01   6.227745e-01
        115000   1.045550e+00   2.099705e+01              0             15              3              3   1.222117e+01   3.094378e-01   6.313796e-01
        115500   1.061326e+00   2.198879e+01              0             16              3              4   1.209056e+01   3.115635e-01   6.485333e-01
        116000   1.040421e+00   2.296851e+01              0             17              3              2   1.244454e+01   3.087694e-01   6.523434e-01
        116500   1.054639e+00   3.286505e+01              0             18              3              2   1.211852e+01   3.014705e-01   6.346896e-01
        117000   1.084466e+00   2.489981e+01              0             16              3              4   1.240337e+01   3.140802e-01   6.414563e-01
        117500   1.099598e+00   1.708844e+01              0             18              3              3   1.240740e+01   3.011014e-01   6.297208e-01
        118000   1.074559e+00   2.682079e+01              0             16              3              4   1.229838e+01   3.089339e-01   6.354424e-01
        118500   1.088295e+00   2.781508e+01              0             19              3              3   1.221321e+01   3.055485e-01   6.304800e-01
        119000   1.096479e+00   2.876894e+01              0             20              3              4   1.218328e+01   3.039635e-01   6.319390e-01
        119500   1.111992e+00   2.092761e+01              0             19              3              5   1.219146e+01   3.120928e-01   6.250002e-01
        120000   1.118003e+00   2.192394e+01              0             19              3              2   1.211925e+01   3.040332e-01   6.247754e-01
        120500   1.104215e+00   2.291362e+01              0             21              3              1   1.200660e+01   2.957108e-01   6.205997e-01
        121000   1.109108e+00   2.390785e+01              0             19              3              3   1.195667e+01   2.785931e-01   6.168632e-01
        121500   1.101072e+00   2.488956e+01              0             21              3              4   1.202070e+01   2.775381e-01   6.244628e-01
        122000   1.129072e+00   1.684364e+01              0             21              3              3   1.216782e+01   2.821324e-01   6.200826e-01
        122500   1.134690e+00   2.685846e+01              0             21              3              4   1.238686e+01   3.009401e-01   6.351702e-01
        123000   1.135887e+00   1.872107e+01              0             19              3              5   1.222859e+01   2.877648e-01   6.232840e-01
        123500   1.158990e+00   1.965089e+01              0             16              3              3   1.242287e+01   3.047777e-01   6.296901e-01
        124000   1.199696e+00   1.216076e+01              0             18              3              3   1.221220e+01   3.036743e-01   6.311739e-01
        124500   1.161215e+00   2.161546e+01              0             18              3              3   1.196267e+01   3.028414e-01   6.289600e-01
        125000   1.153058e+00   2.261056e+01              0             18              3              3   1.206381e+01   3.112514e-01   6.188843e-01
        125500   1.176367e+00   2.358920e+01              0             19              3              4   1.210635e+01   3.196261e-01   6.239568e-01
        126000   1.173005e+00   2.457233e+01              0             18              3              1   1.210709e+01   3.093290e-01   6.271922e-01
        126500   1.167964e+00   2.556853e+01              0             18              2              2   1.219050e+01   3.206491e-01   6.252725e-01
        127000   1.168497e+00   2.655971e+01              0             18              3              3   1.243607e+01   3.232491e-01   6.399109e-01
        127500   1.189888e+00   2.754846e+01              0             18              3              3   1.217725e+01   3.168715e-01   6.326479e-01
        128000   1.193673e+00   2.851264e+01              0             18              3              2   1.229738e+01   3.250300e-01   6.348832e-01
        128500   1.173571e+00   2.950416e+01              0             16              3              3   1.202352e+01   3.318609e-01   6.327608e-01
        129000   1.239475e+00   1.251469e+01              0             16              3              3   1.225177e+01   3.463639e-01   6.458176e-01
        129500   1.184996e+00   2.216234e+01              0             17              3              3   1.216973e+01   3.211615e-01   6.279601e-01
        130000   1.186977e+00   2.305000e+01              0             16              3              4   1.198792e+01   3.235107e-01   6.274773e-01
        130500   1.183777e+00   2.398847e+01              0             18              3              3   1.214111e+01   3.290433e-01   6.340661e-01
        131000   1.157697e+00   3.424765e+01              0             17              3              4   1.242967e+01   3.180429e-01   6.423753e-01
        131500   1.138465e+00   4.206832e+01              0             15              3              3   1.248377e+01   3.324999e-01   6.466086e-01
        132000   1.169087e+00   3.618510e+01              0             21              3              5   1.228603e+01   3.292636e-01   6.370631e-01
        132500   1.167191e+00   3.716062e+01              0             19              2              3   1.239013e+01   3.251452e-01   6.356529e-01
        133000   1.141733e+00   4.477945e+01              0             19              3              3   1.216819e+01   3.150186e-01   6.266185e-01
        133500   1.176622e+00   3.910359e+01              0             19              3              2   1.203632e+01   3.371115e-01   6.303601e-01
        134000   1.177967e+00   4.009393e+01              0             18              3              4   1.193630e+01   3.327595e-01   6.238546e-01
        134500   1.241858e+00   3.085735e+01              0             20              3              3   1.204676e+01   3.329112e-01   6.332353e-01
        135000   1.244468e+00   2.049627e+01              0             18              3              2   1.222267e+01   3.067047e-01   6.370893e-01
        135500   1.262090e+00   2.148975e+01              0             18              3              3   1.225917e+01   3.144741e-01   6.344368e-01
        136000   1.228755e+00   3.368568e+01              0             20              3              3   1.241013e+01   3.318638e-01   6.464486e-01
        136500   1.249140e+00   3.466646e+01              0             20              3              2   1.216783e+01   3.348764e-01   6.377180e-01
        137000   1.248771e+00   2.433412e+01              0             18              3              3   1.205777e+01   3.244442e-01   6.239412e-01
        137500   1.257132e+00   2.533035e+01              0             19              3              4   1.207360e+01   2.998621e-01   6.184791e-01
        138000   1.255388e+00   2.629210e+01              0             19              3              3   1.212523e+01   3.156661e-01   6.305484e-01
        138500   1.257309e+00   2.728060e+01              0             19              3              3   1.229280e+01   3.174840e-01   6.376935e-01
        139000   1.274587e+00   2.827689e+01              0             19              3              2   1.207395e+01   3.092054e-01   6.249481e-01
        139500   1.290886e+00   1.828028e+01              0             17              3              1   1.216223e+01   3.186405e-01   6.325778e-01
        140000   1.290142e+00   1.924932e+01              0             18              3              3   1.231710e+01   3.132874e-01   6.458224e-01
        140500   1.285030e+00   3.115563e+01              0             18              3              4   1.243772e+01   3.161590e-01   6.504811e-01
        141000   1.269942e+00   3.213058e+01              0             19              3              4   1.231896e+01   3.080060e-01   6.383680e-01
        141500   1.278673e+00   3.310551e+01              0             18              3              4   1.232007e+01   3.165857e-01   6.412051e-01
        142000   1.274324e+00   3.409929e+01              0             17              3              4   1.212140e+01   3.310502e-01   6.405403e-01
        142500   1.313826e+00   2.397394e+01              0             18              3              3   1.227223e+01   3.307523e-01   6.442600e-01
        143000   1.299188e+00   2.496857e+01              0             18              3              4   1.217891e+01   3.144761e-01   6.296674e-01
        143500   1.280981e+00   3.689256e+01              0             18              3              3   1.237591e+01   3.432977e-01   6.400447e-01
        144000   1.285504e+00   3.786830e+01              0             17              3              4   1.235463e+01   3.247457e-01   6.386563e-01
        144500   1.314420e+00   2.787590e+01              0             19              3              4   1.220950e+01   3.123909e-01   6.333951e-01
        145000   1.318397e+00   2.887220e+01              0             15              3              3   1.215494e+01   3.419545e-01   6.247519e-01
        145500   1.320017e+00   2.986865e+01              0             19              3              4   1.246025e+01   3.426653e-01   6.440275e-01
        146000   1.349364e+00   1.986872e+01              0             19              3              2   1.209851e+01   3.426009e-01   6.282030e-01
        146500   1.334516e+00   3.179006e+01              0             19              3              3   1.234774e+01   3.773642e-01   6.370268e-01
        147000   1.327244e+00   3.277220e+01              0             19              3              3   1.235974e+01   3.493853e-01   6.344602e-01
        147500   1.327275e+00   3.374182e+01              0             20              3              3   1.234955e+01   3.506767e-01   6.420197e-01
        148000   1.361824e+00   2.371164e+01              0             18              3              4   1.237795e+01   3.543644e-01   6.400507e-01
        148500   1.394726e+00   1.471455e+01              0             19              3              3   1.240098e+01   3.519836e-01   6.397822e-01
        149000   1.397217e+00   2.561574e+01              0             20              2              3   1.253587e+01   3.505699e-01   6.456822e-01
        149500   1.381913e+00   2.658460e+01              0             17              3              3   1.249662e+01   3.560393e-01   6.416653e-01
        150000   1.382087e+00   1.761067e+01              0             19              3              3   1.233304e+01   3.399846e-01   6.339928e-01
        150500   1.417738e+00   1.854463e+01              0             20              3              2   1.236344e+01   3.215922e-01   6.339994e-01
        151000   1.402779e+00   1.952598e+01              0             21              3              3   1.211690e+01   3.157916e-01   6.315381e-01
        151500   1.420624e+00   2.052052e+01              0             17              3              2   1.227210e+01   3.284698e-01   6.407579e-01
        152000   1.431510e+00   2.150597e+01              0             21              3              3   1.234484e+01   3.210012e-01   6.372201e-01
        152500   1.380071e+00   3.210020e+01              0             19              3              3   1.217323e+01   3.262507e-01   6.252508e-01
        153000   1.374642e+00   3.309395e+01              0             20              3              2   1.227905e+01   3.391195e-01   6.264150e-01
        153500   1.364545e+00   3.409143e+01              0             18              3              3   1.232032e+01   3.598704e-01   6.347391e-01
        154000   1.378586e+00   3.508575e+01              0             20              3              3   1.218627e+01   3.578887e-01   6.269610e-01
        154500   1.340185e+00   3.606757e+01              0             19              3              3   1.225249e+01   3.849969e-01   6.372650e-01
        155000   1.348593e+00   3.704569e+01              0             18              3              2   1.219683e+01   3.700807e-01   6.197339e-01
        155500   1.365348e+00   3.803887e+01              0             16              3              3   1.199938e+01   3.855092e-01   6.187738e-01
        156000   1.365579e+00   3.902937e+01              0             17              3              3   1.225362e+01   3.710826e-01   6.248639e-01
        156500   1.395720e+00   3.999127e+01              0             17              3              3   1.251019e+01   3.687940e-01   6.405767e-01
        157000   1.405399e+00   3.038162e+01              0             18              3              3   1.207354e+01   3.542715e-01   6.237112e-01
        157500   1.370003e+00   4.191170e+01              0             18              3              3   1.188645e+01   3.399311e-01   6.069238e-01
        158000   1.384080e+00   4.287705e+01              0             17              3              3   1.239327e+01   3.649957e-01   6.308874e-01
        158500   1.428271e+00   3.328135e+01              0             16              3              2   1.262658e+01   3.413093e-01   6.348287e-01
        159000   1.442128e+00   2.256779e+01              0             17              3              3   1.248336e+01   3.438823e-01   6.312460e-01
        159500   1.422995e+00   3.522532e+01              0             17              3              4   1.275885e+01   3.390213e-01   6.369963e-01
        160000   1.387063e+00   4.629565e+01              0             17              3              3   1.247142e+01   3.404330e-01   6.417162e-01
        160500   1.407872e+00   3.717111e+01              0             17              3              3   1.257800e+01   3.297793e-01   6.362341e-01
        161000   1.399726e+00   3.815594e+01              0             18              3              3   1.221692e+01   3.220774e-01   6.219092e-01
        161500   1.447137e+00   2.682412e+01              0             15              3              3   1.226658e+01   3.378318e-01   6.261984e-01
        162000   1.428818e+00   4.010973e+01              0             17              3              3   1.243639e+01   3.249547e-01   6.357180e-01
        162500   1.412866e+00   4.109346e+01              0             18              3              3   1.207714e+01   3.191514e-01   6.113260e-01
        163000   1.428272e+00   4.208876e+01              0             16              3              4   1.216867e+01   3.254203e-01   6.198319e-01
        163500   1.418515e+00   4.308020e+01              0             17              3              3   1.218050e+01   3.291553e-01   6.222695e-01
        164000   1.430016e+00   4.407089e+01              0             16              3              3   1.229728e+01   3.482646e-01   6.295775e-01
        164500   1.433692e+00   4.504600e+01              0             17              3              3   1.210947e+01   3.332092e-01   6.200368e-01
        165000   1.444558e+00   3.325281e+01              0             17              3              3   1.234394e+01   3.393468e-01   6.248246e-01
        165500   1.439476e+00   4.698755e+01              0             17              3              3   1.240013e+01   3.263624e-01   6.311834e-01
        166000   1.443687e+00   4.795427e+01              0             16              3              4   1.242155e+01   3.333834e-01   6.359820e-01
        166500   1.442846e+00   4.888846e+01              0             18              3              3   1.242913e+01   3.404297e-01   6.272532e-01
        167000   1.455829e+00   3.714900e+01              0             18              3              4   1.254612e+01   3.239110e-01   6.215892e-01
        167500   1.463695e+00   3.814228e+01              0             17              3              3   1.248479e+01   3.420188e-01   6.211446e-01
        168000   1.465000e+00   3.913205e+01              0             17              3              2   1.257306e+01   3.435419e-01   6.353070e-01
        168500   1.479128e+00   2.585057e+01              0             17              3              4   1.262234e+01   3.483124e-01   6.426046e-01
        169000   1.527343e+00   2.682878e+01              0             15              3              2   1.270921e+01   3.422278e-01   6.474387e-01
        169500   1.499877e+00   2.782067e+01              0             18              3              3   1.254555e+01   3.522549e-01   6.398928e-01
        170000   1.507483e+00   2.881755e+01              0             18              3              3   1.230325e+01   3.509314e-01   6.331488e-01
        170500   1.503761e+00   2.981021e+01              0             17              3              3   1.265177e+01   3.472861e-01   6.461803e-01
        171000   1.537463e+00   3.078256e+01              0             16              3              3   1.257541e+01   3.167981e-01   6.302300e-01
        171500   1.537775e+00   3.176234e+01              0             18              3              3   1.268096e+01   3.489409e-01   6.352895e-01
        172000   1.548509e+00   2.000378e+01              0             19              3              4   1.269019e+01   3.828992e-01   6.464122e-01
        172500   1.558855e+00   2.098411e+01              0             17              3              3   1.283612e+01   3.766122e-01   6.453773e-01
        173000   1.570479e+00   2.198023e+01              0             16              3              3   1.308070e+01   3.415664e-01   6.503871e-01
        173500   1.537884e+00   2.296662e+01              0             16              3              4   1.271037e+01   3.477872e-01   6.458880e-01
        174000   1.566423e+00   2.394738e+01              0             16              3              4   1.277362e+01   3.591722e-01   6.496299e-01
        174500   1.576684e+00   2.494142e+01              0             18              3              4   1.284559e+01   3.627200e-01   6.586574e-01
        175000   1.608574e+00   1.558160e+01              0             17              3              2   1.285259e+01   3.589973e-01   6.503731e-01
        175500   1.604342e+00   1.656445e+01              0             14              3              3   1.295753e+01   3.691606e-01   6.712433e-01
        176000   1.598080e+00   1.754872e+01              0             18              3              3   1.290271e+01   3.451166e-01   6.462342e-01
        176500   1.641856e+00   1.066723e+01              0             12              3              1   1.281658e+01   3.299219e-01   6.391311e-01
        177000   1.688652e+00   1.165480e+01              0             13              2              1   1.246263e+01   3.137337e-01   6.218910e-01
        177500   1.719684e+00   7.140622e+00              0             14              2              1   1.244209e+01   3.158604e-01   6.324117e-01
        178000   1.722952e+00   8.123669e+00              0             14              2              1   1.251692e+01   3.393244e-01   6.223376e-01
        178500   1.689887e+00   9.082515e+00              0             16              2              2   1.249827e+01   3.308763e-01   6.339948e-01
        179000   1.679460e+00   1.534469e+01              0             14              2              2   1.227028e+01   3.143472e-01   6.192113e-01
        179500   1.688203e+00   1.093064e+01              0             13              2              1   1.230770e+01   3.207262e-01   6.287628e-01
        180000   1.694644e+00   1.185965e+01              0             13              2              1   1.229973e+01   3.122928e-01   6.250462e-01
        180500   1.715247e+00   1.285671e+01              0             16              2              1   1.238047e+01   3.246758e-01   6.341727e-01
        181000   1.681423e+00   1.916169e+01              0             19              3              2   1.255727e+01   3.372810e-01   6.467526e-01
        181500   1.697469e+00   1.473767e+01              0             16              2              2   1.269570e+01   3.356941e-01   6.444121e-01
        182000   1.658637e+00   2.113110e+01              0             15              2              2   1.244444e+01   3.194087e-01   6.347492e-01
        182500   1.686677e+00   2.212570e+01              0             17              2              2   1.253570e+01   2.938865e-01   6.282219e-01
        183000   1.700680e+00   1.748948e+01              0             15              2              1   1.249652e+01   3.021049e-01   6.341844e-01
        183500   1.711976e+00   1.848559e+01              0             14              2              2   1.254995e+01   3.100013e-01   6.349881e-01
        184000   1.700180e+00   1.946712e+01              0             14              2              2   1.263691e+01   3.123233e-01   6.353932e-01
        184500   1.720268e+00   2.045928e+01              0             15              2              2   1.242237e+01   3.009695e-01   6.277506e-01
        185000   1.724310e+00   2.145251e+01              0             14              2              1   1.202086e+01   2.894490e-01   6.073316e-01
        185500   1.715859e+00   2.244782e+01              0             10              2              2   1.232542e+01   2.973474e-01   6.142688e-01
        186000   1.730972e+00   2.343669e+01              0             11              2              1   1.224072e+01   3.224914e-01   6.255769e-01
        186500   1.679003e+00   2.944987e+01              0             13              2              1   1.225826e+01   3.115466e-01   6.255468e-01
        187000   1.691471e+00   3.041154e+01              0             13              2              2   1.234314e+01   3.178562e-01   6.327830e-01
        187500   1.675969e+00   3.140816e+01              0             15              2              2   1.238605e+01   3.206899e-01   6.320358e-01
        188000   1.729128e+00   2.720262e+01              0             13              2              2   1.223008e+01   3.217134e-01   6.247567e-01
        188500   1.749395e+00   2.063346e+01              0             13              2              2   1.215121e+01   3.006277e-01   6.279223e-01
        189000   1.774237e+00   2.160839e+01              0             12              2              2   1.213583e+01   2.869668e-01   6.086391e-01
        189500   1.736796e+00   3.002488e+01              0             12              2              2   1.225139e+01   3.133231e-01   6.233977e-01
        190000   1.736654e+00   3.101585e+01              0             15              2              2   1.235910e+01   3.336740e-01   6.379200e-01
        190500   1.772056e+00   2.448984e+01              0             16              2              2   1.237767e+01   3.272916e-01   6.318098e-01
        191000   1.780149e+00   1.650014e+01              0             17              2              2   1.230225e+01   3.208776e-01   6.244723e-01
        191500   1.784380e+00   1.743291e+01              0             18              2              2   1.222438e+01   3.153849e-01   6.185153e-01
        192000   1.785580e+00   2.743247e+01              0             19              2              2   1.222445e+01   3.218315e-01   6.286135e-01
        192500   1.836686e+00   1.937124e+01              0             17              2              2   1.241929e+01   3.386080e-01   6.424600e-01
        193000   1.848216e+00   1.195749e+01              0             13              2              1   1.239634e+01   3.315111e-01   6.324877e-01
        193500   1.844686e+00   2.131317e+01              0             14              2              1   1.239736e+01   3.383951e-01   6.420039e-01
        194000   1.844951e+00   1.389958e+01              0             14              2              1   1.254145e+01   3.292948e-01   6.407232e-01
        194500   1.849503e+00   1.485578e+01              0             17              2              2   1.223571e+01   3.394010e-01   6.322559e-01
        195000   1.830358e+00   2.419100e+01              0             16              2              2   1.237320e+01   3.206182e-01   6.313384e-01
        195500   1.803866e+00   2.518580e+01              0             18              2              2   1.253957e+01   3.275896e-01   6.328108e-01
        196000   1.822163e+00   2.618248e+01              0             16              2              2   1.221588e+01   3.332865e-01   6.219463e-01
        196500   1.845228e+00   2.715057e+01              0             18              2              2   1.249252e+01   3.359375e-01   6.381676e-01
        197000   1.861560e+00   1.951367e+01              0             17              2              2   1.255452e+01   3.201303e-01   6.317289e-01
        197500   1.891550e+00   1.262970e+01              0             12              2              3   1.232218e+01   3.118556e-01   6.298124e-01
        198000   1.853326e+00   2.148585e+01              0             16              2              2   1.244554e+01   3.369048e-01   6.368335e-01
        198500   1.859647e+00   2.247693e+01              0             18              2              2   1.242458e+01   3.150521e-01   6.327615e-01
        199000   1.873254e+00   2.346860e+01              0             17              2              2   1.246229e+01   3.158012e-01   6.442678e-01
        199500   1.874043e+00   2.445814e+01              0             16              2              1   1.256826e+01   3.092850e-01   6.399645e-01
        200000   1.917574e+00   1.708125e+01              0             13              2              2   1.248771e+01   3.088826e-01   6.438930e-01
        200500   1.928238e+00   1.806441e+01              0             18              2              0   1.234101e+01   3.120958e-01   6.279221e-01
        201000   1.902777e+00   1.905116e+01              0             16              2              1   1.227789e+01   3.144080e-01   6.361445e-01
        201500   1.875654e+00   2.808966e+01              0             17              2              2   1.241774e+01   3.224372e-01   6.525319e-01
        202000   1.856842e+00   2.907739e+01              0             18              2              2   1.272381e+01   3.035838e-01   6.497867e-01
        202500   1.825135e+00   3.692431e+01              0             18              2              1   1.265747e+01   3.074564e-01   6.396386e-01
        203000   1.819060e+00   3.791846e+01              0             15              2              1   1.247874e+01   3.055547e-01   6.394454e-01
        203500   1.826400e+00   3.891387e+01              0             14              2              0   1.256483e+01   3.102255e-01   6.423401e-01
        204000   1.811177e+00   3.990743e+01              0             16              2              2   1.219723e+01   3.079382e-01   6.374021e-01
        204500   1.787769e+00   4.482596e+01              0             16              2              3   1.187424e+01   2.851916e-01   6.178145e-01
        205000   1.766372e+00   4.582348e+01              0             18              2              2   1.217802e+01   2.880380e-01   6.250614e-01
        205500   1.739735e+00   4.679968e+01              0             16              2              2   1.196420e+01   2.841700e-01   6.134643e-01
        206000   1.714737e+00   4.787499e+01              0             14              2              2   1.215611e+01   2.730004e-01   6.162346e-01
        206500   1.733443e+00   4.885952e+01              0             16              2              2   1.202098e+01   2.792029e-01   6.122008e-01
        207000   1.779779e+00   4.947307e+01              0             14              2              2   1.213938e+01   2.706491e-01   6.145949e-01
        207500   1.783033e+00   5.046095e+01              0             18              2              3   1.199844e+01   2.990972e-01   6.142424e-01
        208000   1.731731e+00   5.153349e+01              0             18              2              2   1.213846e+01   2.999732e-01   6.153097e-01
        208500   1.730388e+00   5.251992e+01              0             16              2              3   1.207322e+01   2.971182e-01   6.141540e-01
        209000   1.734183e+00   5.351012e+01              0             16              2              2   1.209373e+01   2.922909e-01   6.075761e-01
        209500   1.737251e+00   5.445954e+01              0             15              2              2   1.207837e+01   2.818133e-01   6.099009e-01
        210000   1.690365e+00   5.115253e+01              0             14              2              2   1.194927e+01   2.858403e-01   6.015986e-01
        210500   1.679616e+00   5.214361e+01              0             15              2              2   1.211044e+01   2.983266e-01   6.082119e-01
        211000   1.682293e+00   5.314155e+01              0             18              2              2   1.202438e+01   2.835220e-01   6.059873e-01
        211500   1.670780e+00   5.412886e+01              0             17              2              3   1.207988e+01   2.896782e-01   6.092301e-01
        212000   1.670202e+00   5.510991e+01              0             18              2              3   1.182444e+01   2.891246e-01   5.977330e-01
        212500   1.685541e+00   5.607895e+01              0             16              2              3   1.196541e+01   2.836358e-01   6.036245e-01
        213000   1.729666e+00   6.062087e+01              0             20              2              2   1.213825e+01   3.001496e-01   6.108297e-01
        213500   1.744386e+00   6.161219e+01              0             17              2              2   1.227149e+01   3.100215e-01   6.139065e-01
        214000   1.736223e+00   6.258631e+01              0             19              2              2   1.221697e+01   3.080364e-01   6.139196e-01
        214500   1.762354e+00   6.145878e+01              0             13              2              1   1.244172e+01   3.199374e-01   6.263120e-01
        215000   1.771866e+00   6.244185e+01              0             14              2              1   1.231386e+01   3.187173e-01   6.194734e-01
        215500   1.761354e+00   6.340904e+01              0             17              2              1   1.237650e+01   3.236175e-01   6.260475e-01
        216000   1.779003e+00   6.439944e+01              0             16              2              2   1.229150e+01   3.084108e-01   6.171266e-01
        216500   1.754637e+00   6.539190e+01              0             16              2              2   1.222750e+01   3.021945e-01   6.173823e-01
        217000   1.795857e+00   5.727733e+01              0             14              2              2   1.204363e+01   2.908864e-01   6.098498e-01
        217500   1.773103e+00   6.737043e+01              0             15              2              2   1.181161e+01   3.038985e-01   5.964775e-01
        218000   1.795826e+00   5.911223e+01              0             15              2              2   1.206812e+01   2.836820e-01   6.071008e-01
        218500   1.778435e+00   6.933679e+01              0             15              2              2   1.228566e+01   2.904213e-01   6.081793e-01
        219000   1.784591e+00   7.033115e+01              0             15              2              2   1.212711e+01   2.838663e-01   6.044481e-01
        219500   1.836366e+00   6.189546e+01              0             13              2              2   1.208111e+01   2.790547e-01   6.110748e-01
        220000   1.838375e+00   6.284364e+01              0             13              2              2   1.205772e+01   2.753472e-01   6.057932e-01
        220500   1.874991e+00   4.883144e+01              0             13              2              2   1.219345e+01   2.779083e-01   6.117393e-01
        221000   1.893772e+00   3.333087e+01              0             13              2              1   1.229242e+01   2.821516e-01   6.100048e-01
        221500   1.913992e+00   3.432561e+01              0              9              2              1   1.202260e+01   2.891746e-01   6.152906e-01
        222000   1.947191e+00   3.530327e+01              0             12              2              1   1.241786e+01   2.788334e-01   6.185931e-01
        222500   1.976026e+00   2.188441e+01              0             10              2              0   1.199910e+01   2.973536e-01   6.106865e-01
        223000   2.005419e+00   1.239859e+01              0             15              1              1   1.221711e+01   2.767518e-01   6.148756e-01
        223500   1.991519e+00   1.335931e+01              0             14              2              1   1.216171e+01   2.875094e-01   6.315087e-01
        224000   2.026498e+00   1.435043e+01              0             14              1              1   1.241867e+01   2.944430e-01   6.311794e-01
        224500   2.000622e+00   1.533999e+01              0             17              2              1   1.223271e+01   2.807961e-01   6.266382e-01
        225000   1.987108e+00   2.637664e+01              0             16              2              1   1.243320e+01   2.979596e-01   6.270346e-01
        225500   1.971232e+00   2.736971e+01              0             15              1              1   1.218738e+01   2.838837e-01   6.165311e-01
        226000   1.973962e+00   2.835103e+01              0             17              1              1   1.221684e+01   2.954594e-01   6.333199e-01
        226500   1.977463e+00   2.934489e+01              0             18              1              1   1.211017e+01   2.882117e-01   6.238437e-01
        227000   1.975402e+00   3.032411e+01              0             16              2              2   1.177230e+01   2.755246e-01   6.021983e-01
        227500   1.961074e+00   3.131545e+01              0             17              1              1   1.195647e+01   2.541503e-01   6.048818e-01
        228000   1.949826e+00   4.445193e+01              1             18              2              1   1.208715e+01   2.650362e-01   6.191273e-01
        228500   2.036925e+00   1.392398e+01              0             13              1              1   1.172031e+01   2.529821e-01   6.047425e-01
        229000   2.009424e+00   2.365565e+01              0             12              1              1   1.224685e+01   2.688501e-01   6.237312e-01
        229500   1.990119e+00   3.500833e+01              0             12              2              1   1.195892e+01   2.692621e-01   6.144437e-01
        230000   2.022190e+00   2.560957e+01              0             11              2              1   1.181790e+01   2.512119e-01   6.091098e-01
        230500   2.039103e+00   2.659599e+01              0             11              2              1   1.203866e+01   2.674880e-01   6.142829e-01
        231000   2.008590e+00   2.757639e+01              0              8              1              1   1.191088e+01   2.668203e-01   6.153853e-01
        231500   2.000093e+00   2.856504e+01              0             12              2              1   1.200147e+01   2.733773e-01   6.119905e-01
        232000   2.032794e+00   2.000911e+01              0              9              1              1   1.190344e+01   2.521130e-01   6.088927e-01
        232500   2.026888e+00   2.092628e+01              0              8              2              1   1.227623e+01   2.547769e-01   6.101688e-01
        233000   2.086759e+00   1.310370e+01              0              9              1              1   1.191541e+01   2.575627e-01   6.033590e-01
        233500   2.051055e+00   2.286743e+01              0              8              2              1   1.197531e+01   2.597784e-01   6.225868e-01
        234000   2.016430e+00   3.326060e+01              0              8              2              1   1.211249e+01   2.719074e-01   6.225952e-01
        234500   2.046273e+00   3.422763e+01              0              8              1              1   1.209856e+01   2.536567e-01   6.194515e-01
        235000   2.055835e+00   2.570630e+01              0              9              2              1   1.205978e+01   2.646540e-01   6.241348e-01
        235500   2.092807e+00   2.668786e+01              0             10              1              1   1.199190e+01   2.773546e-01   6.212254e-01
        236000   2.065330e+00   2.766983e+01              0             10              1              1   1.222358e+01   2.682577e-01   6.239094e-01
        236500   2.105891e+00   1.901712e+01              0              9              2              1   1.224107e+01   2.714918e-01   6.252962e-01
        237000   2.139497e+00   1.999704e+01              0              7              2              1   1.219860e+01   2.525354e-01   6.193200e-01
        237500   2.161905e+00   1.252797e+01              0              7              2              1   1.217233e+01   2.711270e-01   6.345608e-01
        238000   2.183530e+00   1.352211e+01              0              7              2              1   1.233191e+01   2.766416e-01   6.314128e-01
        238500   2.205837e+00   8.184505e+00              0              6              1              1   1.225741e+01   2.757655e-01   6.325421e-01
        239000   2.199501e+00   9.142134e+00              0              6              1              1   1.224264e+01   2.899502e-01   6.330549e-01
        239500   2.156126e+00   1.645852e+01              0              6              2              1   1.216480e+01   2.967743e-01   6.339455e-01
        240000   2.177708e+00   1.744828e+01              0              6              2              1   1.243911e+01   3.183733e-01   6.531144e-01
        240500   2.228058e+00   1.182245e+01              0              6              1              1   1.215583e+01   2.885616e-01   6.314293e-01
        241000   2.187919e+00   1.931221e+01              0              6              2              1   1.241017e+01   3.150824e-01   6.398867e-01
        241500   2.199002e+00   1.378840e+01              0              6              2              1   1.230144e+01   3.146127e-01   6.409872e-01
        242000   2.218946e+00   1.477835e+01              0              7              1              1   1.228911e+01   3.142357e-01   6.388553e-01
        242500   2.250541e+00   1.004438e+01              0              6              1              1   1.222999e+01   3.262951e-01   6.422297e-01
        243000   2.203490e+00   1.668951e+01              0              8              1              1   1.228497e+01   3.187021e-01   6.341701e-01
        243500   2.206571e+00   2.372004e+01              0              6              1              0   1.225938e+01   3.051132e-01   6.257280e-01
        244000   2.208574e+00   1.862237e+01              0              7              2              1   1.211105e+01   3.216795e-01   6.228069e-01
        244500   2.182379e+00   2.564221e+01              0              5              2              0   1.219929e+01   3.387084e-01   6.361530e-01
        245000   2.200194e+00   2.662883e+01              0              5              1              0   1.240421e+01   3.280796e-01   6.316335e-01
        245500   2.257608e+00   1.484322e+01              0              6              1              0   1.225002e+01   3.266726e-01   6.315497e-01
        246000   2.274546e+00   1.583149e+01              0              5              0              0   1.214064e+01   3.292548e-01   6.442361e-01
        246500   2.300873e+00   1.039036e+01              0              6              0              0   1.241002e+01   3.274879e-01   6.350224e-01
        247000   2.294311e+00   1.136484e+01              0              7              0              0   1.233781e+01   3.199924e-01   6.382368e-01
        247500   2.338124e+00   1.234972e+01              0              5              0              0   1.240815e+01   3.050932e-01   6.379730e-01
        248000   2.358984e+00   7.947549e+00              0              5              0              0   1.224434e+01   3.180372e-01   6.289601e-01
        248500   2.345536e+00   1.427810e+01              0              6              0              0   1.238002e+01   3.215691e-01   6.292351e-01
        249000   2.378602e+00   9.875925e+00              0              6              0              0   1.209559e+01   3.285631e-01   6.208425e-01
        249500   2.386320e+00   1.087109e+01              0              6              0              0   1.208010e+01   3.311142e-01   6.298677e-01
        250000   2.438958e+00   7.626934e+00              0              5              0              0   1.207088e+01   3.103203e-01   6.239792e-01
        250500   2.408482e+00   1.265567e+01              0              4              0              0   1.209100e+01   2.937432e-01   6.221800e-01
        251000   2.375201e+00   1.362284e+01              0              4              0              1   1.191559e+01   2.909563e-01   6.228284e-01
        251500   2.369577e+00   1.461467e+01              0              4              0              1   1.191469e+01   2.927474e-01   6.110843e-01
        252000   2.412036e+00   1.141810e+01              0              3              0              1   1.190395e+01   2.796381e-01   6.063157e-01
        252500   2.434758e+00   1.240182e+01              0              5              0              1   1.191726e+01   2.734981e-01   6.086933e-01
        253000   2.407671e+00   1.338717e+01              0              6              0              1   1.191957e+01   2.775367e-01   6.132534e-01
        253500   2.400355e+00   1.437030e+01              0              6              0              1   1.199554e+01   2.810885e-01   6.154881e-01
        254000   2.405893e+00   1.534719e+01              0              7              0              1   1.185605e+01   2.767495e-01   6.070105e-01
        254500   2.441517e+00   1.632390e+01              0              7              0              0   1.176936e+01   2.717991e-01   6.143769e-01
        255000   2.493931e+00   1.264494e+01              0              8              0              0   1.200831e+01   2.950386e-01   6.264984e-01
        255500   2.512760e+00   8.842100e+00              0              5              0              0   1.185954e+01   2.917044e-01   6.085621e-01
        256000   2.493918e+00   1.454694e+01              0              6              0              0   1.181559e+01   2.937690e-01   6.058373e-01
        256500   2.502724e+00   1.073760e+01              0              6              0              1   1.196057e+01   2.742046e-01   6.209940e-01
        257000   2.530811e+00   1.173359e+01              0              6              0              0   1.190510e+01   2.650735e-01   6.129298e-01
        257500   2.525819e+00   1.273038e+01              0              6              0              1   1.171565e+01   2.705688e-01   6.057118e-01
        258000   2.541609e+00   1.371771e+01              0              4              0              0   1.165050e+01   2.780184e-01   6.133385e-01
        258500   2.525721e+00   1.471125e+01              0              4              0              1   1.160105e+01   2.764550e-01   6.026857e-01
        259000   2.565192e+00   1.082616e+01              0              3              0              0   1.181798e+01   2.687080e-01   6.053418e-01
        259500   2.538871e+00   1.175931e+01              0              5              0              1   1.188431e+01   2.973503e-01   6.163188e-01
        260000   2.523822e+00   1.755671e+01              0              5              0              0   1.215414e+01   3.077424e-01   6.311624e-01
        260500   2.573406e+00   1.359184e+01              0              3              0              1   1.195836e+01   2.821699e-01   6.168806e-01
        261000   2.589128e+00   1.458556e+01              0              4              0              0   1.171500e+01   2.809207e-01   5.956316e-01
