          step              r      E_metad_r      n_cont_CA   n_cont_heavy       n_saltbr        n_hbond           SASA           RMSD             Rg 
             0   5.003349e-01   0.000000e+00              0             41              0              1   1.410860e+01   0.000000e+00   9.096300e-01
           500   4.972495e-01   9.590611e-01              0             44              0              1   1.430347e+01   6.740011e-02   9.028401e-01
          1000   4.870946e-01   1.948477e+00              0             44              0              1   1.437803e+01   8.033509e-02   9.122786e-01
          1500   5.096894e-01   2.861487e+00              0             43              0              1   1.431209e+01   7.783625e-02   9.152917e-01
          2000   5.074718e-01   3.824499e+00              0             42              0              1   1.419620e+01   9.099224e-02   9.171988e-01
          2500   4.956250e-01   4.778284e+00              0             39              0              1   1.415704e+01   1.181152e-01   9.000686e-01
          3000   4.747207e-01   5.827126e+00              0             46              0              1   1.414436e+01   1.092272e-01   9.088033e-01
          3500   5.178148e-01   6.671178e+00              0             36              0              0   1.413442e+01   1.172318e-01   8.939608e-01
          4000   5.088099e-01   7.658952e+00              0             42              0              1   1.403924e+01   9.606836e-02   8.879677e-01
          4500   5.058240e-01   8.644267e+00              0             40              0              1   1.422898e+01   1.035591e-01   8.884459e-01
          5000   5.180554e-01   9.632577e+00              0             41              0              1   1.423735e+01   1.198699e-01   9.097157e-01
          5500   5.176767e-01   1.061957e+01              0             37              0              1   1.416410e+01   1.058483e-01   9.158635e-01
          6000   5.211866e-01   1.160235e+01              0             39              0              1   1.423273e+01   1.247327e-01   9.100432e-01
          6500   5.484293e-01   1.025052e+01              0             35              0              1   1.408823e+01   1.302502e-01   8.950101e-01
          7000   5.116322e-01   1.356576e+01              0             37              0              1   1.421695e+01   1.241771e-01   9.099809e-01
          7500   5.345684e-01   1.456036e+01              0             30              0              1   1.430875e+01   1.344172e-01   9.134583e-01
          8000   5.380419e-01   1.553741e+01              0             36              0              1   1.425626e+01   1.524321e-01   9.199782e-01
          8500   5.006701e-01   1.557559e+01              0             39              0              1   1.423690e+01   1.320789e-01   8.961089e-01
          9000   4.933175e-01   1.651496e+01              0             43              0              1   1.419640e+01   1.314230e-01   9.082273e-01
          9500   5.009773e-01   1.750196e+01              0             42              0              0   1.426823e+01   1.535558e-01   8.877299e-01
         10000   5.032626e-01   1.845278e+01              0             43              0              1   1.423339e+01   1.601993e-01   9.039181e-01
         10500   5.164656e-01   2.040059e+01              0             43              0              1   1.408634e+01   1.499860e-01   9.114967e-01
         11000   4.928488e-01   2.032240e+01              0             44              0              1   1.416358e+01   1.583792e-01   9.117930e-01
         11500   5.133831e-01   2.235584e+01              0             41              0              0   1.430627e+01   1.549024e-01   9.141514e-01
         12000   5.266361e-01   2.334474e+01              0             40              0              1   1.435614e+01   1.676960e-01   9.272367e-01
         12500   5.434375e-01   2.433663e+01              0             40              0              1   1.420843e+01   1.709843e-01   8.933037e-01
         13000   5.489900e-01   2.124237e+01              0             37              0              1   1.426945e+01   1.321085e-01   9.231252e-01
         13500   5.839594e-01   2.222773e+01              0             40              0              1   1.429344e+01   1.290665e-01   9.279672e-01
         14000   5.497262e-01   2.317652e+01              0             43              0              1   1.436299e+01   1.139514e-01   9.283077e-01
         14500   5.356987e-01   2.815152e+01              0             41              0              1   1.439974e+01   1.297240e-01   9.319384e-01
         15000   5.471853e-01   2.910682e+01              0             39              0              1   1.424232e+01   1.235093e-01   9.324772e-01
         15500   5.387113e-01   3.009952e+01              0             41              0              1   1.431753e+01   1.261270e-01   9.197687e-01
         16000   5.816580e-01   2.696663e+01              0             36              0              1   1.429187e+01   1.313778e-01   9.133306e-01
         16500   5.250509e-01   3.190181e+01              0             37              0              1   1.438162e+01   1.305793e-01   9.053638e-01
         17000   5.168364e-01   3.289590e+01              0             39              0              1   1.423629e+01   1.160426e-01   9.101656e-01
         17500   4.945122e-01   3.067317e+01              0             39              0              1   1.417489e+01   1.119475e-01   9.100115e-01
         18000   4.829412e-01   3.165772e+01              0             42              0              1   1.425552e+01   1.029989e-01   9.059695e-01
         18500   4.805688e-01   3.264548e+01              0             41              0              1   1.434434e+01   9.109175e-02   9.105641e-01
         19000   4.595289e-01   2.468112e+01              0             48              0              1   1.431246e+01   9.385732e-02   9.271502e-01
         19500   4.823252e-01   3.460769e+01              0             46              0              1   1.431836e+01   8.505879e-02   9.175140e-01
         20000   4.880665e-01   3.559886e+01              0             46              0              0   1.416302e+01   8.975289e-02   9.018031e-01
         20500   4.806892e-01   3.659611e+01              0             46              0              1   1.417238e+01   8.660445e-02   8.966022e-01
         21000   4.981700e-01   4.000857e+01              0             46              0              1   1.423718e+01   1.075515e-01   8.989559e-01
         21500   5.028074e-01   3.856010e+01              0             42              0              1   1.430541e+01   1.003851e-01   9.203813e-01
         22000   4.855449e-01   3.951569e+01              0             44              0              1   1.423881e+01   9.488136e-02   9.179345e-01
         22500   5.009352e-01   4.281457e+01              0             35              0              1   1.415834e+01   1.121224e-01   9.247512e-01
         23000   4.883267e-01   4.144686e+01              0             41              0              1   1.421239e+01   1.016928e-01   9.140290e-01
         23500   4.894311e-01   4.243929e+01              0             38              0              1   1.411123e+01   1.319665e-01   9.166591e-01
         24000   4.891091e-01   4.343550e+01              0             43              0              1   1.422413e+01   1.207792e-01   9.193620e-01
         24500   4.830433e-01   4.442470e+01              0             47              0              1   1.436313e+01   1.285329e-01   9.345946e-01
         25000   4.802592e-01   4.540953e+01              0             41              0              1   1.436394e+01   1.130115e-01   9.397875e-01
         25500   4.834239e-01   4.640800e+01              0             42              0              1   1.417819e+01   1.054989e-01   9.357100e-01
         26000   4.918681e-01   4.740492e+01              0             43              0              1   1.419236e+01   8.834038e-02   9.072952e-01
         26500   4.894129e-01   4.839851e+01              0             42              0              0   1.433443e+01   9.888764e-02   9.201876e-01
         27000   4.973202e-01   4.937555e+01              0             37              0              1   1.423821e+01   1.091209e-01   9.231453e-01
         27500   4.972567e-01   5.037099e+01              0             40              0              1   1.425450e+01   1.225801e-01   9.163680e-01
         28000   4.665877e-01   5.135399e+01              0             44              0              1   1.419818e+01   1.194715e-01   9.080092e-01
         28500   4.662015e-01   5.233583e+01              0             51              0              1   1.397678e+01   1.256869e-01   8.827176e-01
         29000   4.462425e-01   5.328245e+01              0             49              0              1   1.433247e+01   1.165774e-01   9.096036e-01
         29500   4.456794e-01   4.257817e+01              0             48              0              1   1.420909e+01   1.178259e-01   9.150864e-01
         30000   4.486475e-01   4.356095e+01              0             47              0              1   1.420434e+01   1.216834e-01   9.204118e-01
         30500   4.628109e-01   5.607476e+01              0             47              0              1   1.435905e+01   1.225861e-01   9.299286e-01
         31000   4.790715e-01   5.707246e+01              0             43              0              1   1.440489e+01   1.339577e-01   9.621165e-01
         31500   4.868161e-01   5.806831e+01              0             41              0              1   1.437137e+01   1.377580e-01   9.351040e-01
         32000   4.829545e-01   5.906397e+01              0             43              0              1   1.418596e+01   1.087215e-01   9.094472e-01
         32500   4.764229e-01   6.005945e+01              0             45              0              1   1.418044e+01   1.168801e-01   9.267093e-01
         33000   4.671178e-01   6.105429e+01              0             42              0              0   1.431166e+01   1.191090e-01   9.373344e-01
         33500   4.899451e-01   6.203679e+01              0             42              0              1   1.423963e+01   1.193361e-01   9.002945e-01
         34000   4.643557e-01   5.074066e+01              0             43              0              1   1.421983e+01   1.224850e-01   9.036601e-01
         34500   4.885777e-01   6.400141e+01              0             36              0              1   1.412148e+01   1.191682e-01   8.963108e-01
         35000   4.815162e-01   6.498184e+01              0             37              0              1   1.408014e+01   1.354495e-01   8.888193e-01
         35500   5.013829e-01   6.593158e+01              0             41              0              1   1.436646e+01   1.371946e-01   9.138539e-01
         36000   5.169037e-01   6.609177e+01              0             34              0              0   1.432343e+01   1.407372e-01   9.162201e-01
         36500   5.247886e-01   6.707929e+01              0             37              0              1   1.415467e+01   1.345602e-01   9.173532e-01
         37000   5.513750e-01   5.398778e+01              0             32              0              1   1.418180e+01   1.483639e-01   8.922097e-01
         37500   5.449503e-01   5.494795e+01              0             34              0              1   1.430552e+01   1.625738e-01   8.851625e-01
         38000   5.898604e-01   3.591901e+01              0             27              0              1   1.403915e+01   1.641232e-01   8.722550e-01
         38500   5.434797e-01   5.691281e+01              0             36              0              1   1.410236e+01   1.483679e-01   8.942600e-01
         39000   5.644350e-01   5.789893e+01              0             32              0              0   1.416624e+01   1.757806e-01   8.917396e-01
         39500   5.999153e-01   5.887690e+01              0             26              0              0   1.413272e+01   1.793824e-01   8.763535e-01
         40000   6.079284e-01   3.956074e+01              0             32              0              0   1.434540e+01   1.571396e-01   8.915155e-01
         40500   6.162223e-01   4.055118e+01              0             27              0              0   1.430152e+01   1.600606e-01   8.939678e-01
         41000   6.359889e-01   2.319637e+01              0             25              0              0   1.421288e+01   1.969463e-01   8.978673e-01
         41500   6.634436e-01   2.418305e+01              0             23              0              0   1.426080e+01   1.713059e-01   9.105187e-01
         42000   6.794607e-01   2.516718e+01              0             19              0              0   1.420224e+01   1.487716e-01   9.256724e-01
         42500   6.692691e-01   2.615417e+01              0             27              0              0   1.431731e+01   1.379582e-01   9.109976e-01
         43000   6.372808e-01   2.712623e+01              0             31              0              0   1.423795e+01   1.489659e-01   9.058591e-01
         43500   6.712079e-01   2.811339e+01              0             21              0              0   1.429938e+01   1.456628e-01   9.140187e-01
         44000   6.743927e-01   2.909305e+01              0             18              0              0   1.424374e+01   1.386910e-01   9.155466e-01
         44500   6.313677e-01   4.766893e+01              0             26              0              0   1.435912e+01   1.496706e-01   9.091072e-01
         45000   6.646007e-01   3.105842e+01              0             25              0              0   1.429920e+01   1.623240e-01   9.031807e-01
         45500   6.410792e-01   3.204215e+01              0             27              0              0   1.427911e+01   1.692414e-01   9.210627e-01
         46000   6.590037e-01   3.301914e+01              0             26              0              0   1.432337e+01   1.446994e-01   9.231077e-01
         46500   6.807251e-01   3.400760e+01              0             25              0              0   1.440247e+01   1.541148e-01   9.166971e-01
         47000   6.688156e-01   3.500315e+01              0             27              0              0   1.432645e+01   1.540677e-01   9.217514e-01
         47500   6.495787e-01   3.599574e+01              0             28              0              0   1.424999e+01   1.723847e-01   9.183401e-01
         48000   6.444699e-01   3.698677e+01              0             32              0              0   1.440163e+01   1.724637e-01   9.303943e-01
         48500   7.245385e-01   2.384061e+01              0             19              0              0   1.450456e+01   1.412858e-01   9.327515e-01
         49000   6.978702e-01   2.481494e+01              0             22              0              0   1.424860e+01   1.431796e-01   9.067617e-01
         49500   7.043866e-01   2.578209e+01              0             25              0              0   1.429696e+01   1.584116e-01   9.280433e-01
         50000   7.282632e-01   2.675766e+01              0             28              0              0   1.430944e+01   2.047725e-01   9.323679e-01
         50500   7.344651e-01   1.671633e+01              0             29              0              0   1.434828e+01   2.368020e-01   9.356946e-01
         51000   7.613033e-01   1.769673e+01              0             24              0              0   1.436105e+01   2.414088e-01   9.365041e-01
         51500   7.623605e-01   1.868971e+01              0             29              0              0   1.427472e+01   2.289080e-01   9.133096e-01
         52000   7.288922e-01   3.045303e+01              0             29              0              0   1.429353e+01   2.331584e-01   8.916032e-01
         52500   7.626615e-01   2.064550e+01              0             28              0              0   1.447555e+01   2.732708e-01   9.070636e-01
         53000   7.202358e-01   3.236195e+01              0             30              0              0   1.429731e+01   2.910231e-01   9.027103e-01
         53500   7.597591e-01   2.255906e+01              0             21              0              0   1.438533e+01   2.876367e-01   8.873640e-01
         54000   7.565542e-01   2.354898e+01              0             28              0              0   1.430103e+01   3.228033e-01   9.002712e-01
         54500   7.860076e-01   2.454193e+01              0             21              0              0   1.436309e+01   3.126932e-01   8.907020e-01
         55000   7.231559e-01   3.602961e+01              0             28              0              0   1.424602e+01   2.936775e-01   8.837685e-01
         55500   7.319463e-01   3.702503e+01              0             26              0              0   1.431780e+01   3.117137e-01   8.713535e-01
         56000   7.397225e-01   2.735946e+01              0             25              0              0   1.426255e+01   3.364832e-01   8.594568e-01
         56500   7.312662e-01   3.896794e+01              0             29              0              0   1.423169e+01   3.294218e-01   8.564521e-01
         57000   6.680031e-01   5.098605e+01              0             33              0              0   1.435330e+01   3.570064e-01   8.634096e-01
         57500   6.556870e-01   5.197737e+01              0             32              0              0   1.434574e+01   3.292501e-01   8.662187e-01
         58000   6.908287e-01   5.295106e+01              0             32              0              0   1.438439e+01   3.280419e-01   8.709786e-01
         58500   7.323585e-01   4.269645e+01              0             34              0              0   1.435990e+01   3.533819e-01   8.661622e-01
         59000   7.623401e-01   3.219377e+01              0             27              0              0   1.436862e+01   3.354975e-01   8.838449e-01
         59500   7.753689e-01   3.317690e+01              0             24              0              0   1.449275e+01   3.412604e-01   8.720391e-01
         60000   8.088825e-01   2.252794e+01              0             21              0              0   1.431021e+01   3.396704e-01   8.901941e-01
         60500   7.385568e-01   3.508725e+01              0             26              0              0   1.433351e+01   3.464900e-01   8.635909e-01
         61000   7.459625e-01   3.605537e+01              0             23              0              0   1.427171e+01   3.079855e-01   8.781341e-01
         61500   7.373361e-01   4.800962e+01              0             26              0              0   1.427901e+01   3.262700e-01   8.829380e-01
         62000   7.037924e-01   5.855543e+01              0             29              0              0   1.432249e+01   3.295255e-01   8.863065e-01
         62500   7.267959e-01   4.998003e+01              0             28              0              0   1.443279e+01   3.365397e-01   8.973405e-01
         63000   7.116145e-01   5.095233e+01              0             31              0              0   1.434662e+01   3.382378e-01   9.052194e-01
         63500   7.302230e-01   5.193637e+01              0             31              0              0   1.426581e+01   3.440380e-01   8.894741e-01
         64000   7.211387e-01   5.292816e+01              0             32              0              0   1.424826e+01   3.337348e-01   8.737702e-01
         64500   7.239808e-01   5.392264e+01              0             29              0              0   1.425205e+01   3.148032e-01   9.016495e-01
         65000   7.336137e-01   5.489989e+01              0             28              0              0   1.419920e+01   2.953984e-01   8.914751e-01
         65500   7.576882e-01   4.419014e+01              0             26              0              0   1.430230e+01   3.106378e-01   8.865570e-01
         66000   7.704715e-01   4.517590e+01              0             22              0              0   1.434391e+01   2.883664e-01   9.039606e-01
         66500   8.111392e-01   3.190169e+01              0             20              0              0   1.440777e+01   3.209621e-01   8.922573e-01
         67000   7.955558e-01   3.288366e+01              0             20              0              0   1.418663e+01   3.306957e-01   8.884527e-01
         67500   8.209185e-01   3.387523e+01              0             20              0              0   1.435232e+01   3.321075e-01   8.830853e-01
         68000   8.182871e-01   3.485648e+01              0             18              0              0   1.451623e+01   3.263977e-01   8.831050e-01
         68500   8.100597e-01   3.585220e+01              0             20              0              0   1.423106e+01   3.460718e-01   8.660681e-01
         69000   8.213526e-01   3.684451e+01              0             21              0              0   1.439827e+01   3.436262e-01   8.895192e-01
         69500   8.085398e-01   3.783688e+01              0             21              0              0   1.429650e+01   3.320931e-01   8.852278e-01
         70000   7.854995e-01   5.225748e+01              0             20              0              0   1.428626e+01   3.210905e-01   9.054571e-01
         70500   8.016561e-01   3.979195e+01              0             21              0              0   1.442143e+01   3.121689e-01   9.231633e-01
         71000   8.037137e-01   4.077920e+01              0             27              0              0   1.427915e+01   3.094467e-01   9.010221e-01
         71500   8.485150e-01   2.699170e+01              0             18              0              0   1.427459e+01   3.125183e-01   9.060957e-01
         72000   8.332832e-01   2.795275e+01              0             20              0              0   1.430402e+01   3.074621e-01   9.192431e-01
         72500   8.045579e-01   4.372383e+01              0             24              0              0   1.442564e+01   3.437075e-01   9.181299e-01
         73000   7.940610e-01   4.468967e+01              0             22              0              0   1.434176e+01   3.092770e-01   9.244047e-01
         73500   7.878476e-01   5.855470e+01              0             22              0              0   1.432563e+01   3.158965e-01   9.434647e-01
         74000   8.102706e-01   4.662355e+01              0             23              0              0   1.414363e+01   3.032221e-01   9.085457e-01
         74500   8.098955e-01   4.761107e+01              0             22              0              0   1.434687e+01   3.104472e-01   9.175738e-01
         75000   8.099610e-01   4.860794e+01              0             22              0              0   1.443479e+01   3.090914e-01   9.299263e-01
         75500   8.047184e-01   4.960022e+01              0             25              0              0   1.430574e+01   3.102542e-01   9.051352e-01
         76000   8.550111e-01   3.472348e+01              0             21              0              0   1.446517e+01   3.409241e-01   9.266652e-01
         76500   8.644972e-01   3.570611e+01              0             20              0              0   1.428992e+01   3.359984e-01   9.013230e-01
         77000   8.682374e-01   3.670248e+01              0             19              0              0   1.421407e+01   3.015822e-01   9.291508e-01
         77500   9.016215e-01   2.260854e+01              0             19              0              0   1.414953e+01   3.251575e-01   9.086319e-01
         78000   9.094359e-01   2.360271e+01              0             21              0              0   1.425638e+01   3.610058e-01   9.115846e-01
         78500   9.289993e-01   2.457815e+01              0             17              0              0   1.409166e+01   3.529225e-01   8.932066e-01
         79000   9.237485e-01   2.556144e+01              0             21              0              0   1.416602e+01   3.881414e-01   8.800925e-01
         79500   9.894391e-01   1.505544e+01              0             13              0              0   1.433137e+01   3.861477e-01   9.061193e-01
         80000   9.584844e-01   1.604699e+01              0             14              0              0   1.442462e+01   3.936080e-01   8.967305e-01
         80500   9.710011e-01   1.703861e+01              0             17              0              0   1.429122e+01   3.855226e-01   8.955922e-01
         81000   9.786905e-01   1.803189e+01              0             19              0              0   1.425384e+01   4.047428e-01   9.014868e-01
         81500   9.713482e-01   1.902153e+01              0             19              0              0   1.431785e+01   3.980036e-01   9.053581e-01
         82000   9.877595e-01   1.197714e+01              0             21              0              0   1.428349e+01   3.990577e-01   9.044748e-01
         82500   9.799130e-01   2.096498e+01              0             21              0              0   1.420779e+01   3.917972e-01   8.933945e-01
         83000   9.698351e-01   2.195362e+01              0             20              0              0   1.402450e+01   3.651965e-01   8.762777e-01
         83500   9.931299e-01   1.479354e+01              0             23              0              0   1.415037e+01   3.592793e-01   8.745935e-01
         84000   9.912597e-01   2.390708e+01              0             16              0              0   1.406400e+01   3.654076e-01   8.639596e-01
         84500   9.750927e-01   2.489849e+01              0             20              0              0   1.423939e+01   3.614376e-01   9.017850e-01
         85000   9.652955e-01   2.587443e+01              0             19              0              0   1.435657e+01   3.580349e-01   8.947635e-01
         85500   9.884548e-01   1.854999e+01              0             15              0              0   1.419464e+01   3.554419e-01   8.915563e-01
         86000   9.419785e-01   2.782768e+01              0             22              0              0   1.417805e+01   3.778264e-01   8.908927e-01
         86500   9.887908e-01   2.025575e+01              0             19              0              0   1.430067e+01   3.674217e-01   8.990039e-01
         87000   9.789586e-01   2.976161e+01              0             19              0              0   1.425132e+01   3.634775e-01   8.984058e-01
         87500   1.024766e+00   2.216342e+01              0             16              0              0   1.428619e+01   3.355474e-01   9.068402e-01
         88000   1.023933e+00   2.314180e+01              0             19              0              0   1.428317e+01   3.498303e-01   9.152689e-01
         88500   1.053992e+00   1.590584e+01              0             16              0              0   1.417557e+01   3.545109e-01   9.116440e-01
         89000   1.067108e+00   1.689621e+01              0             14              0              0   1.433810e+01   3.501886e-01   9.029830e-01
         89500   1.045841e+00   2.592764e+01              0             16              0              0   1.430020e+01   3.442653e-01   9.100276e-01
         90000   1.036215e+00   2.689537e+01              0             17              0              0   1.423930e+01   3.397056e-01   9.027624e-01
         90500   1.070361e+00   1.980427e+01              0             14              0              0   1.425346e+01   3.484525e-01   9.003548e-01
         91000   1.086704e+00   2.078491e+01              0             18              0              0   1.398170e+01   3.684308e-01   8.756686e-01
         91500   1.068053e+00   2.177787e+01              0             15              0              0   1.415112e+01   3.639656e-01   8.785429e-01
         92000   1.118332e+00   1.486095e+01              0             13              0              0   1.413944e+01   3.423295e-01   8.737454e-01
         92500   1.144710e+00   1.584381e+01              0              7              0              0   1.420648e+01   3.255267e-01   8.980899e-01
         93000   1.137502e+00   1.010549e+01              0              7              0              0   1.414297e+01   3.159432e-01   8.895177e-01
         93500   1.131298e+00   1.777261e+01              0             10              0              0   1.398902e+01   3.384553e-01   8.831082e-01
         94000   1.165020e+00   1.194650e+01              0             10              0              0   1.427940e+01   3.414552e-01   8.907548e-01
         94500   1.116076e+00   1.970728e+01              0             13              0              0   1.410949e+01   3.406701e-01   8.938865e-01
         95000   1.134393e+00   2.066446e+01              0              9              0              0   1.422596e+01   3.274285e-01   8.919789e-01
         95500   1.158231e+00   2.163556e+01              0              8              0              0   1.439933e+01   3.073725e-01   9.113225e-01
         96000   1.093172e+00   2.905240e+01              0             14              0              0   1.422936e+01   3.192570e-01   9.130166e-01
         96500   1.100238e+00   3.000147e+01              0             14              0              0   1.445932e+01   3.265501e-01   9.050258e-01
         97000   1.095030e+00   3.097183e+01              0             16              0              0   1.433154e+01   3.405738e-01   9.018230e-01
         97500   1.119596e+00   2.542786e+01              0             13              0              0   1.429431e+01   3.616430e-01   8.952049e-01
         98000   1.138907e+00   2.641253e+01              0             11              0              0   1.411236e+01   3.588700e-01   8.940504e-01
         98500   1.137072e+00   2.737830e+01              0             12              0              0   1.412563e+01   3.493161e-01   8.845205e-01
         99000   1.104585e+00   2.837046e+01              0             14              0              0   1.398718e+01   3.766789e-01   8.603539e-01
         99500   1.109717e+00   2.935987e+01              0             10              0              0   1.424344e+01   3.716172e-01   8.901933e-01
        100000   1.070470e+00   3.624612e+01              0             16              0              0   1.410267e+01   3.674421e-01   8.564104e-01
        100500   1.078300e+00   3.723890e+01              0             13              0              0   1.414905e+01   3.974905e-01   8.655237e-01
        101000   1.077219e+00   3.821748e+01              0             16              0              0   1.412618e+01   3.966033e-01   8.480012e-01
        101500   1.085722e+00   3.919928e+01              0             10              0              0   1.404390e+01   3.829250e-01   8.534752e-01
        102000   1.156671e+00   2.509913e+01              0             13              0              0   1.412159e+01   4.025972e-01   8.530475e-01
        102500   1.169893e+00   2.609792e+01              0              8              0              0   1.420441e+01   3.875145e-01   8.738343e-01
        103000   1.201241e+00   1.740139e+01              0              7              0              0   1.402065e+01   3.940113e-01   8.716234e-01
        103500   1.205493e+00   1.838675e+01              0              8              0              0   1.408413e+01   3.776878e-01   8.581299e-01
        104000   1.245243e+00   1.935381e+01              0              7              0              0   1.387942e+01   3.496264e-01   8.564009e-01
        104500   1.239221e+00   2.034323e+01              0              8              0              0   1.411311e+01   3.501467e-01   8.605955e-01
        105000   1.223938e+00   2.130874e+01              0              8              0              0   1.423425e+01   3.476488e-01   8.724109e-01
        105500   1.170321e+00   3.131965e+01              0             13              0              0   1.421309e+01   3.551440e-01   8.700431e-01
        106000   1.231954e+00   1.438155e+01              0              9              0              0   1.420064e+01   3.249243e-01   8.854376e-01
        106500   1.191637e+00   3.312890e+01              0              9              0              0   1.421868e+01   3.261186e-01   8.784723e-01
        107000   1.145514e+00   4.094066e+01              0              8              0              0   1.424849e+01   3.166941e-01   8.609339e-01
        107500   1.138883e+00   4.190964e+01              0             10              0              0   1.425449e+01   3.349082e-01   8.760506e-01
        108000   1.115644e+00   4.289194e+01              0             14              0              0   1.418475e+01   3.186471e-01   8.842453e-01
        108500   1.183519e+00   3.690804e+01              0             13              0              0   1.419702e+01   3.449437e-01   8.827604e-01
        109000   1.245306e+00   1.793747e+01              0              6              0              0   1.401791e+01   3.029709e-01   8.746509e-01
        109500   1.267903e+00   1.893424e+01              0              4              0              0   1.388241e+01   3.228281e-01   8.715316e-01
        110000   1.292822e+00   1.991614e+01              0              7              0              0   1.402562e+01   3.312441e-01   8.594514e-01
        110500   1.298842e+00   1.249861e+01              0              7              0              0   1.394239e+01   3.191829e-01   8.662461e-01
        111000   1.272895e+00   2.181876e+01              0             10              0              0   1.383884e+01   2.981961e-01   8.801187e-01
        111500   1.317693e+00   1.442063e+01              0              8              0              0   1.397846e+01   2.933351e-01   8.896470e-01
        112000   1.329373e+00   1.541172e+01              0             11              0              0   1.409584e+01   2.793380e-01   8.978484e-01
        112500   1.323180e+00   1.639849e+01              0             10              0              0   1.411551e+01   2.948913e-01   8.843231e-01
        113000   1.342245e+00   1.738409e+01              0             10              0              0   1.410451e+01   2.782318e-01   9.074677e-01
        113500   1.338088e+00   1.169098e+01              0             11              0              0   1.398970e+01   2.628790e-01   9.056168e-01
        114000   1.363707e+00   1.268134e+01              0              8              0              0   1.401735e+01   2.699863e-01   9.262707e-01
        114500   1.374504e+00   1.367864e+01              0             11              0              0   1.420013e+01   3.295959e-01   8.985579e-01
        115000   1.367036e+00   1.467310e+01              0             11              0              0   1.402655e+01   3.427336e-01   8.921610e-01
        115500   1.392254e+00   1.561490e+01              0              9              0              0   1.413000e+01   3.181431e-01   8.823636e-01
        116000   1.400606e+00   1.107549e+01              0             10              0              0   1.386249e+01   3.078446e-01   8.888017e-01
        116500   1.428362e+00   1.204001e+01              0             12              0              0   1.389027e+01   3.650587e-01   8.815112e-01
        117000   1.399710e+00   1.301679e+01              0             12              0              0   1.393610e+01   3.794251e-01   8.628323e-01
        117500   1.367271e+00   1.928442e+01              0             11              0              0   1.392557e+01   3.512267e-01   8.837035e-01
        118000   1.401762e+00   1.484064e+01              0             10              0              0   1.395723e+01   3.541082e-01   9.033171e-01
        118500   1.441239e+00   1.577757e+01              0              9              0              0   1.408287e+01   3.706675e-01   8.798208e-01
        119000   1.423947e+00   1.676709e+01              0             12              0              0   1.377380e+01   3.528240e-01   8.782562e-01
        119500   1.440970e+00   1.774969e+01              0             10              0              0   1.393848e+01   3.753247e-01   8.848740e-01
        120000   1.537254e+00   8.076614e+00              0              8              0              0   1.404638e+01   3.827563e-01   8.641641e-01
        120500   1.511672e+00   9.049708e+00              0             11              0              0   1.405427e+01   3.489702e-01   8.994005e-01
        121000   1.570054e+00   5.987211e+00              0              7              0              0   1.419237e+01   3.539097e-01   8.909844e-01
        121500   1.567301e+00   6.978745e+00              0              8              0              0   1.431680e+01   3.682210e-01   9.069543e-01
        122000   1.568024e+00   7.975008e+00              0              8              0              0   1.412717e+01   3.487313e-01   8.794807e-01
        122500   1.531411e+00   8.948427e+00              0              8              0              0   1.426135e+01   3.093630e-01   9.245279e-01
        123000   1.542219e+00   9.854672e+00              0              9              0              0   1.422456e+01   3.183321e-01   9.307108e-01
        123500   1.549226e+00   1.081000e+01              0              8              0              0   1.422870e+01   3.243945e-01   9.237738e-01
        124000   1.515302e+00   1.561305e+01              0              8              0              0   1.412051e+01   2.959906e-01   9.156673e-01
        124500   1.535935e+00   1.659309e+01              0              8              0              0   1.430592e+01   3.039786e-01   9.230949e-01
        125000   1.541496e+00   1.357016e+01              0              9              0              0   1.424898e+01   3.236265e-01   9.144270e-01
        125500   1.547692e+00   1.452176e+01              0              7              0              0   1.421279e+01   3.115638e-01   8.963130e-01
        126000   1.535698e+00   1.548905e+01              0              8              0              0   1.405889e+01   3.235129e-01   8.790882e-01
        126500   1.544182e+00   1.638774e+01              0              7              0              0   1.395317e+01   3.235713e-01   8.863137e-01
        127000   1.503395e+00   2.145144e+01              0             10              0              0   1.425340e+01   3.451275e-01   8.958719e-01
        127500   1.533013e+00   2.244096e+01              0              9              0              0   1.427222e+01   3.547083e-01   8.944430e-01
        128000   1.545182e+00   2.343073e+01              0              7              0              0   1.404201e+01   3.315500e-01   8.916599e-01
        128500   1.519091e+00   2.442272e+01              0              9              0              0   1.410488e+01   3.354023e-01   9.144762e-01
        129000   1.576932e+00   2.083487e+01              0             10              0              0   1.403295e+01   3.649083e-01   9.105670e-01
        129500   1.599002e+00   1.544032e+01              0              7              0              0   1.402217e+01   3.468310e-01   9.231689e-01
        130000   1.624338e+00   1.640969e+01              0              9              0              0   1.409673e+01   3.379982e-01   9.039224e-01
        130500   1.597189e+00   2.364961e+01              0              9              0              0   1.412369e+01   3.504966e-01   9.113384e-01
        131000   1.615927e+00   1.839008e+01              0             10              0              0   1.411410e+01   3.536766e-01   9.027429e-01
        131500   1.551785e+00   2.552226e+01              0             13              0              0   1.403143e+01   3.742235e-01   8.833071e-01
        132000   1.535166e+00   2.988907e+01              0              7              0              0   1.404781e+01   3.569358e-01   8.730913e-01
        132500   1.517320e+00   3.088333e+01              0              7              0              0   1.397192e+01   3.515803e-01   8.639040e-01
        133000   1.546638e+00   2.829476e+01              0              6              0              0   1.405683e+01   3.826717e-01   8.646492e-01
        133500   1.500800e+00   3.276109e+01              0              9              0              0   1.383210e+01   3.708178e-01   8.547931e-01
        134000   1.536900e+00   3.380673e+01              0              7              0              0   1.410177e+01   3.598370e-01   8.790043e-01
        134500   1.564589e+00   3.098798e+01              0             13              0              0   1.403407e+01   3.875936e-01   8.681999e-01
        135000   1.603061e+00   2.423073e+01              0             12              0              0   1.401450e+01   3.970385e-01   8.743693e-01
        135500   1.616807e+00   2.522242e+01              0             12              0              0   1.399640e+01   3.915392e-01   8.852992e-01
        136000   1.601498e+00   3.378425e+01              0             13              0              0   1.386085e+01   3.567294e-01   8.858387e-01
        136500   1.631636e+00   2.720781e+01              0             16              0              0   1.408692e+01   3.642715e-01   9.212792e-01
        137000   1.615138e+00   2.820182e+01              0             13              0              0   1.396995e+01   3.689138e-01   8.982276e-01
        137500   1.629463e+00   2.919186e+01              0             12              0              0   1.398013e+01   3.608069e-01   8.985193e-01
        138000   1.676727e+00   2.051521e+01              0             15              0              0   1.388030e+01   3.512638e-01   9.113797e-01
        138500   1.728376e+00   1.257846e+01              0             12              0              0   1.399966e+01   3.408449e-01   9.180997e-01
        139000   1.736042e+00   1.355576e+01              0             14              0              0   1.409995e+01   3.397372e-01   9.256247e-01
        139500   1.734198e+00   1.453544e+01              0             12              0              0   1.389944e+01   3.185168e-01   9.341854e-01
        140000   1.712572e+00   1.552322e+01              0             11              0              0   1.385221e+01   3.108341e-01   9.259367e-01
        140500   1.730986e+00   1.651278e+01              0             11              0              0   1.407232e+01   3.197175e-01   9.394718e-01
        141000   1.713590e+00   1.750763e+01              0             12              0              0   1.413073e+01   3.106845e-01   9.413019e-01
        141500   1.692491e+00   1.846377e+01              0             12              0              0   1.413901e+01   3.015082e-01   9.295818e-01
        142000   1.718398e+00   1.943619e+01              0             11              0              0   1.431832e+01   3.194066e-01   9.225399e-01
        142500   1.717507e+00   2.041034e+01              0              9              0              0   1.401276e+01   3.290407e-01   9.238307e-01
        143000   1.760984e+00   1.415864e+01              0             10              0              0   1.422098e+01   3.407516e-01   9.068877e-01
        143500   1.780404e+00   1.515163e+01              0             11              0              0   1.395515e+01   3.250439e-01   9.081149e-01
        144000   1.770439e+00   1.615007e+01              0             13              0              0   1.405759e+01   3.677103e-01   9.011633e-01
        144500   1.760326e+00   1.713116e+01              0             10              0              0   1.411910e+01   3.713448e-01   9.113320e-01
        145000   1.788433e+00   1.811551e+01              0             11              0              0   1.365890e+01   3.820928e-01   8.578579e-01
        145500   1.794128e+00   1.274766e+01              0              9              0              0   1.397151e+01   3.576467e-01   8.908841e-01
        146000   1.783642e+00   2.004354e+01              0              9              0              0   1.366010e+01   3.573557e-01   8.804006e-01
        146500   1.766022e+00   2.103881e+01              0              9              0              0   1.378800e+01   3.546279e-01   8.834072e-01
        147000   1.776315e+00   2.202621e+01              0              6              0              0   1.388534e+01   3.529869e-01   8.958511e-01
        147500   1.830636e+00   1.644039e+01              0              8              0              0   1.379285e+01   3.582572e-01   8.811635e-01
        148000   1.850863e+00   1.106328e+01              0              5              0              0   1.399248e+01   3.830082e-01   8.883588e-01
        148500   1.864675e+00   1.204744e+01              0              6              0              0   1.403505e+01   3.623904e-01   8.963005e-01
        149000   1.853860e+00   1.303352e+01              0              7              0              0   1.385535e+01   3.709837e-01   8.890772e-01
        149500   1.891441e+00   8.422141e+00              0              7              0              0   1.396813e+01   3.604092e-01   8.937667e-01
        150000   1.869620e+00   1.501895e+01              0              9              0              0   1.390738e+01   3.919814e-01   8.914200e-01
        150500   1.880617e+00   1.600990e+01              0              6              0              0   1.382365e+01   3.941080e-01   8.764013e-01
        151000   1.882373e+00   1.699755e+01              0              3              0              0   1.406313e+01   3.885256e-01   8.786751e-01
        151500   1.957781e+00   7.103503e+00              0              6              0              0   1.392893e+01   4.018048e-01   8.874823e-01
        152000   1.914821e+00   1.308872e+01              0              5              0              0   1.392734e+01   3.753355e-01   8.793376e-01
        152500   1.942789e+00   1.407708e+01              0              6              0              0   1.399479e+01   3.683096e-01   9.017867e-01
        153000   1.953292e+00   1.503350e+01              0              5              0              0   1.402179e+01   3.509616e-01   9.160001e-01
        153500   1.947523e+00   1.600792e+01              0              2              0              0   1.400747e+01   3.403957e-01   8.982458e-01
        154000   1.999890e+00   1.186078e+01              0              0              0              0   1.389320e+01   3.426007e-01   8.810151e-01
        154500   2.034331e+00   8.324942e+00              0              2              0              0   1.408761e+01   3.426179e-01   8.795385e-01
        155000   2.092630e+00   5.769058e+00              0              2              0              0   1.383785e+01   3.230564e-01   8.859458e-01
        155500   2.034965e+00   1.008914e+01              0              1              0              0   1.383631e+01   3.135508e-01   8.955438e-01
        156000   2.028960e+00   1.108409e+01              0              1              0              0   1.408044e+01   3.151519e-01   8.949550e-01
        156500   2.059007e+00   8.538101e+00              0              1              0              0   1.404772e+01   3.350696e-01   8.910713e-01
        157000   2.099467e+00   9.525864e+00              0              1              0              0   1.392337e+01   3.186724e-01   9.037137e-01
        157500   2.120993e+00   7.272333e+00              0              3              0              0   1.381205e+01   3.050498e-01   8.962201e-01
        158000   2.154099e+00   5.356701e+00              0              1              0              0   1.409702e+01   3.386077e-01   9.086002e-01
        158500   2.169269e+00   6.337815e+00              0              2              0              0   1.383696e+01   2.879264e-01   8.943821e-01
        159000   2.167906e+00   7.332837e+00              0              2              0              0   1.402334e+01   3.165711e-01   9.001921e-01
        159500   2.166918e+00   8.305564e+00              0              3              0              0   1.397788e+01   3.394143e-01   8.900941e-01
        160000   2.212181e+00   6.406156e+00              0              2              0              0   1.407408e+01   3.255703e-01   8.874352e-01
        160500   2.148812e+00   1.024411e+01              0              3              0              0   1.377748e+01   3.449801e-01   9.004275e-01
        161000   2.130771e+00   1.354217e+01              0              3              0              0   1.382571e+01   3.296086e-01   8.956762e-01
        161500   2.127943e+00   1.453251e+01              0              2              0              0   1.409227e+01   3.170708e-01   9.208586e-01
        162000   2.225450e+00   9.427049e+00              0              1              0              0   1.388060e+01   3.135825e-01   9.047443e-01
        162500   2.251745e+00   1.041951e+01              0              2              0              0   1.395997e+01   3.018224e-01   9.145486e-01
        163000   2.265249e+00   7.630246e+00              0              2              0              0   1.389230e+01   2.915438e-01   9.124350e-01
        163500   2.303804e+00   5.237796e+00              0              3              0              0   1.390987e+01   2.605098e-01   9.102355e-01
        164000   2.298383e+00   9.571271e+00              0              3              0              0   1.374882e+01   2.815053e-01   9.035530e-01
        164500   2.316807e+00   7.188449e+00              0              2              0              0   1.384455e+01   2.992811e-01   9.134939e-01
        165000   2.332094e+00   8.177052e+00              0              2              0              0   1.395789e+01   2.998998e-01   9.127089e-01
        165500   2.314217e+00   9.164022e+00              0              1              0              0   1.394405e+01   2.901512e-01   9.004323e-01
        166000   2.338784e+00   6.942271e+00              0              2              0              0   1.404719e+01   2.754808e-01   9.197617e-01
        166500   2.279437e+00   1.404510e+01              0              1              0              0   1.410043e+01   2.771347e-01   9.298910e-01
        167000   2.327899e+00   1.205424e+01              0              1              0              0   1.407140e+01   2.793067e-01   9.085741e-01
        167500   2.344025e+00   9.397241e+00              0              2              0              0   1.399383e+01   2.645233e-01   8.958290e-01
        168000   2.281500e+00   1.669256e+01              0              3              0              0   1.407042e+01   2.603479e-01   9.103460e-01
        168500   2.244146e+00   1.767110e+01              0              2              0              0   1.412520e+01   2.626675e-01   9.248187e-01
        169000   2.219454e+00   1.997774e+01              0              2              0              0   1.393905e+01   2.604747e-01   8.987777e-01
        169500   2.221498e+00   2.096949e+01              0              2              0              0   1.394259e+01   2.551149e-01   9.207623e-01
        170000   2.291553e+00   2.040986e+01              0              3              0              0   1.419881e+01   2.703958e-01   9.234120e-01
        170500   2.334519e+00   1.791158e+01              0              2              0              0   1.406757e+01   2.461387e-01   9.057737e-01
        171000   2.372382e+00   1.382111e+01              0              3              0              0   1.398567e+01   2.465267e-01   9.147093e-01
        171500   2.369344e+00   1.481437e+01              0              2              0              0   1.427224e+01   2.632435e-01   9.145815e-01
        172000   2.443632e+00   5.708056e+00              0              2              0              0   1.407753e+01   2.700756e-01   9.314864e-01
        172500   2.425258e+00   1.128458e+01              0              3              0              0   1.404625e+01   2.671457e-01   9.298499e-01
        173000   2.387536e+00   1.734475e+01              0              2              0              0   1.416516e+01   2.788000e-01   9.372380e-01
        173500   2.365826e+00   1.833833e+01              0              1              0              0   1.414233e+01   2.711520e-01   9.146060e-01
        174000   2.405028e+00   1.402529e+01              0              2              0              0   1.402351e+01   2.650871e-01   9.009232e-01
        174500   2.401545e+00   2.025159e+01              0              2              0              0   1.417894e+01   2.999241e-01   9.155729e-01
        175000   2.379312e+00   2.120458e+01              0              1              0              0   1.427348e+01   3.060093e-01   9.280892e-01
        175500   2.407731e+00   1.689783e+01              0              2              0              0   1.405007e+01   2.753231e-01   9.141776e-01
        176000   2.444050e+00   1.193064e+01              0              3              0              0   1.425456e+01   2.654951e-01   9.245578e-01
        176500   2.457011e+00   1.290272e+01              0              2              0              0   1.409188e+01   2.654997e-01   9.179502e-01
        177000   2.480682e+00   8.391329e+00              0              2              0              0   1.389312e+01   2.736887e-01   8.990709e-01
        177500   2.499897e+00   9.350356e+00              0              1              0              0   1.421208e+01   2.880615e-01   8.880943e-01
