          step              r      E_metad_r      n_cont_CA   n_cont_heavy       n_saltbr        n_hbond           SASA           RMSD             Rg 
             0   5.003349e-01   0.000000e+00              0             41              0              1   1.410860e+01   0.000000e+00   9.096300e-01
           500   4.935115e-01   9.594845e-01              0             43              0              1   1.424617e+01   6.157508e-02   9.161813e-01
          1000   4.868826e-01   1.950251e+00              0             44              0              1   1.430147e+01   6.894743e-02   9.171693e-01
          1500   4.934857e-01   2.939656e+00              0             44              0              1   1.434913e+01   8.150122e-02   9.324721e-01
          2000   5.003295e-01   3.767150e+00              0             46              0              1   1.435549e+01   9.062292e-02   9.247879e-01
          2500   4.967452e-01   4.878954e+00              0             43              0              1   1.422181e+01   1.024305e-01   8.945453e-01
          3000   5.122434e-01   5.701359e+00              0             43              0              1   1.415856e+01   7.561479e-02   9.112353e-01
          3500   5.124009e-01   6.678704e+00              0             41              0              1   1.427793e+01   7.204681e-02   9.167940e-01
          4000   4.899962e-01   7.658535e+00              0             43              0              1   1.444128e+01   8.026779e-02   9.271623e-01
          4500   5.012802e-01   8.698270e+00              0             42              0              0   1.431967e+01   7.607026e-02   9.032698e-01
          5000   4.934270e-01   9.679778e+00              0             43              0              1   1.433137e+01   8.661301e-02   9.122790e-01
          5500   5.083911e-01   1.053231e+01              0             37              0              1   1.429712e+01   9.735467e-02   8.994090e-01
          6000   4.951563e-01   1.161775e+01              0             41              0              1   1.417961e+01   1.224071e-01   9.042688e-01
          6500   4.752610e-01   1.260788e+01              0             45              0              1   1.433674e+01   1.116209e-01   9.148863e-01
          7000   4.686636e-01   1.359675e+01              0             44              0              1   1.428202e+01   1.147344e-01   9.078048e-01
          7500   4.539415e-01   1.458737e+01              0             46              0              1   1.426586e+01   1.017100e-01   9.201408e-01
          8000   4.711427e-01   1.558134e+01              0             43              0              1   1.404980e+01   9.194451e-02   9.151348e-01
          8500   4.717408e-01   1.657594e+01              0             39              0              1   1.421683e+01   1.221458e-01   9.380894e-01
          9000   4.738392e-01   1.756292e+01              0             37              0              1   1.418131e+01   1.044912e-01   9.211043e-01
          9500   4.808213e-01   1.854322e+01              0             43              0              1   1.416021e+01   9.225170e-02   9.165448e-01
         10000   4.539476e-01   1.953221e+01              0             44              0              1   1.426139e+01   8.909940e-02   9.226648e-01
         10500   4.757540e-01   2.052337e+01              0             39              0              1   1.429770e+01   1.026506e-01   9.053531e-01
         11000   4.683885e-01   2.151242e+01              0             41              0              0   1.422918e+01   1.004104e-01   9.132186e-01
         11500   4.545596e-01   1.910000e+01              0             45              0              1   1.431572e+01   1.012553e-01   9.138798e-01
         12000   4.634503e-01   2.348949e+01              0             48              0              1   1.402601e+01   1.077720e-01   9.005608e-01
         12500   4.822670e-01   2.448189e+01              0             42              0              1   1.411499e+01   1.015114e-01   9.091139e-01
         13000   4.775933e-01   2.547407e+01              0             45              0              1   1.415117e+01   1.153185e-01   9.455504e-01
         13500   4.729664e-01   2.646578e+01              0             43              0              1   1.421613e+01   1.027409e-01   9.294878e-01
         14000   4.977210e-01   2.524886e+01              0             40              0              1   1.430312e+01   1.183312e-01   9.332240e-01
         14500   5.112730e-01   2.620204e+01              0             40              0              1   1.440303e+01   9.690411e-02   9.291583e-01
         15000   4.910257e-01   2.938584e+01              0             40              0              1   1.423456e+01   1.086850e-01   9.405901e-01
         15500   4.875140e-01   3.034705e+01              0             40              0              1   1.424578e+01   1.157784e-01   9.365425e-01
         16000   4.961894e-01   3.133050e+01              0             39              0              1   1.421588e+01   1.164396e-01   9.252290e-01
         16500   4.887587e-01   3.229089e+01              0             38              0              1   1.421791e+01   1.008195e-01   9.122080e-01
         17000   5.075705e-01   3.093761e+01              0             40              0              1   1.411203e+01   1.014524e-01   8.990432e-01
         17500   4.858378e-01   3.424737e+01              0             38              0              1   1.424292e+01   1.087912e-01   8.985662e-01
         18000   4.932487e-01   3.522022e+01              0             39              0              1   1.427093e+01   1.041896e-01   9.179278e-01
         18500   4.858559e-01   3.621697e+01              0             37              0              1   1.416935e+01   1.038667e-01   9.212982e-01
         19000   5.156534e-01   3.713314e+01              0             38              0              1   1.424240e+01   9.500023e-02   9.176700e-01
         19500   5.066646e-01   3.804180e+01              0             38              0              1   1.433010e+01   1.033138e-01   8.956738e-01
         20000   5.246096e-01   3.661898e+01              0             36              0              1   1.417796e+01   8.889759e-02   9.132289e-01
         20500   5.488558e-01   2.806137e+01              0             36              0              1   1.424651e+01   1.254476e-01   9.044708e-01
         21000   5.523570e-01   2.905263e+01              0             31              0              1   1.436578e+01   1.336797e-01   9.069115e-01
         21500   6.017384e-01   1.831908e+01              0             25              0              1   1.429882e+01   1.421759e-01   9.126419e-01
         22000   5.656345e-01   3.098730e+01              0             31              0              1   1.428050e+01   1.536010e-01   9.125718e-01
         22500   5.665070e-01   3.198458e+01              0             32              0              1   1.433374e+01   1.348266e-01   8.951038e-01
         23000   5.331852e-01   4.188952e+01              0             34              0              1   1.425432e+01   1.157962e-01   9.170195e-01
         23500   5.246153e-01   4.288678e+01              0             29              0              1   1.433619e+01   1.186777e-01   8.903093e-01
         24000   5.206545e-01   4.388363e+01              0             36              0              1   1.407944e+01   1.204159e-01   8.899243e-01
         24500   5.305682e-01   4.488115e+01              0             36              0              1   1.409861e+01   1.181277e-01   8.850490e-01
         25000   5.715068e-01   3.660904e+01              0             26              0              1   1.428249e+01   1.127506e-01   9.079999e-01
         25500   5.533576e-01   3.758020e+01              0             33              0              1   1.434699e+01   1.392103e-01   9.121991e-01
         26000   5.226812e-01   4.768530e+01              0             34              0              1   1.408861e+01   1.315326e-01   8.842173e-01
         26500   5.343005e-01   4.867034e+01              0             32              0              1   1.421997e+01   1.283601e-01   8.962151e-01
         27000   5.251134e-01   4.966211e+01              0             32              0              1   1.425099e+01   1.126674e-01   9.228581e-01
         27500   5.275982e-01   4.117462e+01              0             38              0              1   1.425956e+01   1.147326e-01   9.291471e-01
         28000   5.298922e-01   5.160377e+01              0             36              0              1   1.426201e+01   1.186018e-01   9.089399e-01
         28500   5.447577e-01   4.309861e+01              0             39              0              1   1.406585e+01   1.183298e-01   9.041223e-01
         29000   5.518172e-01   4.408068e+01              0             35              0              1   1.422914e+01   1.074998e-01   9.051389e-01
         29500   5.335159e-01   5.440777e+01              0             38              0              1   1.420350e+01   1.175288e-01   9.129639e-01
         30000   5.534038e-01   4.601059e+01              0             36              0              1   1.424795e+01   1.226812e-01   9.153218e-01
         30500   5.402884e-01   5.628698e+01              0             31              0              1   1.432365e+01   9.853607e-02   9.304044e-01
         31000   5.058424e-01   5.511201e+01              0             39              0              1   1.426707e+01   1.142935e-01   8.892474e-01
         31500   5.467281e-01   4.882162e+01              0             36              0              1   1.409296e+01   1.284356e-01   9.068884e-01
         32000   5.782765e-01   4.979160e+01              0             32              0              1   1.411034e+01   1.316630e-01   8.997986e-01
         32500   5.770383e-01   5.077634e+01              0             27              0              1   1.419926e+01   1.333297e-01   8.899497e-01
         33000   5.962296e-01   3.575601e+01              0             28              0              1   1.428554e+01   1.406510e-01   9.065776e-01
         33500   5.907361e-01   3.672521e+01              0             31              0              0   1.431815e+01   1.383012e-01   8.991582e-01
         34000   5.921410e-01   3.768727e+01              0             30              0              1   1.429980e+01   1.354038e-01   9.199183e-01
         34500   5.905370e-01   3.866374e+01              0             32              0              1   1.417726e+01   1.423278e-01   9.019749e-01
         35000   6.042719e-01   3.964719e+01              0             28              0              0   1.399263e+01   1.375906e-01   8.988185e-01
         35500   6.057494e-01   4.064397e+01              0             31              0              1   1.396938e+01   1.237887e-01   9.122241e-01
         36000   6.067294e-01   4.163170e+01              0             30              0              0   1.413670e+01   1.268525e-01   9.032558e-01
         36500   5.915821e-01   4.260452e+01              0             31              0              1   1.383971e+01   1.038345e-01   8.717440e-01
         37000   6.087448e-01   4.355879e+01              0             31              0              0   1.393672e+01   1.158813e-01   8.818093e-01
         37500   5.880870e-01   6.013016e+01              0             34              0              1   1.422420e+01   1.378122e-01   8.967089e-01
         38000   6.069889e-01   4.553385e+01              0             28              0              1   1.410308e+01   1.370048e-01   8.876355e-01
         38500   6.244920e-01   4.651866e+01              0             32              0              0   1.395302e+01   1.561520e-01   8.983707e-01
         39000   6.405541e-01   4.750705e+01              0             26              0              1   1.403335e+01   1.695136e-01   9.000517e-01
         39500   6.300739e-01   4.846592e+01              0             31              0              1   1.401509e+01   2.228539e-01   8.961181e-01
         40000   6.823377e-01   1.732914e+01              0             27              0              1   1.410678e+01   2.069258e-01   9.179255e-01
         40500   6.947569e-01   1.830543e+01              0             18              0              1   1.401999e+01   2.139346e-01   9.226715e-01
         41000   7.159774e-01   1.928528e+01              0             21              0              1   1.409952e+01   2.252618e-01   9.124404e-01
         41500   7.054902e-01   2.028117e+01              0             23              0              1   1.397879e+01   2.157376e-01   9.259876e-01
         42000   7.220077e-01   2.127144e+01              0             24              0              1   1.403407e+01   2.591596e-01   8.892348e-01
         42500   7.329490e-01   2.223908e+01              0             24              0              1   1.387224e+01   2.526457e-01   8.686077e-01
         43000   7.070658e-01   2.322621e+01              0             29              0              1   1.398252e+01   2.962928e-01   8.652639e-01
         43500   7.385421e-01   2.421623e+01              0             24              0              0   1.385920e+01   2.797133e-01   8.431405e-01
         44000   7.024804e-01   2.518499e+01              0             29              0              1   1.401367e+01   2.756053e-01   8.760539e-01
         44500   6.966622e-01   2.613781e+01              0             27              0              1   1.402176e+01   2.448146e-01   8.811251e-01
         45000   7.203089e-01   2.712513e+01              0             22              0              1   1.404336e+01   2.331354e-01   8.976988e-01
         45500   6.989758e-01   4.164844e+01              0             25              0              1   1.417317e+01   2.112264e-01   9.170933e-01
         46000   6.675827e-01   4.260202e+01              0             33              0              1   1.405334e+01   2.173307e-01   8.959648e-01
         46500   6.900115e-01   4.358418e+01              0             29              0              1   1.418121e+01   1.932136e-01   9.112473e-01
         47000   6.701944e-01   4.455988e+01              0             33              0              1   1.425077e+01   2.025726e-01   9.392768e-01
         47500   6.557159e-01   4.555114e+01              0             30              0              1   1.415681e+01   1.904275e-01   9.113734e-01
         48000   6.546368e-01   4.654228e+01              0             32              0              1   1.433331e+01   2.165841e-01   9.344245e-01
         48500   6.696752e-01   4.753264e+01              0             30              0              1   1.454131e+01   2.098350e-01   9.213360e-01
         49000   7.127046e-01   3.450128e+01              0             24              0              0   1.432782e+01   1.991169e-01   9.480384e-01
         49500   6.953943e-01   4.942374e+01              0             30              0              1   1.432936e+01   2.166531e-01   9.352659e-01
         50000   7.056986e-01   3.646572e+01              0             28              0              1   1.412400e+01   2.101453e-01   9.362064e-01
         50500   7.091258e-01   3.746013e+01              0             33              0              1   1.426172e+01   2.277602e-01   9.360288e-01
         51000   7.216902e-01   3.844910e+01              0             31              0              1   1.427026e+01   2.329383e-01   9.404413e-01
         51500   7.084241e-01   3.944275e+01              0             37              0              1   1.415142e+01   2.619158e-01   9.163060e-01
         52000   7.200134e-01   4.042666e+01              0             34              0              1   1.409691e+01   2.476850e-01   8.984780e-01
         52500   7.010682e-01   4.142328e+01              0             37              0              1   1.414377e+01   2.630833e-01   8.895099e-01
         53000   6.958650e-01   5.556450e+01              0             35              0              0   1.419222e+01   2.648650e-01   8.797345e-01
         53500   7.083586e-01   4.337059e+01              0             33              0              1   1.428474e+01   2.785880e-01   8.975489e-01
         54000   7.520502e-01   3.057430e+01              0             34              0              1   1.409858e+01   2.799924e-01   8.959177e-01
         54500   7.549149e-01   3.153689e+01              0             30              0              1   1.416789e+01   2.568287e-01   8.942384e-01
         55000   8.129634e-01   1.977716e+01              0             31              0              1   1.433048e+01   2.782040e-01   9.119560e-01
         55500   7.872154e-01   2.076215e+01              0             28              0              1   1.429053e+01   2.514513e-01   9.229722e-01
         56000   7.908449e-01   3.434329e+01              0             29              0              1   1.437259e+01   2.466885e-01   9.215308e-01
         56500   8.232232e-01   2.272060e+01              0             27              0              1   1.433367e+01   2.370625e-01   9.451902e-01
         57000   8.151943e-01   2.369531e+01              0             28              0              1   1.429602e+01   2.600265e-01   9.270313e-01
         57500   8.359465e-01   2.468491e+01              0             22              0              0   1.413931e+01   2.257430e-01   8.897569e-01
         58000   8.102108e-01   2.567613e+01              0             25              0              1   1.429773e+01   2.391320e-01   8.988885e-01
         58500   8.270170e-01   2.667181e+01              0             26              0              1   1.438410e+01   2.563947e-01   9.139591e-01
         59000   8.329900e-01   1.707466e+01              0             24              0              1   1.433649e+01   2.443454e-01   9.042265e-01
         59500   8.655434e-01   1.805303e+01              0             19              0              1   1.422362e+01   2.852499e-01   9.214195e-01
         60000   8.862784e-01   1.904404e+01              0             25              0              1   1.428979e+01   2.563784e-01   9.190339e-01
         60500   8.766230e-01   2.003645e+01              0             26              0              1   1.413087e+01   2.361119e-01   9.043287e-01
         61000   9.021899e-01   2.100835e+01              0             23              0              0   1.426969e+01   2.627028e-01   8.960991e-01
         61500   8.924531e-01   2.198142e+01              0             27              0              1   1.426496e+01   2.902909e-01   8.959376e-01
         62000   9.280672e-01   1.463551e+01              0             23              0              0   1.421792e+01   2.649769e-01   9.083768e-01
         62500   8.895033e-01   1.561555e+01              0             23              0              1   1.416198e+01   2.639227e-01   9.123040e-01
         63000   8.870149e-01   1.658402e+01              0             25              0              1   1.427721e+01   2.701866e-01   8.996685e-01
         63500   9.108161e-01   1.756729e+01              0             22              0              1   1.430250e+01   2.875678e-01   8.769128e-01
         64000   9.249753e-01   1.854336e+01              0             22              0              1   1.408963e+01   2.950081e-01   8.630989e-01
         64500   9.516360e-01   1.951252e+01              0             21              0              1   1.419135e+01   2.944933e-01   8.758898e-01
         65000   9.204460e-01   2.050291e+01              0             23              0              1   1.405938e+01   2.816899e-01   8.536508e-01
         65500   9.260482e-01   2.149351e+01              0             26              0              1   1.423973e+01   2.856695e-01   8.633859e-01
         66000   9.492939e-01   1.515015e+01              0             19              0              1   1.409885e+01   2.666461e-01   8.719625e-01
         66500   9.413857e-01   2.340764e+01              0             22              0              1   1.429076e+01   2.614384e-01   8.961744e-01
         67000   9.712422e-01   1.710324e+01              0             21              0              1   1.411740e+01   2.743724e-01   8.805988e-01
         67500   9.592966e-01   1.809351e+01              0             21              0              1   1.423947e+01   3.068399e-01   8.732699e-01
         68000   9.618680e-01   1.908734e+01              0             20              0              0   1.433849e+01   3.162934e-01   8.792439e-01
         68500   9.562462e-01   2.006302e+01              0             22              0              1   1.433300e+01   3.203077e-01   8.777119e-01
         69000   9.813200e-01   2.105902e+01              0             19              0              0   1.426254e+01   3.167766e-01   8.627247e-01
         69500   9.725558e-01   2.204460e+01              0             21              0              1   1.431811e+01   3.086179e-01   8.706887e-01
         70000   9.703458e-01   2.303571e+01              0             23              0              1   1.417193e+01   2.715441e-01   8.902368e-01
         70500   9.708241e-01   2.403084e+01              0             22              0              0   1.423212e+01   3.157592e-01   8.720376e-01
         71000   9.594008e-01   2.502355e+01              0             21              0              1   1.412325e+01   2.836378e-01   9.045196e-01
         71500   9.711871e-01   2.602114e+01              0             19              0              1   1.429285e+01   2.794061e-01   9.051450e-01
         72000   9.351607e-01   3.324625e+01              0             20              0              1   1.410115e+01   2.648908e-01   8.849828e-01
         72500   9.693808e-01   2.794765e+01              0             18              0              0   1.411407e+01   2.648364e-01   8.796605e-01
         73000   9.732344e-01   2.894672e+01              0             18              0              0   1.395871e+01   2.854053e-01   8.713760e-01
         73500   9.462910e-01   3.599320e+01              0             19              0              1   1.398927e+01   2.786112e-01   8.809692e-01
         74000   9.340374e-01   3.695072e+01              0             20              0              1   1.393993e+01   2.734102e-01   8.792440e-01
         74500   9.257205e-01   3.794015e+01              0             23              0              1   1.417173e+01   2.786664e-01   8.850624e-01
         75000   9.210467e-01   3.893239e+01              0             24              0              1   1.413031e+01   2.571608e-01   8.935914e-01
         75500   9.494387e-01   3.990636e+01              0             21              0              1   1.419556e+01   2.464014e-01   9.006935e-01
         76000   9.512569e-01   4.082108e+01              0             19              0              1   1.408926e+01   2.495977e-01   8.976663e-01
         76500   9.972965e-01   3.560523e+01              0             18              0              0   1.410130e+01   2.279887e-01   8.926601e-01
         77000   1.041496e+00   2.691038e+01              0             17              0              1   1.399272e+01   2.225334e-01   9.006783e-01
         77500   1.078032e+00   1.742857e+01              0             18              0              0   1.409084e+01   2.237882e-01   9.236263e-01
         78000   1.091446e+00   1.839496e+01              0             16              0              0   1.409269e+01   2.489304e-01   9.332483e-01
         78500   1.120186e+00   1.097520e+01              0             14              0              0   1.403293e+01   2.191979e-01   9.302840e-01
         79000   1.156329e+00   6.395368e+00              0             12              0              0   1.406584e+01   2.030619e-01   9.320494e-01
         79500   1.159115e+00   7.388123e+00              0             15              0              0   1.433216e+01   2.191070e-01   9.317209e-01
         80000   1.171257e+00   8.383112e+00              0             16              0              0   1.421345e+01   2.366610e-01   9.456860e-01
         80500   1.175049e+00   9.381278e+00              0             16              0              0   1.442874e+01   2.036062e-01   9.445575e-01
         81000   1.193310e+00   1.037322e+01              0             13              0              0   1.420528e+01   2.235774e-01   9.243791e-01
         81500   1.189937e+00   1.132224e+01              0             16              0              0   1.423246e+01   2.311336e-01   9.138750e-01
         82000   1.124009e+00   1.703791e+01              0             19              0              0   1.402631e+01   2.222189e-01   9.093393e-01
         82500   1.127852e+00   1.802837e+01              0             20              0              0   1.435932e+01   2.463150e-01   9.214890e-01
         83000   1.121486e+00   1.902711e+01              0             20              0              0   1.413536e+01   2.225372e-01   9.227147e-01
         83500   1.113890e+00   2.002174e+01              0             19              0              0   1.426775e+01   2.362072e-01   9.280409e-01
         84000   1.111271e+00   2.101117e+01              0             18              0              0   1.427945e+01   2.514429e-01   9.267689e-01
         84500   1.092416e+00   2.199670e+01              0             22              0              1   1.418176e+01   2.321169e-01   9.182481e-01
         85000   1.089848e+00   2.897282e+01              0             18              0              0   1.418300e+01   2.231143e-01   9.177460e-01
         85500   1.082520e+00   2.996851e+01              0             20              0              0   1.436377e+01   2.479358e-01   9.044428e-01
         86000   1.089506e+00   3.094628e+01              0             19              0              0   1.420514e+01   2.647775e-01   9.108373e-01
         86500   1.111734e+00   2.572286e+01              0             15              0              0   1.446573e+01   2.329906e-01   9.531038e-01
         87000   1.106939e+00   2.671697e+01              0             18              0              1   1.445941e+01   2.368651e-01   9.421647e-01
         87500   1.085274e+00   3.379969e+01              0             19              0              0   1.435322e+01   2.634135e-01   9.265843e-01
         88000   1.091313e+00   3.476675e+01              0             15              0              0   1.430770e+01   2.474639e-01   9.329259e-01
         88500   1.076821e+00   3.575575e+01              0             18              0              1   1.424582e+01   2.690305e-01   9.508406e-01
         89000   1.124136e+00   3.048708e+01              0             16              0              0   1.431752e+01   2.599978e-01   9.369917e-01
         89500   1.133499e+00   3.147891e+01              0             17              0              0   1.416903e+01   2.694736e-01   9.186082e-01
         90000   1.149185e+00   2.494459e+01              0             16              0              0   1.423724e+01   2.683196e-01   9.345912e-01
         90500   1.137389e+00   3.341089e+01              0             15              0              0   1.435869e+01   2.485070e-01   9.192366e-01
         91000   1.166899e+00   2.683594e+01              0             17              0              0   1.433844e+01   2.422850e-01   9.376106e-01
         91500   1.178461e+00   2.782349e+01              0             15              0              1   1.438366e+01   2.551438e-01   9.541430e-01
         92000   1.213260e+00   2.002058e+01              0             14              0              0   1.432838e+01   2.327460e-01   9.295509e-01
         92500   1.233898e+00   2.101563e+01              0              9              0              0   1.426381e+01   2.494524e-01   9.186520e-01
         93000   1.204320e+00   2.200166e+01              0             12              0              0   1.424084e+01   2.632091e-01   9.123691e-01
         93500   1.278708e+00   1.438186e+01              0             10              0              0   1.425673e+01   2.611330e-01   9.241073e-01
         94000   1.293753e+00   1.536920e+01              0              6              0              0   1.413893e+01   2.601138e-01   9.225130e-01
         94500   1.266439e+00   1.636115e+01              0              9              0              0   1.402205e+01   2.627324e-01   9.072555e-01
         95000   1.355584e+00   5.434949e+00              0              5              0              0   1.416264e+01   2.449001e-01   9.263945e-01
         95500   1.376281e+00   6.425132e+00              0              6              0              0   1.427109e+01   2.484276e-01   9.160934e-01
         96000   1.395158e+00   4.273677e+00              0              2              0              0   1.432288e+01   2.589430e-01   9.206205e-01
         96500   1.459969e+00   3.095070e+00              0              2              0              0   1.418631e+01   2.459206e-01   9.076508e-01
         97000   1.506991e+00   2.543638e+00              0              1              0              0   1.423763e+01   2.595559e-01   9.068992e-01
         97500   1.462609e+00   5.046956e+00              0              2              0              0   1.403591e+01   2.731744e-01   8.817579e-01
         98000   1.431570e+00   7.809797e+00              0              3              0              0   1.421431e+01   2.303664e-01   8.979386e-01
         98500   1.423729e+00   8.795746e+00              0              4              0              0   1.421364e+01   2.400780e-01   9.059223e-01
         99000   1.423360e+00   7.792726e+00              0              5              0              0   1.415994e+01   2.209198e-01   8.988623e-01
         99500   1.413231e+00   1.075261e+01              0              6              0              0   1.424272e+01   2.352047e-01   9.211193e-01
        100000   1.410830e+00   1.170505e+01              0              9              0              0   1.433114e+01   2.154849e-01   9.341026e-01
        100500   1.455497e+00   1.029524e+01              0              9              0              0   1.422065e+01   2.383742e-01   9.152178e-01
        101000   1.471380e+00   1.129154e+01              0              8              0              0   1.442344e+01   2.321427e-01   9.274918e-01
        101500   1.517993e+00   8.987729e+00              0              2              0              0   1.440749e+01   2.053381e-01   9.353922e-01
        102000   1.504285e+00   9.959935e+00              0              4              0              0   1.430767e+01   2.130936e-01   9.325498e-01
        102500   1.499557e+00   1.419602e+01              0              3              0              0   1.431456e+01   2.140239e-01   9.342213e-01
        103000   1.466274e+00   1.516242e+01              0              1              0              0   1.432254e+01   1.849812e-01   9.141696e-01
        103500   1.490512e+00   1.615134e+01              0              3              0              0   1.439212e+01   2.218381e-01   9.205243e-01
        104000   1.422406e+00   1.845331e+01              0              4              0              0   1.424827e+01   2.387235e-01   8.818856e-01
        104500   1.398752e+00   1.917595e+01              0              4              0              0   1.398414e+01   2.386632e-01   8.607688e-01
        105000   1.367709e+00   2.016421e+01              0              4              0              0   1.406243e+01   2.575946e-01   8.605236e-01
        105500   1.401439e+00   2.131402e+01              0              3              0              0   1.412613e+01   2.206801e-01   8.814156e-01
        106000   1.399789e+00   2.224447e+01              0              5              0              0   1.438041e+01   2.273185e-01   8.967104e-01
        106500   1.410024e+00   2.321596e+01              0              5              0              0   1.415285e+01   2.204896e-01   8.837898e-01
        107000   1.400689e+00   2.419353e+01              0              4              0              0   1.417044e+01   2.234138e-01   8.778906e-01
        107500   1.431382e+00   2.248506e+01              0              5              0              0   1.423747e+01   2.093281e-01   8.948463e-01
        108000   1.418750e+00   2.614772e+01              0              4              0              0   1.418106e+01   2.407041e-01   8.741005e-01
        108500   1.338966e+00   2.523255e+01              0              6              0              0   1.396542e+01   2.352496e-01   8.477506e-01
        109000   1.323039e+00   2.623020e+01              0              4              0              0   1.421172e+01   2.615499e-01   8.525654e-01
        109500   1.301530e+00   2.720902e+01              0              4              0              0   1.432360e+01   2.501945e-01   8.853669e-01
        110000   1.311872e+00   2.819744e+01              0              2              0              0   1.425572e+01   2.227371e-01   8.678619e-01
        110500   1.278043e+00   2.943947e+01              0              3              0              0   1.431668e+01   1.990903e-01   8.884849e-01
        111000   1.292642e+00   3.004071e+01              0              6              0              0   1.410484e+01   2.193288e-01   8.807162e-01
        111500   1.290538e+00   3.141162e+01              0              6              0              0   1.417337e+01   2.247825e-01   8.907602e-01
        112000   1.308204e+00   3.237906e+01              0              7              0              0   1.440480e+01   2.062079e-01   8.866477e-01
        112500   1.334621e+00   3.293190e+01              0              9              0              0   1.447812e+01   2.031873e-01   9.070425e-01
        113000   1.348994e+00   3.392201e+01              0              8              0              0   1.435836e+01   1.838887e-01   9.130513e-01
        113500   1.370438e+00   3.472461e+01              0              9              0              0   1.420416e+01   1.780373e-01   9.276860e-01
        114000   1.352797e+00   3.578744e+01              0              5              0              0   1.442625e+01   1.795592e-01   9.224411e-01
        114500   1.363626e+00   3.667835e+01              0              6              0              0   1.437606e+01   1.899971e-01   9.024185e-01
        115000   1.366549e+00   3.767167e+01              0              5              0              0   1.436476e+01   1.748835e-01   9.324511e-01
        115500   1.347133e+00   3.849015e+01              0              6              0              0   1.448975e+01   2.094109e-01   9.216555e-01
        116000   1.362471e+00   3.964653e+01              0              6              0              0   1.447914e+01   1.975938e-01   9.145870e-01
        116500   1.372803e+00   4.063857e+01              0              5              0              0   1.438744e+01   2.104678e-01   8.957933e-01
        117000   1.382266e+00   4.163282e+01              0              5              0              0   1.444872e+01   2.250397e-01   8.790890e-01
        117500   1.367978e+00   4.261252e+01              0              9              0              0   1.441537e+01   2.256679e-01   8.987060e-01
        118000   1.324877e+00   4.298330e+01              0              8              0              0   1.436969e+01   2.279585e-01   8.975230e-01
        118500   1.330952e+00   4.397731e+01              0              6              0              0   1.436976e+01   2.174745e-01   8.788176e-01
        119000   1.329858e+00   4.497115e+01              0              7              0              0   1.433566e+01   2.151646e-01   9.089427e-01
        119500   1.319578e+00   4.596252e+01              0              8              0              0   1.429784e+01   2.215723e-01   8.840586e-01
        120000   1.282004e+00   4.420713e+01              0              8              0              0   1.444122e+01   2.737522e-01   8.764557e-01
        120500   1.276463e+00   4.520458e+01              0              5              0              0   1.435077e+01   2.587647e-01   8.891525e-01
        121000   1.221597e+00   4.366088e+01              0              7              0              0   1.435195e+01   2.580643e-01   8.865268e-01
        121500   1.200892e+00   4.463356e+01              0              3              0              0   1.433500e+01   2.917114e-01   8.967899e-01
        122000   1.177598e+00   4.439480e+01              0              8              0              0   1.433303e+01   2.871269e-01   9.146059e-01
        122500   1.169660e+00   4.538971e+01              0             10              0              0   1.429996e+01   2.866299e-01   9.013201e-01
        123000   1.135855e+00   4.587807e+01              0              9              0              0   1.441112e+01   3.007538e-01   8.843959e-01
        123500   1.165877e+00   4.729864e+01              0             12              0              0   1.431528e+01   3.103844e-01   9.104446e-01
        124000   1.161004e+00   4.828824e+01              0              7              0              0   1.455987e+01   3.241759e-01   9.194542e-01
        124500   1.179143e+00   4.927619e+01              0             11              0              0   1.435741e+01   3.542597e-01   8.876498e-01
        125000   1.170658e+00   5.027327e+01              0             12              0              0   1.439114e+01   3.693054e-01   8.987809e-01
        125500   1.145478e+00   5.124636e+01              0             14              0              0   1.430504e+01   3.526288e-01   8.816957e-01
        126000   1.167119e+00   5.220176e+01              0             10              0              0   1.439294e+01   3.127276e-01   9.084580e-01
        126500   1.238962e+00   5.298003e+01              0              9              0              0   1.445959e+01   2.965804e-01   9.386091e-01
        127000   1.235705e+00   5.397473e+01              0              7              0              0   1.442119e+01   3.307947e-01   9.118025e-01
        127500   1.189263e+00   5.487675e+01              0             15              0              0   1.446702e+01   3.445382e-01   8.981724e-01
        128000   1.193504e+00   5.587225e+01              0              9              0              0   1.424561e+01   3.237000e-01   9.022668e-01
        128500   1.166130e+00   5.686275e+01              0             10              0              0   1.428940e+01   3.054503e-01   9.161539e-01
        129000   1.128805e+00   5.608034e+01              0             12              0              0   1.451137e+01   3.099545e-01   9.195219e-01
        129500   1.128242e+00   5.706972e+01              0             11              0              0   1.443965e+01   3.236219e-01   9.039187e-01
        130000   1.140729e+00   5.806452e+01              0             13              0              0   1.438511e+01   2.844568e-01   9.214236e-01
        130500   1.123278e+00   5.904747e+01              0             15              0              0   1.417003e+01   2.754737e-01   9.106871e-01
        131000   1.158076e+00   6.144239e+01              0             13              0              0   1.390883e+01   2.731500e-01   8.697178e-01
        131500   1.118430e+00   6.100123e+01              0             13              0              0   1.412704e+01   2.638984e-01   8.818327e-01
        132000   1.110562e+00   5.803585e+01              0             10              0              0   1.424546e+01   2.860406e-01   8.819620e-01
        132500   1.072039e+00   5.900007e+01              0             15              0              0   1.435286e+01   3.056616e-01   9.003014e-01
        133000   1.012804e+00   5.545143e+01              0             11              0              0   1.421316e+01   2.991726e-01   9.001770e-01
        133500   1.010912e+00   5.643723e+01              0             11              0              0   1.419877e+01   2.860354e-01   8.797998e-01
        134000   9.662605e-01   5.378068e+01              0             13              0              1   1.423297e+01   2.890110e-01   9.026214e-01
        134500   9.741116e-01   5.475661e+01              0             10              0              0   1.417967e+01   3.013746e-01   8.986640e-01
        135000   9.726704e-01   5.574312e+01              0             12              0              0   1.419776e+01   3.186882e-01   9.164425e-01
        135500   9.619253e-01   5.671696e+01              0             10              0              0   1.429175e+01   3.077455e-01   9.071769e-01
        136000   9.811737e-01   5.769859e+01              0             10              0              0   1.409704e+01   3.055803e-01   9.047031e-01
        136500   9.756080e-01   5.868342e+01              0             10              0              0   1.430789e+01   3.103102e-01   9.319681e-01
        137000   9.651999e-01   5.966936e+01              0             12              0              0   1.422749e+01   2.942620e-01   9.230532e-01
        137500   9.853892e-01   6.066110e+01              0             10              0              0   1.432658e+01   2.885149e-01   9.026636e-01
        138000   9.751610e-01   6.165147e+01              0             14              0              0   1.443917e+01   3.015179e-01   9.188577e-01
        138500   9.581032e-01   5.878167e+01              0             11              0              0   1.426075e+01   3.020914e-01   9.145192e-01
        139000   9.528600e-01   6.358262e+01              0              9              0              0   1.458627e+01   2.770136e-01   9.190827e-01
        139500   9.480226e-01   6.454415e+01              0             12              0              0   1.443269e+01   2.306257e-01   9.164954e-01
        140000   9.886552e-01   6.708813e+01              0              7              0              0   1.417292e+01   2.112781e-01   9.128372e-01
        140500   9.876720e-01   6.649170e+01              0             10              0              0   1.431001e+01   2.172249e-01   8.979456e-01
        141000   9.476566e-01   6.747036e+01              0             11              0              0   1.423791e+01   2.356018e-01   9.143613e-01
        141500   9.602936e-01   6.842913e+01              0             10              0              0   1.434934e+01   2.410424e-01   9.372624e-01
        142000   9.538132e-01   6.513248e+01              0              9              0              0   1.434964e+01   2.771243e-01   9.014057e-01
        142500   9.993980e-01   7.040131e+01              0             11              0              0   1.430401e+01   2.828744e-01   8.817805e-01
        143000   9.857439e-01   7.137544e+01              0             10              0              0   1.428091e+01   2.709677e-01   8.905157e-01
        143500   9.904872e-01   7.236925e+01              0              9              0              0   1.448189e+01   2.857518e-01   9.024578e-01
        144000   1.030349e+00   7.424224e+01              0              6              0              0   1.444064e+01   2.925670e-01   8.880495e-01
        144500   1.031919e+00   7.523305e+01              0              8              0              0   1.433498e+01   2.842783e-01   8.930987e-01
        145000   1.046402e+00   7.483533e+01              0              8              0              0   1.441532e+01   2.664724e-01   9.075763e-01
        145500   1.032280e+00   7.719581e+01              0              7              0              0   1.441889e+01   3.011129e-01   8.993010e-01
        146000   1.067111e+00   7.667401e+01              0              8              0              0   1.428087e+01   2.973130e-01   9.135266e-01
        146500   1.046542e+00   7.905130e+01              0              9              0              0   1.436596e+01   2.956505e-01   9.238105e-01
        147000   1.063710e+00   7.864109e+01              0             10              0              0   1.433130e+01   3.137730e-01   9.073688e-01
        147500   1.097068e+00   7.961965e+01              0             11              0              0   1.432355e+01   3.340924e-01   8.859401e-01
        148000   1.159166e+00   7.169978e+01              0              8              0              0   1.430505e+01   3.243545e-01   8.918010e-01
        148500   1.174486e+00   7.268575e+01              0              7              0              0   1.427844e+01   3.138517e-01   9.234615e-01
        149000   1.162663e+00   7.367914e+01              0             10              0              0   1.442437e+01   2.796378e-01   9.143457e-01
        149500   1.135610e+00   7.982107e+01              0             13              0              0   1.427291e+01   3.023235e-01   9.070221e-01
        150000   1.180106e+00   7.562536e+01              0             11              0              0   1.431489e+01   2.960769e-01   9.249142e-01
        150500   1.186222e+00   7.660638e+01              0              6              0              0   1.441490e+01   3.017564e-01   9.164178e-01
        151000   1.167433e+00   7.760187e+01              0              9              0              0   1.427532e+01   2.747830e-01   8.985884e-01
        151500   1.223845e+00   7.141823e+01              0             12              0              0   1.435908e+01   2.538474e-01   9.084583e-01
        152000   1.203443e+00   7.240896e+01              0             11              0              0   1.420236e+01   2.626854e-01   8.988654e-01
        152500   1.219558e+00   7.340633e+01              0              7              0              0   1.439777e+01   2.575275e-01   9.299871e-01
        153000   1.205364e+00   7.440381e+01              0             13              0              0   1.434360e+01   2.482467e-01   9.219308e-01
        153500   1.229573e+00   7.539508e+01              0              9              0              0   1.435560e+01   2.391561e-01   9.106379e-01
        154000   1.192234e+00   8.303488e+01              0              9              0              0   1.433348e+01   2.134754e-01   9.377944e-01
        154500   1.221206e+00   7.734007e+01              0             11              0              0   1.444219e+01   2.154318e-01   9.345474e-01
        155000   1.241740e+00   7.832011e+01              0              7              0              0   1.436864e+01   2.242009e-01   9.355451e-01
        155500   1.225707e+00   7.931533e+01              0              9              0              0   1.440102e+01   2.213276e-01   9.254467e-01
        156000   1.213340e+00   8.030065e+01              0             15              0              1   1.437920e+01   2.211569e-01   9.185033e-01
        156500   1.219218e+00   8.129625e+01              0             14              0              0   1.426345e+01   2.018762e-01   9.132818e-01
        157000   1.251037e+00   7.369934e+01              0             13              0              0   1.431594e+01   2.076489e-01   9.240109e-01
        157500   1.295370e+00   6.563630e+01              0             12              0              0   1.421368e+01   1.939730e-01   9.379604e-01
        158000   1.268317e+00   7.564931e+01              0             12              0              0   1.425479e+01   1.969934e-01   9.198267e-01
        158500   1.316691e+00   6.750875e+01              0              5              0              0   1.437223e+01   1.851092e-01   9.375526e-01
        159000   1.305437e+00   6.850388e+01              0              9              0              0   1.422950e+01   2.157268e-01   9.302524e-01
        159500   1.313357e+00   6.949775e+01              0             10              0              0   1.434832e+01   2.359303e-01   9.384933e-01
        160000   1.333967e+00   7.048940e+01              0              7              0              0   1.439044e+01   2.326342e-01   9.370188e-01
        160500   1.327853e+00   7.148655e+01              0              4              0              0   1.428534e+01   2.339709e-01   9.312276e-01
        161000   1.356202e+00   6.231384e+01              0              8              0              0   1.442049e+01   2.359514e-01   9.370458e-01
        161500   1.372001e+00   6.330641e+01              0              8              0              0   1.428911e+01   2.651976e-01   9.363967e-01
        162000   1.413533e+00   5.199986e+01              0              4              0              0   1.435851e+01   2.878157e-01   9.287618e-01
        162500   1.427211e+00   5.298645e+01              0              4              0              0   1.432553e+01   2.780716e-01   9.139941e-01
        163000   1.407912e+00   5.397215e+01              0              7              0              0   1.431719e+01   2.619587e-01   9.083670e-01
        163500   1.413990e+00   5.496843e+01              0              5              0              0   1.422587e+01   2.497135e-01   9.224679e-01
        164000   1.466418e+00   4.162756e+01              0              4              0              0   1.412102e+01   2.648531e-01   9.100910e-01
        164500   1.479745e+00   4.261604e+01              0              9              0              0   1.388586e+01   2.711075e-01   8.929218e-01
        165000   1.510149e+00   2.894914e+01              0              9              0              0   1.394148e+01   2.531022e-01   9.130222e-01
        165500   1.565250e+00   1.738667e+01              0              5              0              0   1.408584e+01   2.578871e-01   9.225294e-01
        166000   1.564859e+00   1.838092e+01              0              6              0              0   1.413011e+01   2.448246e-01   9.169749e-01
        166500   1.573776e+00   1.937318e+01              0              3              0              0   1.419553e+01   2.236188e-01   9.273512e-01
        167000   1.607960e+00   1.128513e+01              0              4              0              0   1.412315e+01   1.969756e-01   9.336014e-01
        167500   1.635636e+00   6.359085e+00              0              5              0              0   1.429862e+01   2.150801e-01   9.368848e-01
        168000   1.665701e+00   7.345058e+00              0              2              0              0   1.443125e+01   2.131846e-01   9.507953e-01
        168500   1.717176e+00   4.706553e+00              0              3              0              0   1.425574e+01   2.224799e-01   9.291700e-01
        169000   1.746965e+00   5.698386e+00              0              3              0              0   1.433152e+01   2.065403e-01   9.581780e-01
        169500   1.765978e+00   4.377503e+00              0              7              0              0   1.444925e+01   2.259391e-01   9.683269e-01
        170000   1.769137e+00   5.358639e+00              0              6              0              0   1.436579e+01   2.132204e-01   9.626131e-01
        170500   1.746507e+00   6.326472e+00              0              6              0              0   1.430722e+01   2.164417e-01   9.410017e-01
        171000   1.755263e+00   7.282046e+00              0              7              0              0   1.435354e+01   2.336453e-01   9.598951e-01
        171500   1.739390e+00   1.031817e+01              0              3              0              0   1.430034e+01   2.175390e-01   9.551139e-01
        172000   1.753028e+00   1.130052e+01              0              3              0              0   1.410293e+01   2.467746e-01   9.367702e-01
        172500   1.743239e+00   1.226513e+01              0              5              0              0   1.423571e+01   2.392295e-01   9.430139e-01
        173000   1.768366e+00   1.112226e+01              0              6              0              0   1.424125e+01   2.648009e-01   9.592415e-01
        173500   1.759277e+00   1.211256e+01              0              3              0              0   1.411312e+01   2.923141e-01   9.389894e-01
        174000   1.798933e+00   9.875078e+00              0              3              0              0   1.399482e+01   2.826627e-01   9.410156e-01
        174500   1.779476e+00   1.407441e+01              0              6              0              0   1.414620e+01   2.958146e-01   9.407824e-01
        175000   1.767705e+00   1.506127e+01              0              6              0              0   1.407875e+01   3.078257e-01   9.470529e-01
        175500   1.740670e+00   1.753722e+01              0              6              0              0   1.426437e+01   3.017194e-01   9.482388e-01
        176000   1.740214e+00   1.852906e+01              0              6              0              0   1.399576e+01   2.929590e-01   9.303016e-01
        176500   1.761752e+00   1.787364e+01              0              6              0              0   1.435319e+01   2.760324e-01   9.449371e-01
        177000   1.778115e+00   1.887220e+01              0              4              0              0   1.426441e+01   2.734150e-01   9.494756e-01
        177500   1.745452e+00   2.132970e+01              0              6              0              0   1.404057e+01   2.834479e-01   9.354579e-01
        178000   1.747758e+00   2.228333e+01              0              4              0              0   1.400932e+01   2.669463e-01   9.418628e-01
        178500   1.778264e+00   2.181047e+01              0              6              0              0   1.430835e+01   2.661126e-01   9.471883e-01
        179000   1.800753e+00   1.805322e+01              0              5              0              0   1.417903e+01   2.529626e-01   9.512037e-01
        179500   1.800482e+00   1.901393e+01              0              2              0              0   1.429975e+01   2.228686e-01   9.367440e-01
        180000   1.817499e+00   1.999625e+01              0              2              0              0   1.425873e+01   2.333726e-01   9.359641e-01
        180500   1.803264e+00   2.098468e+01              0              5              0              0   1.423141e+01   2.411754e-01   9.373905e-01
        181000   1.870564e+00   1.491627e+01              0              2              0              0   1.427032e+01   2.602103e-01   9.446746e-01
        181500   1.903136e+00   9.141389e+00              0              3              0              0   1.432111e+01   2.531426e-01   9.152995e-01
        182000   1.937860e+00   1.012091e+01              0              3              0              0   1.417783e+01   2.488053e-01   9.250183e-01
        182500   1.946333e+00   6.182933e+00              0              3              0              0   1.436414e+01   2.688041e-01   9.434693e-01
        183000   1.985788e+00   3.967833e+00              0              5              0              0   1.439844e+01   2.607123e-01   9.367377e-01
        183500   1.976936e+00   8.142909e+00              0              5              0              0   1.422590e+01   2.260195e-01   9.248441e-01
        184000   1.935125e+00   1.369596e+01              0              4              0              0   1.424614e+01   2.342393e-01   9.251425e-01
        184500   1.966479e+00   1.004144e+01              0              4              0              0   1.445272e+01   2.533744e-01   9.509083e-01
        185000   1.979990e+00   1.103613e+01              0              3              0              0   1.438870e+01   2.599271e-01   9.216774e-01
        185500   1.949762e+00   1.642911e+01              0              5              0              0   1.443357e+01   2.884774e-01   9.315920e-01
        186000   1.968784e+00   1.299930e+01              0              3              0              0   1.419449e+01   2.852081e-01   9.064275e-01
        186500   1.949721e+00   1.825156e+01              0              2              0              0   1.426173e+01   2.796105e-01   9.147383e-01
        187000   1.932463e+00   1.924167e+01              0              4              0              0   1.425412e+01   2.620289e-01   9.268410e-01
        187500   1.889963e+00   2.440757e+01              0              3              0              0   1.445805e+01   3.057836e-01   9.213152e-01
        188000   1.923867e+00   2.119072e+01              0              4              0              0   1.439104e+01   2.699349e-01   9.393767e-01
        188500   1.887992e+00   2.625511e+01              0              4              0              0   1.434320e+01   2.841586e-01   9.268993e-01
        189000   1.932395e+00   2.315018e+01              0              3              0              0   1.437308e+01   3.015704e-01   9.416503e-01
        189500   1.952663e+00   2.413100e+01              0              3              0              0   1.438937e+01   2.950485e-01   9.409960e-01
        190000   1.972464e+00   2.011482e+01              0              3              0              0   1.445011e+01   3.340526e-01   9.531427e-01
        190500   1.982973e+00   2.107685e+01              0              4              0              0   1.429778e+01   3.172764e-01   9.150707e-01
        191000   1.955706e+00   2.207093e+01              0              2              0              0   1.450285e+01   3.314384e-01   9.225505e-01
        191500   1.981546e+00   2.303402e+01              0              3              0              0   1.444464e+01   3.650485e-01   9.078474e-01
        192000   2.055536e+00   1.111119e+01              0              3              0              0   1.439941e+01   3.688369e-01   9.015815e-01
        192500   2.030015e+00   1.874314e+01              0              3              0              0   1.441620e+01   3.579346e-01   8.967905e-01
        193000   2.004818e+00   1.972962e+01              0              5              0              0   1.456003e+01   3.694291e-01   9.122514e-01
        193500   2.023550e+00   2.071779e+01              0              5              0              0   1.448633e+01   3.693922e-01   9.186958e-01
        194000   1.967795e+00   2.744706e+01              0              5              0              0   1.432573e+01   3.566034e-01   9.315310e-01
        194500   2.021540e+00   2.260618e+01              0              5              0              0   1.444942e+01   3.595793e-01   9.322727e-01
        195000   2.033056e+00   2.359570e+01              0              6              0              0   1.449447e+01   3.499423e-01   9.325455e-01
        195500   2.051430e+00   1.711165e+01              0              2              0              0   1.437257e+01   3.077780e-01   9.243607e-01
        196000   2.084346e+00   1.077846e+01              0              3              0              0   1.425921e+01   3.234988e-01   9.297363e-01
        196500   2.111792e+00   1.173687e+01              0              2              0              0   1.452894e+01   3.496363e-01   9.145679e-01
        197000   2.117067e+00   1.271810e+01              0              2              0              0   1.449101e+01   3.407937e-01   9.087173e-01
        197500   2.129623e+00   1.370219e+01              0              3              0              0   1.439287e+01   3.062350e-01   9.326751e-01
        198000   2.155813e+00   8.766408e+00              0              3              0              0   1.440471e+01   3.331939e-01   9.392223e-01
        198500   2.135055e+00   1.562816e+01              0              2              0              0   1.445474e+01   3.258812e-01   9.378388e-01
        199000   2.167270e+00   1.069724e+01              0              1              0              0   1.447724e+01   3.511315e-01   9.208406e-01
        199500   2.223869e+00   7.043554e+00              0              1              0              0   1.420131e+01   3.554553e-01   9.131037e-01
        200000   2.253408e+00   8.017453e+00              0              1              0              0   1.440558e+01   3.209284e-01   9.170165e-01
        200500   2.274997e+00   5.659442e+00              0              2              0              0   1.437829e+01   3.383020e-01   9.064199e-01
        201000   2.298287e+00   4.250580e+00              0              2              0              0   1.429315e+01   3.148586e-01   9.035340e-01
        201500   2.294862e+00   5.217776e+00              0              2              0              0   1.430604e+01   3.359365e-01   8.982988e-01
        202000   2.270496e+00   8.595578e+00              0              2              0              0   1.425658e+01   3.230410e-01   9.178308e-01
        202500   2.329717e+00   7.081392e+00              0              2              0              0   1.422364e+01   2.776174e-01   9.213936e-01
        203000   2.336390e+00   8.077074e+00              0              2              0              0   1.427387e+01   2.828355e-01   9.276713e-01
        203500   2.347459e+00   9.065739e+00              0              1              0              0   1.436886e+01   2.811869e-01   9.263736e-01
        204000   2.335812e+00   1.003344e+01              0              2              0              0   1.428139e+01   2.719814e-01   9.425490e-01
        204500   2.324520e+00   1.102885e+01              0              2              0              0   1.424795e+01   2.536334e-01   9.326922e-01
        205000   2.297198e+00   1.371755e+01              0              2              0              0   1.412547e+01   2.562653e-01   9.328340e-01
        205500   2.337257e+00   1.299165e+01              0              2              0              0   1.416718e+01   2.410200e-01   9.451296e-01
        206000   2.371182e+00   1.101349e+01              0              2              0              0   1.433934e+01   2.463870e-01   9.157156e-01
        206500   2.391398e+00   8.143257e+00              0              2              0              0   1.434576e+01   2.513708e-01   9.242266e-01
        207000   2.376587e+00   1.298213e+01              0              2              0              0   1.434376e+01   2.555550e-01   9.469294e-01
        207500   2.399574e+00   9.970513e+00              0              0              0              0   1.432324e+01   2.355928e-01   9.550652e-01
        208000   2.379818e+00   1.490928e+01              0              2              0              0   1.429675e+01   2.633015e-01   9.460640e-01
        208500   2.375569e+00   1.589195e+01              0              2              0              0   1.431117e+01   2.785808e-01   9.188133e-01
        209000   2.324758e+00   1.897300e+01              0              2              0              0   1.445579e+01   2.873919e-01   9.539700e-01
        209500   2.325614e+00   1.996838e+01              0              2              0              0   1.426156e+01   3.064057e-01   9.282532e-01
        210000   2.337397e+00   2.094817e+01              0              2              0              0   1.448619e+01   2.883986e-01   9.268059e-01
        210500   2.364499e+00   1.955900e+01              0              2              0              0   1.450447e+01   2.791422e-01   9.473470e-01
        211000   2.377899e+00   2.053958e+01              0              2              0              0   1.448476e+01   2.795320e-01   9.336659e-01
        211500   2.367372e+00   2.152811e+01              0              2              0              0   1.436096e+01   2.863150e-01   9.279297e-01
        212000   2.354203e+00   2.250328e+01              0              2              0              0   1.436684e+01   3.002435e-01   9.248759e-01
        212500   2.367796e+00   2.350022e+01              0              1              0              0   1.426590e+01   2.776103e-01   9.230060e-01
        213000   2.404437e+00   1.886715e+01              0              0              0              0   1.436891e+01   3.308069e-01   9.321462e-01
        213500   2.407257e+00   1.985645e+01              0              2              0              0   1.444297e+01   3.204421e-01   9.233893e-01
        214000   2.401910e+00   2.083900e+01              0              0              0              0   1.440185e+01   3.292688e-01   9.266754e-01
        214500   2.430913e+00   2.182371e+01              0              0              0              0   1.436806e+01   3.282416e-01   9.209444e-01
        215000   2.476322e+00   1.534273e+01              0              0              0              0   1.428979e+01   3.192402e-01   9.368098e-01
