          step              r      E_metad_r      n_cont_CA   n_cont_heavy       n_saltbr        n_hbond           SASA           RMSD             Rg 
             0   2.512455e-01   0.000000e+00              4             74              2              9   1.662660e+01   0.000000e+00   8.677084e-01
           500   2.876875e-01   9.901764e-01              4             68              0              3   1.665819e+01   7.526112e-02   8.832507e-01
          1000   3.153105e-01   1.807587e+00              2             66              0              6   1.679612e+01   1.020045e-01   8.820848e-01
          1500   3.105099e-01   2.777622e+00              3             72              0              6   1.669588e+01   1.092665e-01   8.629690e-01
          2000   3.198013e-01   3.765597e+00              4             76              0              6   1.644834e+01   1.436414e-01   8.290982e-01
          2500   3.082509e-01   4.745531e+00              2             67              0              6   1.650749e+01   1.322104e-01   8.579533e-01
          3000   3.283939e-01   5.737154e+00              3             67              0              5   1.673092e+01   1.441504e-01   8.580722e-01
          3500   3.106583e-01   6.735239e+00              3             70              0              7   1.663009e+01   1.658402e-01   8.394538e-01
          4000   3.165704e-01   7.725458e+00              3             69              0              4   1.670903e+01   1.488920e-01   8.646484e-01
          4500   3.313265e-01   8.717438e+00              2             68              0              5   1.676388e+01   1.731426e-01   8.667533e-01
          5000   3.347358e-01   9.707114e+00              2             70              0              4   1.684362e+01   1.857015e-01   8.609108e-01
          5500   3.114619e-01   1.070131e+01              3             71              0              5   1.631694e+01   1.792430e-01   8.533215e-01
          6000   2.901776e-01   1.110957e+01              3             70              0              5   1.640163e+01   1.825567e-01   8.627677e-01
          6500   3.291930e-01   1.264295e+01              3             70              0              4   1.652443e+01   1.881976e-01   8.674512e-01
          7000   3.192507e-01   1.363842e+01              3             69              0              3   1.629829e+01   1.870561e-01   8.574871e-01
          7500   3.189368e-01   1.462692e+01              3             73              0              3   1.644969e+01   2.086299e-01   8.618169e-01
          8000   3.295460e-01   1.562381e+01              3             72              0              5   1.618099e+01   2.231124e-01   8.490191e-01
          8500   3.187927e-01   1.661142e+01              4             73              0              5   1.634255e+01   2.359959e-01   8.323504e-01
          9000   3.139378e-01   1.759743e+01              3             73              0              5   1.650846e+01   2.273140e-01   8.475425e-01
          9500   2.966950e-01   1.747383e+01              2             72              0              5   1.624208e+01   2.174633e-01   8.501775e-01
         10000   2.936687e-01   1.845871e+01              3             72              0              5   1.635185e+01   2.242269e-01   8.447651e-01
         10500   2.802364e-01   1.944443e+01              2             72              0              5   1.615102e+01   2.177290e-01   8.594188e-01
         11000   3.079397e-01   2.133630e+01              2             70              0              5   1.648286e+01   2.124005e-01   8.504792e-01
         11500   2.989979e-01   2.140848e+01              3             74              0              4   1.657559e+01   2.129320e-01   8.598553e-01
         12000   3.097411e-01   2.321514e+01              2             69              0              5   1.626712e+01   2.168335e-01   8.479589e-01
         12500   2.956539e-01   2.333790e+01              3             68              0              5   1.593962e+01   2.252746e-01   8.273711e-01
         13000   2.854892e-01   2.431760e+01              3             72              0              4   1.614180e+01   2.356160e-01   8.379277e-01
         13500   2.982202e-01   2.530766e+01              4             74              0              4   1.611628e+01   2.319749e-01   8.314764e-01
         14000   2.990673e-01   2.693670e+01              4             70              0              6   1.601616e+01   2.504549e-01   8.380795e-01
         14500   3.080325e-01   2.789511e+01              3             74              0              5   1.655162e+01   2.421767e-01   8.363031e-01
         15000   3.129944e-01   2.888587e+01              2             72              0              7   1.639160e+01   2.761598e-01   8.367436e-01
         15500   3.354253e-01   2.987514e+01              0             67              0              5   1.634509e+01   2.666202e-01   8.271805e-01
         16000   3.094404e-01   3.086359e+01              2             69              0              4   1.628312e+01   2.620810e-01   8.336622e-01
         16500   2.989479e-01   3.182750e+01              2             71              0              4   1.629995e+01   2.714740e-01   8.491840e-01
         17000   3.111942e-01   3.184556e+01              3             70              0              3   1.631984e+01   2.665160e-01   8.309558e-01
         17500   2.876695e-01   3.374746e+01              2             71              1              4   1.621390e+01   2.527505e-01   8.517441e-01
         18000   3.100262e-01   3.376973e+01              2             74              1              5   1.661737e+01   2.579822e-01   8.549264e-01
         18500   2.912938e-01   3.472913e+01              4             76              1              6   1.651649e+01   2.477348e-01   8.444487e-01
         19000   3.020509e-01   3.661447e+01              3             73              1              7   1.628153e+01   2.469682e-01   8.496458e-01
         19500   3.176641e-01   3.760804e+01              2             75              1              6   1.650602e+01   2.398017e-01   8.589692e-01
         20000   3.004829e-01   3.754300e+01              3             73              1              6   1.619635e+01   2.470856e-01   8.459245e-01
         20500   3.176216e-01   3.958268e+01              2             74              1              6   1.631392e+01   2.630281e-01   8.442253e-01
         21000   3.079013e-01   4.055711e+01              1             70              1              7   1.653626e+01   2.655844e-01   8.613116e-01
         21500   3.113810e-01   4.155351e+01              2             73              1              8   1.633898e+01   2.458681e-01   8.558836e-01
         22000   3.166789e-01   4.250312e+01              2             73              1              5   1.652999e+01   2.394965e-01   8.621578e-01
         22500   3.094538e-01   4.349716e+01              3             72              1              5   1.651532e+01   2.387890e-01   8.712802e-01
         23000   3.158149e-01   4.448734e+01              2             70              1              6   1.656474e+01   2.256573e-01   8.610557e-01
         23500   2.924560e-01   4.393636e+01              2             69              1              5   1.628135e+01   2.488650e-01   8.471908e-01
         24000   2.866096e-01   4.491324e+01              3             71              1              4   1.647567e+01   2.380189e-01   8.715481e-01
         24500   2.981064e-01   4.736097e+01              3             70              1              5   1.641475e+01   2.208990e-01   8.576786e-01
         25000   2.927486e-01   4.683441e+01              0             72              1              6   1.623542e+01   2.480334e-01   8.670571e-01
         25500   2.843352e-01   4.781398e+01              3             71              1              6   1.600681e+01   2.446191e-01   8.487882e-01
         26000   2.977039e-01   5.016865e+01              2             73              1              4   1.622774e+01   2.354701e-01   8.561083e-01
         26500   2.730672e-01   4.976844e+01              3             72              1              9   1.647711e+01   2.412883e-01   8.510336e-01
         27000   3.004004e-01   5.075641e+01              2             70              1              6   1.610608e+01   2.427722e-01   8.509964e-01
         27500   2.765201e-01   5.175117e+01              3             70              1              7   1.634111e+01   2.577132e-01   8.640167e-01
         28000   3.149715e-01   5.382300e+01              0             73              1              6   1.633367e+01   2.559194e-01   8.532110e-01
         28500   3.213605e-01   5.481639e+01              3             70              1              7   1.631407e+01   2.645819e-01   8.488856e-01
         29000   3.010036e-01   5.450457e+01              2             74              1              7   1.637322e+01   2.681676e-01   8.526549e-01
         29500   2.692280e-01   5.550018e+01              2             74              1              8   1.651592e+01   2.614171e-01   8.442323e-01
         30000   2.733132e-01   5.649674e+01              1             73              1              4   1.643121e+01   2.755999e-01   8.493875e-01
         30500   2.602158e-01   5.746996e+01              2             72              1              8   1.627732e+01   2.752379e-01   8.367695e-01
         31000   2.561885e-01   4.553594e+01              2             75              1              8   1.619932e+01   2.689568e-01   8.413425e-01
         31500   2.513376e-01   4.651850e+01              2             75              1              6   1.642261e+01   2.532853e-01   8.470889e-01
         32000   2.831270e-01   6.031183e+01              2             78              1              7   1.616416e+01   2.491768e-01   8.526301e-01
         32500   2.767706e-01   6.130301e+01              2             74              1              6   1.645610e+01   2.482147e-01   8.677699e-01
         33000   2.817735e-01   6.229421e+01              2             73              1              5   1.635771e+01   2.441010e-01   8.645434e-01
         33500   2.799665e-01   6.329003e+01              2             73              1              8   1.635160e+01   2.404495e-01   8.504258e-01
         34000   2.794733e-01   6.428867e+01              2             75              1              9   1.641274e+01   2.860475e-01   8.499843e-01
         34500   2.791553e-01   6.528484e+01              2             72              1              7   1.656450e+01   2.739564e-01   8.618047e-01
         35000   2.862096e-01   6.627980e+01              2             72              2              8   1.649533e+01   2.626242e-01   8.482313e-01
         35500   2.706739e-01   6.726560e+01              1             73              2              5   1.652866e+01   2.890744e-01   8.360748e-01
         36000   2.636280e-01   6.823527e+01              3             72              2              6   1.637066e+01   2.683820e-01   8.445292e-01
         36500   2.636975e-01   6.922636e+01              4             73              2              8   1.637071e+01   2.831625e-01   8.421932e-01
         37000   2.760800e-01   7.021535e+01              3             72              2              7   1.629877e+01   2.913832e-01   8.355618e-01
         37500   2.636651e-01   7.116532e+01              2             72              2              5   1.637320e+01   2.949327e-01   8.321083e-01
         38000   2.755361e-01   7.216256e+01              2             73              2              7   1.637683e+01   2.902798e-01   8.385753e-01
         38500   2.778086e-01   7.316094e+01              2             74              2              6   1.639407e+01   2.935583e-01   8.451907e-01
         39000   2.778307e-01   7.413739e+01              2             71              2              6   1.636963e+01   3.000208e-01   8.454691e-01
         39500   2.688650e-01   7.511740e+01              2             74              2              7   1.650465e+01   2.967281e-01   8.535846e-01
         40000   2.781109e-01   7.606827e+01              3             73              2              4   1.654276e+01   2.923407e-01   8.496092e-01
         40500   2.637651e-01   7.706531e+01              3             72              2              6   1.664307e+01   2.949708e-01   8.588519e-01
         41000   2.865187e-01   7.802018e+01              3             74              2              7   1.645103e+01   2.836600e-01   8.471237e-01
         41500   2.703930e-01   6.462128e+01              2             72              2              4   1.638157e+01   2.884754e-01   8.508768e-01
         42000   2.788766e-01   7.997455e+01              3             73              2              5   1.617713e+01   2.954697e-01   8.405524e-01
         42500   2.808171e-01   8.096208e+01              3             76              2              5   1.628561e+01   2.802506e-01   8.428115e-01
         43000   3.090918e-01   7.905561e+01              3             75              2              6   1.634922e+01   2.762579e-01   8.556516e-01
         43500   2.903786e-01   8.287075e+01              4             70              2              5   1.631609e+01   2.846701e-01   8.426084e-01
         44000   2.712694e-01   6.888307e+01              3             73              2              7   1.634274e+01   3.029985e-01   8.512195e-01
         44500   2.689940e-01   8.481613e+01              2             72              2              7   1.604120e+01   2.834377e-01   8.273295e-01
         45000   2.643378e-01   7.066752e+01              3             74              2              7   1.629536e+01   2.685186e-01   8.416794e-01
         45500   2.820991e-01   8.678120e+01              2             72              2              8   1.639167e+01   2.605571e-01   8.438540e-01
         46000   2.907413e-01   8.777447e+01              2             69              1              8   1.645809e+01   2.614539e-01   8.544875e-01
         46500   2.728015e-01   7.331025e+01              2             72              1              6   1.663194e+01   2.681811e-01   8.543976e-01
         47000   3.140541e-01   8.609546e+01              3             72              1              5   1.684137e+01   2.828080e-01   8.687766e-01
         47500   2.982993e-01   9.061388e+01              3             74              1              7   1.662039e+01   2.737232e-01   8.528978e-01
         48000   2.638744e-01   7.554213e+01              2             75              1              5   1.645141e+01   2.826305e-01   8.432339e-01
         48500   2.539408e-01   7.653493e+01              2             73              2              6   1.674023e+01   2.884049e-01   8.662926e-01
         49000   2.746515e-01   9.347552e+01              2             75              1              5   1.642238e+01   2.640419e-01   8.594900e-01
         49500   2.808325e-01   9.447120e+01              2             74              2              5   1.634062e+01   2.696500e-01   8.560303e-01
         50000   2.770428e-01   9.546782e+01              2             74              1              6   1.644838e+01   2.523909e-01   8.514451e-01
         50500   2.948055e-01   9.645957e+01              3             72              1              6   1.634024e+01   2.754825e-01   8.605146e-01
         51000   2.833825e-01   9.744780e+01              2             74              2              6   1.624707e+01   2.690926e-01   8.641182e-01
         51500   2.543313e-01   8.185895e+01              2             72              2              5   1.635929e+01   2.699043e-01   8.514638e-01
         52000   2.694806e-01   8.278544e+01              3             72              2              9   1.614022e+01   2.897622e-01   8.406331e-01
         52500   2.991127e-01   1.003145e+02              3             70              2              7   1.625541e+01   2.716255e-01   8.611802e-01
         53000   2.779636e-01   1.012996e+02              3             72              1              7   1.625252e+01   2.713917e-01   8.493799e-01
         53500   2.866257e-01   1.022824e+02              1             74              1              4   1.642495e+01   2.831921e-01   8.570671e-01
         54000   2.746224e-01   1.032766e+02              2             75              1              7   1.618361e+01   2.554232e-01   8.481907e-01
         54500   2.888397e-01   1.042418e+02              2             69              1              5   1.658559e+01   2.684306e-01   8.610484e-01
         55000   2.919301e-01   1.052382e+02              2             68              0              5   1.623544e+01   2.685192e-01   8.345200e-01
         55500   3.204640e-01   1.008293e+02              3             69              0              6   1.637538e+01   2.603010e-01   8.302762e-01
         56000   3.634740e-01   7.684164e+01              2             67              0              5   1.645939e+01   2.593541e-01   8.386157e-01
         56500   3.727268e-01   7.783079e+01              2             66              0              6   1.651264e+01   2.582622e-01   8.357924e-01
         57000   3.553852e-01   7.880442e+01              1             64              0              6   1.629818e+01   2.618252e-01   8.374566e-01
         57500   3.713708e-01   4.881865e+01              1             68              0              4   1.636939e+01   2.488809e-01   8.280438e-01
         58000   3.738394e-01   8.075550e+01              3             69              0              5   1.642365e+01   2.500563e-01   8.447922e-01
         58500   3.951181e-01   5.076719e+01              2             67              0              2   1.611789e+01   2.356178e-01   8.392668e-01
         59000   3.866248e-01   5.175934e+01              2             69              0              2   1.623546e+01   2.368478e-01   8.352400e-01
         59500   3.697823e-01   8.355112e+01              2             69              0              3   1.615909e+01   2.674444e-01   8.163850e-01
         60000   3.872525e-01   5.372393e+01              0             67              0              2   1.609705e+01   2.656954e-01   8.221026e-01
         60500   3.902255e-01   5.469508e+01              1             67              0              5   1.648305e+01   2.519279e-01   8.405675e-01
         61000   3.995411e-01   5.568560e+01              2             70              0              7   1.622344e+01   2.636617e-01   8.537019e-01
         61500   3.984465e-01   5.667981e+01              0             67              0              5   1.629747e+01   2.879614e-01   8.363558e-01
         62000   3.963953e-01   5.767273e+01              2             65              0              3   1.638072e+01   2.591508e-01   8.450539e-01
         62500   4.331667e-01   3.226068e+01              2             64              0              5   1.617204e+01   2.745061e-01   8.232539e-01
         63000   4.244455e-01   5.962216e+01              2             64              0              5   1.642216e+01   2.716970e-01   8.372760e-01
         63500   4.695233e-01   3.419172e+01              1             64              0              3   1.649558e+01   2.986960e-01   8.396023e-01
         64000   4.398138e-01   3.518051e+01              2             61              0              4   1.655172e+01   2.796811e-01   8.473225e-01
         64500   4.337012e-01   6.243887e+01              1             61              0              4   1.629945e+01   3.016447e-01   8.281374e-01
         65000   4.238080e-01   3.712716e+01              1             64              0              4   1.620307e+01   3.225168e-01   8.223291e-01
         65500   4.267683e-01   6.432498e+01              2             66              0              7   1.615220e+01   3.050842e-01   8.236751e-01
         66000   4.371275e-01   3.908418e+01              0             63              0              5   1.638901e+01   3.103455e-01   8.228134e-01
         66500   4.348701e-01   4.006887e+01              2             59              0              3   1.634662e+01   3.081374e-01   8.335098e-01
         67000   4.492797e-01   4.106168e+01              1             55              0              3   1.647389e+01   3.282080e-01   8.176319e-01
         67500   4.233812e-01   6.810220e+01              1             62              0              5   1.656378e+01   3.333052e-01   8.288378e-01
         68000   4.629944e-01   4.302148e+01              0             52              0              4   1.652895e+01   3.146885e-01   8.251162e-01
         68500   4.388873e-01   4.401414e+01              2             55              0              6   1.638135e+01   3.326985e-01   8.227932e-01
         69000   4.770655e-01   4.500212e+01              0             53              0              4   1.662974e+01   3.338101e-01   8.514026e-01
         69500   4.732533e-01   4.597929e+01              1             53              0              5   1.667943e+01   3.285736e-01   8.501605e-01
         70000   4.596016e-01   4.696277e+01              2             55              0              5   1.658616e+01   3.352992e-01   8.286716e-01
         70500   4.780417e-01   4.794560e+01              1             48              0              5   1.691883e+01   3.523188e-01   8.381561e-01
         71000   4.695222e-01   4.892412e+01              2             49              0              2   1.666999e+01   3.485540e-01   8.417721e-01
         71500   4.748906e-01   4.990237e+01              2             52              0              3   1.675897e+01   3.527108e-01   8.447240e-01
         72000   5.043383e-01   3.112789e+01              0             49              0              5   1.664455e+01   3.443251e-01   8.390199e-01
         72500   5.072831e-01   3.210434e+01              1             53              0              4   1.637101e+01   3.538269e-01   8.172844e-01
         73000   5.076857e-01   3.308631e+01              0             56              0              4   1.678520e+01   3.728102e-01   8.220750e-01
         73500   5.130802e-01   3.408136e+01              0             57              1              4   1.668186e+01   3.975621e-01   8.299273e-01
         74000   5.140580e-01   3.506007e+01              1             53              1              5   1.662305e+01   3.754843e-01   8.360986e-01
         74500   5.165712e-01   3.604890e+01              1             55              1              7   1.664952e+01   3.734777e-01   8.357722e-01
         75000   5.217728e-01   3.704672e+01              1             53              0              6   1.668521e+01   3.582094e-01   8.484992e-01
         75500   4.934791e-01   3.803947e+01              2             57              0              4   1.691112e+01   3.587753e-01   8.415770e-01
         76000   4.880905e-01   3.901695e+01              0             53              0              2   1.695117e+01   3.656099e-01   8.359628e-01
         76500   5.448626e-01   2.464142e+01              0             49              0              4   1.700393e+01   3.690579e-01   8.507551e-01
         77000   5.176123e-01   4.097139e+01              0             51              0              4   1.678824e+01   3.650710e-01   8.370611e-01
         77500   5.188473e-01   4.196582e+01              1             52              0              4   1.667011e+01   3.603639e-01   8.371942e-01
         78000   4.980009e-01   6.139325e+01              0             48              0              2   1.692301e+01   3.678499e-01   8.394892e-01
         78500   5.168253e-01   4.394024e+01              0             51              0              3   1.704341e+01   3.780638e-01   8.492114e-01
         79000   5.205967e-01   4.492580e+01              0             51              0              3   1.670476e+01   3.517590e-01   8.471911e-01
         79500   5.596252e-01   3.006987e+01              0             47              0              4   1.675750e+01   3.394783e-01   8.590804e-01
         80000   4.998712e-01   4.681129e+01              1             54              0              3   1.660545e+01   3.502253e-01   8.427187e-01
         80500   5.289315e-01   4.780404e+01              0             48              0              2   1.692924e+01   3.656150e-01   8.438343e-01
         81000   4.921242e-01   4.879390e+01              2             47              0              6   1.683413e+01   3.460382e-01   8.337626e-01
         81500   5.085907e-01   4.978492e+01              0             49              0              3   1.693971e+01   3.400395e-01   8.494323e-01
         82000   5.004798e-01   5.077975e+01              0             50              0              3   1.683910e+01   3.537315e-01   8.536940e-01
         82500   5.029020e-01   5.177017e+01              0             47              0              3   1.695681e+01   3.363545e-01   8.465276e-01
         83000   5.340515e-01   3.623322e+01              1             49              0              4   1.693241e+01   3.469522e-01   8.443266e-01
         83500   5.223707e-01   5.372709e+01              0             46              0              5   1.684674e+01   3.549691e-01   8.603414e-01
         84000   5.541983e-01   3.814607e+01              1             48              0              4   1.694194e+01   3.599706e-01   8.492055e-01
         84500   5.579296e-01   3.914137e+01              0             53              0              3   1.682825e+01   3.585409e-01   8.409920e-01
         85000   5.267956e-01   5.653575e+01              1             53              0              6   1.694459e+01   3.621585e-01   8.453127e-01
         85500   5.286024e-01   5.750702e+01              0             55              0              3   1.676564e+01   3.575047e-01   8.470611e-01
         86000   5.366906e-01   4.202632e+01              1             55              0              4   1.686301e+01   3.621005e-01   8.317788e-01
         86500   5.479573e-01   4.298708e+01              0             56              0              4   1.703322e+01   3.643193e-01   8.375923e-01
         87000   5.145998e-01   6.036785e+01              1             51              0              5   1.684591e+01   3.646843e-01   8.359339e-01
         87500   5.653597e-01   4.493238e+01              0             44              0              2   1.682769e+01   3.394470e-01   8.553097e-01
         88000   5.581050e-01   4.589939e+01              0             51              0              4   1.682925e+01   3.383403e-01   8.534580e-01
         88500   5.642698e-01   4.689387e+01              0             43              0              4   1.692267e+01   3.567247e-01   8.455721e-01
         89000   5.724617e-01   4.788714e+01              1             43              0              3   1.682299e+01   3.613489e-01   8.357534e-01
         89500   5.396700e-01   6.485450e+01              1             49              0              2   1.697818e+01   3.803818e-01   8.262845e-01
         90000   5.421243e-01   4.984357e+01              1             50              0              3   1.679652e+01   3.782512e-01   8.265209e-01
         90500   5.070192e-01   6.674890e+01              0             52              0              4   1.651712e+01   4.051889e-01   8.084632e-01
         91000   5.227293e-01   6.774430e+01              0             54              0              3   1.660171e+01   4.066008e-01   8.026518e-01
         91500   5.062849e-01   6.872535e+01              0             56              0              3   1.655230e+01   4.241217e-01   7.929434e-01
         92000   5.088569e-01   6.971824e+01              0             54              0              4   1.659081e+01   4.186909e-01   7.997308e-01
         92500   5.613016e-01   5.435702e+01              0             47              0              3   1.669985e+01   4.187378e-01   8.026674e-01
         93000   5.452220e-01   5.535373e+01              1             51              0              4   1.634143e+01   4.030847e-01   7.963219e-01
         93500   5.297485e-01   7.255794e+01              0             55              0              4   1.646600e+01   4.174365e-01   7.977023e-01
         94000   5.760041e-01   5.728212e+01              0             49              0              4   1.645215e+01   4.063148e-01   8.020759e-01
         94500   5.958283e-01   3.923252e+01              0             47              0              3   1.653753e+01   4.155726e-01   8.075049e-01
         95000   5.893459e-01   4.022660e+01              0             49              0              4   1.664321e+01   4.277750e-01   8.122851e-01
         95500   6.046728e-01   4.119376e+01              0             49              0              3   1.614471e+01   4.152538e-01   8.021605e-01
         96000   6.056066e-01   4.218782e+01              0             49              0              3   1.589288e+01   4.307159e-01   7.985079e-01
         96500   5.813755e-01   6.189757e+01              0             46              0              3   1.605966e+01   4.482835e-01   8.023401e-01
         97000   5.947832e-01   4.413694e+01              0             45              0              4   1.597164e+01   4.205038e-01   7.864269e-01
         97500   5.956667e-01   4.511720e+01              1             48              0              3   1.635116e+01   4.226395e-01   8.032581e-01
         98000   5.955761e-01   4.610445e+01              0             47              0              3   1.623656e+01   4.243878e-01   7.923398e-01
         98500   5.867160e-01   4.707246e+01              0             50              0              3   1.645712e+01   4.362234e-01   7.936388e-01
         99000   5.972291e-01   4.805701e+01              0             50              0              4   1.583800e+01   4.432238e-01   7.829744e-01
         99500   5.993137e-01   4.904033e+01              2             50              0              4   1.624315e+01   4.404190e-01   7.919858e-01
        100000   5.764111e-01   6.856511e+01              1             51              0              3   1.635968e+01   4.420260e-01   7.858852e-01
        100500   5.791924e-01   6.955658e+01              0             52              0              5   1.635317e+01   4.471345e-01   8.072932e-01
        101000   5.839070e-01   7.050804e+01              0             50              0              5   1.598625e+01   4.336951e-01   7.855201e-01
        101500   5.744497e-01   7.149814e+01              2             48              0              3   1.618005e+01   4.275545e-01   7.950814e-01
        102000   5.905958e-01   7.245485e+01              2             50              0              4   1.610663e+01   4.375154e-01   7.861826e-01
        102500   5.704692e-01   7.342992e+01              1             52              0              4   1.596325e+01   4.391000e-01   7.779476e-01
        103000   5.895014e-01   5.567708e+01              0             51              0              4   1.610089e+01   4.165675e-01   7.813005e-01
        103500   5.629382e-01   7.537425e+01              0             48              0              4   1.616239e+01   4.323179e-01   7.982346e-01
        104000   5.706951e-01   7.636578e+01              1             50              0              4   1.627430e+01   4.339316e-01   7.925363e-01
        104500   5.513307e-01   7.735965e+01              1             53              0              3   1.628254e+01   4.250889e-01   8.043588e-01
        105000   5.812905e-01   7.835356e+01              0             50              0              4   1.629249e+01   4.222515e-01   8.053563e-01
        105500   6.016639e-01   6.031774e+01              0             50              0              5   1.606889e+01   4.287883e-01   7.945584e-01
        106000   5.818791e-01   8.022733e+01              0             47              1              3   1.576815e+01   4.361778e-01   7.943987e-01
        106500   6.153539e-01   6.226747e+01              0             46              0              3   1.613304e+01   4.407918e-01   8.009739e-01
        107000   6.267208e-01   6.325611e+01              0             44              1              3   1.612987e+01   4.165732e-01   8.027759e-01
        107500   6.415915e-01   4.198821e+01              0             45              0              3   1.590277e+01   4.321101e-01   7.940947e-01
        108000   6.410668e-01   4.297797e+01              0             40              0              4   1.619032e+01   4.293323e-01   7.857726e-01
        108500   6.650159e-01   4.396387e+01              0             47              1              4   1.626669e+01   4.244294e-01   8.076201e-01
        109000   6.883439e-01   2.526762e+01              0             48              3              4   1.622458e+01   4.466141e-01   7.950602e-01
        109500   6.753227e-01   4.591156e+01              0             47              2              4   1.652054e+01   4.477178e-01   8.111772e-01
        110000   6.725054e-01   4.690170e+01              0             49              3              6   1.653815e+01   4.663776e-01   7.993493e-01
        110500   6.992381e-01   2.813142e+01              0             47              4              6   1.646194e+01   4.616294e-01   8.008305e-01
        111000   6.812876e-01   4.879336e+01              0             50              4              4   1.631262e+01   4.682705e-01   7.952213e-01
        111500   7.271020e-01   3.011293e+01              0             48              4              5   1.629882e+01   4.623180e-01   7.914125e-01
        112000   7.048739e-01   3.110059e+01              0             46              4              5   1.650548e+01   4.695302e-01   8.010024e-01
        112500   7.061194e-01   3.209219e+01              0             50              3              7   1.653970e+01   4.748501e-01   7.982134e-01
        113000   6.958393e-01   3.308593e+01              0             53              4              7   1.629396e+01   4.830924e-01   8.026183e-01
        113500   7.187576e-01   3.406972e+01              0             47              4              6   1.633816e+01   4.619774e-01   8.000678e-01
        114000   7.020105e-01   3.506359e+01              0             53              4              5   1.651078e+01   4.808121e-01   7.854746e-01
        114500   7.127051e-01   3.605314e+01              0             54              4              6   1.661137e+01   4.828669e-01   7.862438e-01
        115000   6.919400e-01   3.704438e+01              0             50              4              8   1.602315e+01   4.879082e-01   7.766231e-01
        115500   7.211040e-01   3.803133e+01              0             48              4              4   1.644136e+01   4.787233e-01   7.734362e-01
        116000   7.241560e-01   3.901334e+01              0             51              4              6   1.622977e+01   4.960227e-01   7.675337e-01
        116500   7.186550e-01   4.000044e+01              0             55              4              7   1.640034e+01   4.985477e-01   7.694628e-01
        117000   7.128152e-01   4.099725e+01              0             54              4              6   1.621738e+01   5.087584e-01   7.722331e-01
        117500   7.316831e-01   4.198927e+01              0             50              4              6   1.635775e+01   4.946218e-01   7.754117e-01
        118000   7.021846e-01   4.297883e+01              1             52              5              7   1.639072e+01   5.008219e-01   7.773068e-01
        118500   7.203048e-01   4.397020e+01              1             50              4              6   1.651479e+01   4.961767e-01   7.762172e-01
        119000   7.319928e-01   4.494474e+01              0             48              4              5   1.614447e+01   5.075727e-01   7.746129e-01
        119500   7.180211e-01   4.593835e+01              2             53              4              8   1.661318e+01   5.026112e-01   7.855763e-01
        120000   7.320186e-01   4.693332e+01              0             53              4              7   1.642381e+01   4.831706e-01   7.869865e-01
        120500   7.459537e-01   3.164874e+01              0             50              4              6   1.633731e+01   4.744758e-01   7.746133e-01
        121000   7.390808e-01   3.262259e+01              0             52              4              5   1.635107e+01   4.716918e-01   7.810309e-01
        121500   7.409192e-01   3.360858e+01              1             49              4              5   1.634808e+01   5.043856e-01   7.741890e-01
        122000   7.491746e-01   3.458764e+01              0             54              4              4   1.625713e+01   5.191914e-01   7.648435e-01
        122500   7.313142e-01   5.164564e+01              1             52              4              5   1.637115e+01   5.085476e-01   7.699955e-01
        123000   7.393896e-01   3.653434e+01              2             49              4              7   1.619133e+01   5.021089e-01   7.681059e-01
        123500   7.387933e-01   5.359043e+01              1             50              4              3   1.619358e+01   4.907876e-01   7.776444e-01
        124000   7.200139e-01   5.456142e+01              2             44              4              7   1.632144e+01   4.749901e-01   7.843962e-01
        124500   7.210071e-01   5.554634e+01              1             45              3              7   1.648739e+01   4.737443e-01   7.941040e-01
        125000   7.299752e-01   5.652466e+01              1             48              4              5   1.623859e+01   4.650019e-01   7.916463e-01
        125500   7.413388e-01   4.128832e+01              1             46              4              6   1.617222e+01   4.667449e-01   7.788831e-01
        126000   7.142043e-01   5.845807e+01              1             46              4              5   1.598960e+01   4.909292e-01   7.742158e-01
        126500   7.179461e-01   5.945102e+01              0             50              3              7   1.634381e+01   4.938331e-01   7.743538e-01
        127000   7.318851e-01   6.044559e+01              1             47              4              7   1.639306e+01   4.866569e-01   7.847649e-01
        127500   7.110920e-01   6.143214e+01              0             48              4              7   1.644859e+01   4.834243e-01   7.917105e-01
        128000   7.171505e-01   6.242394e+01              1             47              4              7   1.636942e+01   4.654575e-01   7.989481e-01
        128500   7.371348e-01   4.667305e+01              0             47              4              7   1.648989e+01   4.721057e-01   8.002396e-01
        129000   7.369212e-01   6.438636e+01              1             44              4              5   1.592068e+01   4.760532e-01   7.767732e-01
        129500   7.538438e-01   4.861742e+01              1             47              4              7   1.612876e+01   4.941116e-01   7.820123e-01
        130000   7.318839e-01   6.624655e+01              0             52              4              5   1.635265e+01   4.971117e-01   7.907059e-01
        130500   7.182825e-01   6.724184e+01              1             49              4              5   1.627153e+01   4.991939e-01   7.837631e-01
        131000   7.339235e-01   6.822491e+01              0             47              4              6   1.603534e+01   5.007884e-01   7.743540e-01
        131500   7.473731e-01   5.235584e+01              1             45              4              7   1.595480e+01   4.983415e-01   7.769159e-01
        132000   7.547205e-01   5.333413e+01              1             43              3              6   1.601748e+01   5.094700e-01   7.731451e-01
        132500   7.609263e-01   5.432751e+01              0             44              4              6   1.615927e+01   5.047490e-01   7.807325e-01
        133000   7.338020e-01   5.530304e+01              2             45              3              6   1.624581e+01   5.043949e-01   7.775372e-01
        133500   7.257878e-01   7.292585e+01              1             46              4              8   1.631897e+01   5.178376e-01   7.749393e-01
        134000   7.171976e-01   7.390953e+01              1             44              4              8   1.596527e+01   5.266234e-01   7.645341e-01
        134500   7.286783e-01   7.488939e+01              1             47              4              6   1.596065e+01   5.066681e-01   7.644650e-01
        135000   7.276930e-01   7.587719e+01              1             45              4              5   1.668154e+01   4.907707e-01   7.833830e-01
        135500   7.229321e-01   7.686800e+01              1             46              3              6   1.646193e+01   4.816094e-01   7.812793e-01
        136000   7.127390e-01   7.786151e+01              2             47              3              5   1.619637e+01   4.672822e-01   7.808393e-01
        136500   7.105737e-01   7.885973e+01              1             49              3              8   1.613969e+01   4.774427e-01   7.774078e-01
        137000   7.197198e-01   7.985503e+01              1             49              4              7   1.625081e+01   4.629361e-01   7.859904e-01
        137500   7.107597e-01   8.082910e+01              2             49              4              6   1.654705e+01   4.720762e-01   7.905593e-01
        138000   7.267193e-01   8.182127e+01              1             49              3              6   1.649554e+01   4.832703e-01   7.884302e-01
        138500   7.141937e-01   8.281447e+01              1             47              4              7   1.642330e+01   4.869027e-01   7.968719e-01
        139000   7.249297e-01   8.380334e+01              0             51              4              5   1.589415e+01   4.936559e-01   7.830153e-01
        139500   7.130460e-01   8.479740e+01              1             49              3              7   1.574587e+01   5.168862e-01   7.706006e-01
        140000   7.183789e-01   8.579226e+01              1             48              4              7   1.594380e+01   5.120855e-01   7.778239e-01
        140500   7.033819e-01   8.678239e+01              1             49              4              6   1.580270e+01   5.210014e-01   7.665672e-01
        141000   7.156933e-01   8.777129e+01              1             51              4              7   1.586517e+01   5.171931e-01   7.756593e-01
        141500   7.270164e-01   8.875526e+01              0             47              3              8   1.587658e+01   5.017192e-01   7.786718e-01
        142000   7.196144e-01   8.974943e+01              1             51              4              7   1.563886e+01   5.096614e-01   7.683971e-01
        142500   7.497094e-01   7.243112e+01              0             51              4              6   1.558687e+01   5.024598e-01   7.753906e-01
        143000   7.303966e-01   9.165190e+01              1             50              4              7   1.573897e+01   4.981602e-01   7.837614e-01
        143500   7.131741e-01   9.264367e+01              1             48              4              5   1.574401e+01   4.971611e-01   7.889026e-01
        144000   7.169482e-01   9.364163e+01              0             48              4              7   1.585998e+01   4.913899e-01   7.917552e-01
        144500   7.431505e-01   7.614820e+01              1             46              4              6   1.563226e+01   5.043104e-01   7.789033e-01
        145000   7.681393e-01   7.713597e+01              0             43              4              3   1.578952e+01   4.934402e-01   7.876730e-01
        145500   7.704719e-01   7.812300e+01              0             48              4              5   1.586295e+01   5.022712e-01   7.944552e-01
        146000   7.429286e-01   7.911590e+01              1             47              4              5   1.545943e+01   5.062391e-01   7.759203e-01
        146500   7.447522e-01   8.010133e+01              0             51              4              6   1.570318e+01   5.100171e-01   7.911017e-01
        147000   7.672713e-01   8.109653e+01              0             50              4              6   1.575939e+01   4.939668e-01   7.909526e-01
        147500   7.570617e-01   8.208191e+01              1             55              4              4   1.551473e+01   4.904364e-01   7.822415e-01
        148000   7.625578e-01   8.307911e+01              0             51              4              6   1.591943e+01   4.750443e-01   8.004638e-01
        148500   7.655325e-01   8.407486e+01              0             51              3              6   1.590712e+01   4.784221e-01   8.054643e-01
        149000   8.001045e-01   5.956104e+01              1             50              3              6   1.590033e+01   4.790633e-01   8.025667e-01
        149500   7.815891e-01   6.055327e+01              0             46              4              5   1.568064e+01   4.946207e-01   7.919215e-01
        150000   7.881241e-01   6.150415e+01              0             52              4              6   1.592298e+01   4.936729e-01   8.110236e-01
        150500   7.808908e-01   6.246428e+01              0             50              3              5   1.577340e+01   4.857005e-01   7.982272e-01
        151000   7.516973e-01   8.885442e+01              0             54              4              5   1.570776e+01   5.065149e-01   7.907652e-01
        151500   7.847938e-01   6.433558e+01              0             51              3              4   1.589583e+01   5.047917e-01   8.012614e-01
        152000   7.653417e-01   9.079817e+01              0             53              3              5   1.582839e+01   5.095978e-01   7.942958e-01
        152500   7.739979e-01   9.177039e+01              0             56              4              5   1.588096e+01   5.036898e-01   7.892871e-01
        153000   7.618119e-01   9.275550e+01              0             57              3              7   1.606449e+01   5.187367e-01   8.065523e-01
        153500   8.115232e-01   6.812085e+01              0             55              4              4   1.568077e+01   5.007315e-01   7.917565e-01
        154000   7.991154e-01   6.911343e+01              0             53              4              5   1.604456e+01   4.985770e-01   8.067869e-01
        154500   8.228278e-01   4.257044e+01              0             52              4              5   1.621934e+01   4.844240e-01   8.234294e-01
        155000   8.235952e-01   7.107158e+01              0             54              3              4   1.634957e+01   4.949609e-01   8.114069e-01
        155500   8.244222e-01   7.203600e+01              1             54              4              5   1.663019e+01   4.590830e-01   8.098468e-01
        156000   8.325027e-01   4.545432e+01              0             53              4              5   1.649538e+01   4.855387e-01   8.108063e-01
        156500   8.372709e-01   4.643429e+01              0             51              4              6   1.622298e+01   4.835410e-01   8.121681e-01
        157000   8.227251e-01   7.492466e+01              0             51              2              5   1.687257e+01   4.739325e-01   8.321403e-01
        157500   8.189251e-01   7.590859e+01              0             51              4              6   1.691291e+01   4.770880e-01   8.105137e-01
        158000   8.012466e-01   7.689929e+01              0             51              3              4   1.658930e+01   4.882309e-01   7.973218e-01
        158500   7.990805e-01   7.789322e+01              0             53              4              4   1.662256e+01   4.864061e-01   7.971471e-01
        159000   7.715583e-01   1.025681e+02              0             54              3              5   1.663578e+01   4.971485e-01   7.941854e-01
        159500   7.620542e-01   1.035581e+02              1             56              4              6   1.682036e+01   4.922257e-01   8.081525e-01
        160000   7.629675e-01   1.045522e+02              2             56              4              5   1.634369e+01   4.889815e-01   7.946184e-01
        160500   7.615768e-01   1.055501e+02              0             55              4              5   1.666868e+01   4.934245e-01   8.088258e-01
        161000   7.824679e-01   1.065348e+02              1             54              4              5   1.663896e+01   4.910782e-01   8.119696e-01
        161500   8.174370e-01   8.345515e+01              1             51              3              6   1.654732e+01   4.714593e-01   8.124555e-01
        162000   7.995185e-01   8.444209e+01              0             53              4              5   1.664525e+01   4.687377e-01   8.021332e-01
        162500   7.875764e-01   8.543062e+01              0             52              4              5   1.650498e+01   4.739885e-01   8.055171e-01
        163000   7.593026e-01   1.100103e+02              1             55              4              6   1.627943e+01   4.986050e-01   8.051673e-01
        163500   8.154109e-01   8.734700e+01              0             47              3              6   1.643125e+01   4.860207e-01   8.074964e-01
        164000   8.473583e-01   5.874583e+01              0             46              4              4   1.626261e+01   4.762459e-01   7.948660e-01
        164500   8.620844e-01   5.973246e+01              0             47              4              6   1.642421e+01   4.875706e-01   7.983098e-01
        165000   8.919518e-01   3.436240e+01              0             43              3              4   1.639577e+01   4.694317e-01   7.972349e-01
        165500   8.818806e-01   3.534503e+01              0             43              3              3   1.655373e+01   4.729349e-01   8.059251e-01
        166000   8.883534e-01   6.253897e+01              0             46              4              5   1.686566e+01   4.793580e-01   8.125623e-01
        166500   8.709049e-01   3.728539e+01              0             43              3              6   1.689320e+01   4.529110e-01   8.228904e-01
        167000   8.963894e-01   3.826957e+01              0             39              3              3   1.687774e+01   4.427186e-01   8.293849e-01
        167500   8.909287e-01   3.925125e+01              0             41              4              3   1.670829e+01   4.472578e-01   8.162337e-01
        168000   8.578676e-01   6.632638e+01              1             39              4              5   1.688077e+01   4.376767e-01   8.133811e-01
        168500   8.682057e-01   6.731504e+01              1             45              4              4   1.677576e+01   4.386564e-01   8.118630e-01
        169000   8.635458e-01   6.830668e+01              1             43              4              4   1.701359e+01   4.675691e-01   8.084700e-01
        169500   9.127862e-01   4.304736e+01              0             37              4              6   1.659355e+01   4.503836e-01   8.084906e-01
        170000   9.147145e-01   4.403968e+01              0             38              4              6   1.676992e+01   4.207630e-01   8.177213e-01
        170500   9.118030e-01   4.503574e+01              0             40              4              2   1.650365e+01   4.077662e-01   8.198122e-01
        171000   9.267976e-01   4.603180e+01              1             40              4              4   1.665855e+01   4.295539e-01   8.073318e-01
        171500   9.478133e-01   2.685408e+01              0             40              4              3   1.675698e+01   4.331484e-01   8.119105e-01
        172000   9.134470e-01   4.791503e+01              1             42              4              6   1.644460e+01   4.134713e-01   8.188964e-01
        172500   9.119981e-01   4.888685e+01              0             39              4              5   1.655001e+01   3.987981e-01   8.216291e-01
        173000   9.083330e-01   4.988340e+01              2             37              4              2   1.675444e+01   4.063893e-01   8.312268e-01
        173500   9.294910e-01   3.049430e+01              1             38              4              5   1.645024e+01   3.830145e-01   8.364604e-01
        174000   9.207862e-01   5.183218e+01              2             38              4              5   1.669092e+01   3.782915e-01   8.355016e-01
        174500   9.309727e-01   3.242076e+01              1             37              4              3   1.681419e+01   3.830969e-01   8.462280e-01
        175000   9.417429e-01   3.338657e+01              2             36              4              6   1.657840e+01   3.921456e-01   8.351846e-01
        175500   9.292709e-01   5.473266e+01              2             37              4              4   1.626477e+01   3.840252e-01   8.433985e-01
        176000   9.540048e-01   3.530644e+01              1             34              4              4   1.648603e+01   3.981738e-01   8.309673e-01
        176500   9.473258e-01   3.628997e+01              2             37              3              6   1.629145e+01   4.026913e-01   8.208579e-01
        177000   9.273111e-01   5.753728e+01              0             38              4              5   1.622604e+01   4.015138e-01   8.021555e-01
        177500   9.223631e-01   5.851269e+01              1             38              4              4   1.657371e+01   4.128345e-01   8.267021e-01
        178000   9.297449e-01   3.914101e+01              1             37              4              5   1.651019e+01   4.113052e-01   8.434308e-01
        178500   9.619993e-01   4.012712e+01              1             37              4              3   1.645140e+01   3.972111e-01   8.332179e-01
        179000   9.510550e-01   4.112232e+01              1             36              4              4   1.631594e+01   3.956814e-01   8.384791e-01
        179500   9.460113e-01   4.209514e+01              1             39              4              6   1.644615e+01   3.765813e-01   8.473857e-01
        180000   9.567821e-01   4.307776e+01              1             39              4              5   1.654806e+01   3.858390e-01   8.411857e-01
        180500   9.245586e-01   6.417623e+01              1             36              4              6   1.653934e+01   4.023265e-01   8.405150e-01
        181000   9.406646e-01   4.499890e+01              1             37              4              3   1.629399e+01   3.845576e-01   8.500499e-01
        181500   9.395174e-01   6.609430e+01              1             38              3              2   1.648988e+01   3.908941e-01   8.462139e-01
        182000   9.317845e-01   6.705373e+01              1             35              4              3   1.643959e+01   3.673052e-01   8.413498e-01
        182500   9.227337e-01   6.803883e+01              2             36              4              6   1.647803e+01   3.494843e-01   8.457205e-01
        183000   9.184686e-01   6.902741e+01              1             39              4              4   1.638699e+01   3.644123e-01   8.454446e-01
        183500   9.424734e-01   4.976001e+01              1             40              4              5   1.663632e+01   3.763477e-01   8.448041e-01
        184000   9.427307e-01   5.074790e+01              1             38              4              6   1.654859e+01   3.802980e-01   8.369311e-01
        184500   9.412911e-01   5.171453e+01              1             37              4              4   1.657041e+01   3.635917e-01   8.316788e-01
        185000   9.239349e-01   5.266632e+01              1             37              3              4   1.651312e+01   3.819058e-01   8.340222e-01
        185500   9.366166e-01   7.381240e+01              1             37              3              3   1.656635e+01   3.913968e-01   8.271531e-01
        186000   9.565327e-01   5.462117e+01              1             36              4              5   1.668544e+01   3.743851e-01   8.370926e-01
        186500   9.746912e-01   5.560401e+01              1             37              4              4   1.671587e+01   3.813752e-01   8.351349e-01
        187000   9.700109e-01   5.659753e+01              1             37              4              4   1.707377e+01   3.906496e-01   8.407255e-01
        187500   9.671496e-01   5.759242e+01              1             37              3              2   1.670055e+01   3.730395e-01   8.411003e-01
        188000   9.468334e-01   7.809262e+01              1             35              4              4   1.693102e+01   3.871939e-01   8.248616e-01
        188500   9.510944e-01   5.955699e+01              2             35              4              5   1.668684e+01   3.868769e-01   8.246311e-01
        189000   9.615846e-01   6.055421e+01              2             35              4              6   1.681988e+01   3.879449e-01   8.266331e-01
        189500   9.647030e-01   6.153771e+01              1             36              4              5   1.647550e+01   3.902406e-01   8.260240e-01
        190000   9.750444e-01   6.252796e+01              1             35              3              6   1.670626e+01   3.787661e-01   8.557843e-01
        190500   9.862717e-01   4.332897e+01              0             34              4              6   1.644399e+01   3.722368e-01   8.423252e-01
        191000   9.903885e-01   6.443618e+01              1             35              4              5   1.679981e+01   3.616698e-01   8.655058e-01
        191500   1.013299e+00   4.531149e+01              1             35              4              4   1.615231e+01   3.731386e-01   8.568615e-01
        192000   9.952122e-01   6.621163e+01              1             35              4              5   1.620760e+01   3.633943e-01   8.575593e-01
        192500   1.013184e+00   4.727328e+01              1             34              4              6   1.644887e+01   3.660364e-01   8.720246e-01
        193000   1.024128e+00   4.825902e+01              0             34              4              5   1.640387e+01   3.498126e-01   8.586578e-01
        193500   1.008233e+00   4.925202e+01              0             34              4              6   1.649897e+01   3.613485e-01   8.675297e-01
        194000   1.014648e+00   5.024087e+01              0             35              3              4   1.633513e+01   3.652054e-01   8.572360e-01
        194500   1.050217e+00   3.198541e+01              0             34              4              4   1.633520e+01   3.527220e-01   8.508463e-01
        195000   1.076335e+00   3.297857e+01              0             33              3              5   1.626738e+01   3.510644e-01   8.577072e-01
        195500   1.036287e+00   3.396240e+01              0             34              4              4   1.643075e+01   3.451824e-01   8.508709e-01
        196000   1.026069e+00   5.392837e+01              0             34              3              5   1.650926e+01   3.663890e-01   8.713305e-01
        196500   1.022675e+00   5.491510e+01              0             33              4              4   1.661049e+01   3.641231e-01   8.625557e-01
        197000   1.064026e+00   3.679897e+01              0             36              4              3   1.652908e+01   3.705977e-01   8.694161e-01
        197500   1.052668e+00   3.778463e+01              0             36              4              5   1.648843e+01   3.546736e-01   8.701863e-01
        198000   1.062964e+00   3.877857e+01              0             34              4              5   1.648679e+01   3.615371e-01   8.776145e-01
        198500   1.051568e+00   3.976733e+01              0             37              4              5   1.658354e+01   3.613907e-01   8.709628e-01
        199000   1.054877e+00   4.076277e+01              0             36              4              4   1.627492e+01   3.652453e-01   8.456967e-01
        199500   1.033898e+00   4.173234e+01              0             35              4              5   1.652467e+01   3.831561e-01   8.573918e-01
        200000   1.066955e+00   4.270891e+01              0             36              4              5   1.648718e+01   3.797888e-01   8.628308e-01
        200500   1.106699e+00   2.669676e+01              0             37              3              5   1.665608e+01   3.823736e-01   8.650278e-01
        201000   1.118516e+00   2.769220e+01              0             34              3              4   1.674998e+01   3.628314e-01   8.814817e-01
        201500   1.110364e+00   2.869062e+01              1             35              4              4   1.630841e+01   3.589334e-01   8.558855e-01
        202000   1.084260e+00   2.966322e+01              0             35              4              6   1.675264e+01   3.572937e-01   8.702484e-01
        202500   1.115893e+00   3.065003e+01              0             36              4              5   1.687263e+01   3.535588e-01   8.919273e-01
        203000   1.068241e+00   4.821694e+01              0             36              4              6   1.680029e+01   3.464616e-01   8.833033e-01
        203500   1.118480e+00   3.258278e+01              1             35              4              4   1.676374e+01   3.580956e-01   8.856842e-01
        204000   1.114832e+00   3.357404e+01              0             34              4              3   1.652804e+01   3.649657e-01   8.799073e-01
        204500   1.123040e+00   3.457031e+01              0             35              3              3   1.685786e+01   3.530104e-01   8.760016e-01
        205000   1.144493e+00   2.162455e+01              0             30              4              4   1.680292e+01   3.409765e-01   8.691733e-01
        205500   1.145469e+00   2.257440e+01              0             35              4              3   1.670597e+01   3.578571e-01   8.693240e-01
        206000   1.143943e+00   2.355513e+01              1             35              4              5   1.667345e+01   3.447854e-01   8.821270e-01
        206500   1.132282e+00   3.843908e+01              0             35              2              3   1.666480e+01   3.397358e-01   8.825750e-01
        207000   1.149970e+00   2.547785e+01              0             34              4              3   1.657744e+01   3.408552e-01   8.802064e-01
        207500   1.127590e+00   4.037950e+01              0             32              3              4   1.651830e+01   3.581134e-01   8.656245e-01
        208000   1.136073e+00   2.734984e+01              0             34              2              5   1.660185e+01   3.464146e-01   8.738642e-01
        208500   1.121617e+00   4.236423e+01              0             34              2              2   1.684059e+01   3.367730e-01   9.003063e-01
        209000   1.099137e+00   4.336113e+01              0             34              1              3   1.662786e+01   3.497809e-01   8.884810e-01
        209500   1.135161e+00   4.434215e+01              1             32              3              3   1.657157e+01   3.498465e-01   8.791418e-01
        210000   1.151699e+00   3.096620e+01              0             35              2              2   1.663158e+01   3.443429e-01   8.843231e-01
        210500   1.140945e+00   4.621169e+01              0             31              1              1   1.655693e+01   3.556272e-01   8.598867e-01
        211000   1.183311e+00   2.011604e+01              0             33              1              3   1.668203e+01   3.482367e-01   8.795810e-01
        211500   1.142226e+00   3.392126e+01              0             33              2              3   1.668810e+01   3.503237e-01   8.689932e-01
        212000   1.157554e+00   3.491048e+01              0             34              3              3   1.644755e+01   3.597308e-01   8.469045e-01
        212500   1.123114e+00   4.986675e+01              0             34              4              5   1.651048e+01   3.552493e-01   8.466140e-01
        213000   1.054326e+00   6.388734e+01              1             35              4              7   1.671526e+01   3.696971e-01   8.523112e-01
        213500   1.109442e+00   5.174504e+01              1             35              3              5   1.666894e+01   3.624586e-01   8.414840e-01
        214000   1.131519e+00   5.273282e+01              0             34              3              5   1.669083e+01   3.522594e-01   8.607060e-01
        214500   1.120302e+00   5.372599e+01              0             37              4              5   1.665893e+01   3.619393e-01   8.625510e-01
        215000   1.122697e+00   5.471925e+01              1             34              4              5   1.661591e+01   3.737348e-01   8.599785e-01
        215500   1.113628e+00   5.571316e+01              1             34              4              6   1.653006e+01   3.755493e-01   8.439082e-01
        216000   1.121169e+00   5.670740e+01              1             34              4              6   1.667083e+01   3.852516e-01   8.430565e-01
        216500   1.132886e+00   4.282644e+01              0             35              3              3   1.672131e+01   3.595178e-01   8.616519e-01
        217000   1.149838e+00   4.379424e+01              0             34              4              3   1.683746e+01   3.580946e-01   8.619521e-01
        217500   1.133816e+00   5.962060e+01              0             34              4              5   1.651705e+01   3.617971e-01   8.430374e-01
        218000   1.139851e+00   6.060295e+01              0             38              3              4   1.668557e+01   3.522128e-01   8.610180e-01
        218500   1.142427e+00   6.153920e+01              0             34              3              3   1.682514e+01   3.543161e-01   8.720602e-01
        219000   1.142411e+00   4.761205e+01              0             33              3              2   1.664803e+01   3.500643e-01   8.499562e-01
        219500   1.161503e+00   4.860653e+01              0             32              3              4   1.666031e+01   3.518770e-01   8.499691e-01
        220000   1.153950e+00   4.960310e+01              0             36              4              4   1.684570e+01   3.610114e-01   8.654446e-01
        220500   1.156898e+00   5.059872e+01              0             34              4              6   1.662527e+01   3.521588e-01   8.560541e-01
        221000   1.155216e+00   5.158622e+01              0             35              3              6   1.660721e+01   3.533556e-01   8.377703e-01
        221500   1.162885e+00   5.258307e+01              0             39              3              5   1.661395e+01   3.651562e-01   8.590889e-01
        222000   1.202905e+00   3.637146e+01              0             35              4              6   1.642849e+01   3.827460e-01   8.542044e-01
        222500   1.200204e+00   3.736157e+01              0             37              4              5   1.660472e+01   3.801470e-01   8.492972e-01
        223000   1.217782e+00   3.835559e+01              0             33              2              3   1.653077e+01   3.778487e-01   8.573184e-01
        223500   1.242341e+00   2.318687e+01              0             31              4              4   1.653700e+01   3.721021e-01   8.482519e-01
        224000   1.219939e+00   4.030044e+01              0             33              4              4   1.656991e+01   3.767671e-01   8.405166e-01
        224500   1.223584e+00   2.502628e+01              0             34              3              5   1.655782e+01   3.717394e-01   8.573050e-01
        225000   1.223630e+00   4.225936e+01              0             31              2              3   1.666101e+01   3.622254e-01   8.549929e-01
        225500   1.247101e+00   2.689294e+01              0             29              0              4   1.645223e+01   3.578603e-01   8.424538e-01
        226000   1.214013e+00   4.422070e+01              0             36              1              1   1.647697e+01   3.512007e-01   8.547783e-01
        226500   1.236581e+00   2.876974e+01              0             34              2              3   1.647783e+01   3.585669e-01   8.731867e-01
        227000   1.227105e+00   4.615842e+01              0             34              1              2   1.632432e+01   3.393669e-01   8.678219e-01
        227500   1.213009e+00   4.715132e+01              0             34              2              2   1.654928e+01   3.314822e-01   8.651717e-01
        228000   1.200947e+00   4.813647e+01              0             34              2              3   1.648566e+01   3.393467e-01   8.584636e-01
        228500   1.254955e+00   3.242288e+01              0             33              1              2   1.673730e+01   3.386707e-01   8.546476e-01
        229000   1.239312e+00   3.340612e+01              0             32              0              3   1.647012e+01   3.346299e-01   8.577400e-01
        229500   1.247357e+00   3.438585e+01              0             32              0              3   1.655473e+01   3.510565e-01   8.676868e-01
        230000   1.269524e+00   3.537983e+01              0             36              0              4   1.631873e+01   3.487627e-01   8.712798e-01
        230500   1.282159e+00   3.636454e+01              0             32              0              3   1.649185e+01   3.411403e-01   8.586638e-01
        231000   1.317566e+00   2.253202e+01              0             31              0              2   1.644875e+01   3.449425e-01   8.655973e-01
        231500   1.313868e+00   2.352886e+01              0             30              0              3   1.653609e+01   3.421519e-01   8.671789e-01
        232000   1.302034e+00   2.446429e+01              0             33              0              2   1.667604e+01   3.421373e-01   8.683215e-01
        232500   1.304901e+00   2.544988e+01              0             31              0              3   1.641170e+01   3.685854e-01   8.680229e-01
        233000   1.312442e+00   2.644694e+01              0             32              0              3   1.644660e+01   3.520420e-01   8.740187e-01
        233500   1.322634e+00   2.744390e+01              0             30              0              3   1.624197e+01   3.756826e-01   8.711690e-01
        234000   1.287394e+00   4.281159e+01              0             33              1              2   1.676185e+01   3.644136e-01   8.730453e-01
        234500   1.324245e+00   2.941304e+01              0             30              0              3   1.667033e+01   3.550424e-01   8.770541e-01
        235000   1.320157e+00   3.040625e+01              0             34              0              2   1.685666e+01   3.650898e-01   8.855331e-01
        235500   1.313125e+00   3.140388e+01              0             33              0              4   1.656354e+01   3.669238e-01   8.623307e-01
        236000   1.329842e+00   3.238783e+01              0             31              0              1   1.620078e+01   3.586839e-01   8.595086e-01
        236500   1.326597e+00   2.104505e+01              0             33              0              3   1.644073e+01   3.483021e-01   8.513443e-01
        237000   1.400433e+00   1.233865e+01              0             30              0              2   1.657711e+01   3.521648e-01   8.707091e-01
        237500   1.357128e+00   2.299540e+01              0             33              0              2   1.655461e+01   3.427882e-01   8.791528e-01
        238000   1.352515e+00   2.398450e+01              0             32              0              3   1.656182e+01   3.490489e-01   8.941440e-01
        238500   1.367508e+00   2.498361e+01              0             27              0              2   1.659632e+01   3.294999e-01   8.766146e-01
        239000   1.390095e+00   2.597206e+01              0             22              0              2   1.641216e+01   3.397302e-01   8.816952e-01
        239500   1.384035e+00   2.694959e+01              0             23              0              2   1.669433e+01   3.234065e-01   8.840495e-01
        240000   1.395193e+00   2.793007e+01              0             25              0              2   1.670946e+01   3.342379e-01   8.760944e-01
        240500   1.403222e+00   1.873826e+01              0             24              0              2   1.703507e+01   3.499787e-01   8.726179e-01
        241000   1.432649e+00   1.972936e+01              0             25              0              1   1.680625e+01   3.496451e-01   8.810325e-01
        241500   1.430525e+00   2.071312e+01              0             23              0              2   1.666480e+01   3.681884e-01   8.669660e-01
        242000   1.428601e+00   2.169870e+01              0             27              0              1   1.678672e+01   3.733148e-01   8.863836e-01
        242500   1.473356e+00   1.428715e+01              0             25              0              1   1.669670e+01   3.811545e-01   8.703243e-01
        243000   1.436026e+00   2.357006e+01              0             28              0              2   1.667832e+01   3.772680e-01   8.595651e-01
        243500   1.452595e+00   1.622922e+01              0             24              0              2   1.658511e+01   3.714937e-01   8.560111e-01
        244000   1.438798e+00   2.551478e+01              0             24              0              2   1.672521e+01   3.707123e-01   8.717416e-01
        244500   1.428607e+00   2.650665e+01              0             25              0              2   1.656055e+01   3.629489e-01   8.708885e-01
        245000   1.411144e+00   2.749278e+01              0             26              0              1   1.679827e+01   3.779826e-01   8.770635e-01
        245500   1.426863e+00   2.848546e+01              0             23              0              2   1.702822e+01   3.716996e-01   8.894912e-01
        246000   1.440492e+00   2.945892e+01              0             27              0              2   1.719215e+01   3.769652e-01   8.817478e-01
        246500   1.460784e+00   2.181571e+01              0             27              0              3   1.730349e+01   3.871203e-01   8.917680e-01
        247000   1.448867e+00   3.128139e+01              0             28              0              4   1.741394e+01   3.793906e-01   8.985631e-01
        247500   1.483801e+00   2.379938e+01              0             27              0              3   1.697739e+01   3.785970e-01   8.956481e-01
        248000   1.489825e+00   1.624441e+01              0             26              0              3   1.710123e+01   3.795473e-01   8.911485e-01
        248500   1.511901e+00   1.720114e+01              0             24              0              3   1.728573e+01   4.283192e-01   8.823605e-01
        249000   1.510680e+00   1.818481e+01              0             25              0              2   1.725997e+01   4.308304e-01   8.957415e-01
        249500   1.562965e+00   1.148157e+01              0             19              0              1   1.743795e+01   4.172082e-01   9.146255e-01
        250000   1.556025e+00   1.244995e+01              0             24              0              3   1.694398e+01   4.272041e-01   8.799962e-01
        250500   1.574234e+00   1.344715e+01              0             24              0              2   1.706519e+01   4.483061e-01   9.085470e-01
        251000   1.562543e+00   1.444592e+01              0             24              0              1   1.702958e+01   4.214974e-01   8.986590e-01
        251500   1.574711e+00   1.544318e+01              0             26              0              2   1.720034e+01   4.362428e-01   9.061155e-01
        252000   1.564228e+00   1.643979e+01              0             20              0              1   1.719772e+01   4.447379e-01   9.061325e-01
        252500   1.580173e+00   1.742735e+01              0             29              0              2   1.690809e+01   4.486010e-01   9.194939e-01
        253000   1.561520e+00   1.841815e+01              0             26              0              2   1.704124e+01   4.508405e-01   9.080305e-01
        253500   1.599461e+00   1.270127e+01              0             25              0              1   1.707774e+01   4.310571e-01   9.119696e-01
        254000   1.591433e+00   2.038457e+01              0             22              0              0   1.708143e+01   4.365337e-01   9.305304e-01
        254500   1.563705e+00   2.137044e+01              0             26              0              0   1.704733e+01   4.649712e-01   9.076994e-01
        255000   1.596941e+00   1.544182e+01              0             16              0              0   1.717671e+01   4.589688e-01   9.086902e-01
        255500   1.612490e+00   1.642799e+01              0             15              0              2   1.711230e+01   4.578625e-01   9.074218e-01
        256000   1.621855e+00   1.742146e+01              0             20              0              3   1.717314e+01   4.373488e-01   9.132652e-01
        256500   1.612683e+00   1.841778e+01              0             22              0              2   1.711000e+01   4.539141e-01   9.196549e-01
        257000   1.613305e+00   1.941186e+01              0             20              0              3   1.709905e+01   4.444697e-01   9.194423e-01
        257500   1.580627e+00   2.696216e+01              0             25              0              1   1.725908e+01   4.670948e-01   9.232825e-01
        258000   1.595201e+00   2.794073e+01              0             23              0              3   1.728824e+01   4.549506e-01   9.233271e-01
        258500   1.567865e+00   2.891036e+01              0             24              0              2   1.735300e+01   4.682590e-01   9.246409e-01
        259000   1.562770e+00   2.990071e+01              0             19              0              2   1.716838e+01   4.740913e-01   9.076546e-01
        259500   1.567243e+00   3.087634e+01              0             21              0              3   1.725923e+01   4.665512e-01   9.227626e-01
        260000   1.574814e+00   3.187133e+01              0             19              0              3   1.714917e+01   4.747947e-01   9.171179e-01
        260500   1.565599e+00   3.286056e+01              0             22              0              3   1.731199e+01   4.991881e-01   9.141747e-01
        261000   1.632502e+00   1.778857e+01              0             19              0              2   1.735414e+01   5.114524e-01   9.279832e-01
        261500   1.622622e+00   2.761942e+01              0             19              0              2   1.717279e+01   4.993308e-01   9.106000e-01
        262000   1.617418e+00   2.861058e+01              0             21              0              3   1.708499e+01   5.189869e-01   9.135842e-01
        262500   1.648453e+00   2.055799e+01              0             21              0              1   1.709718e+01   5.205594e-01   9.074793e-01
        263000   1.708700e+00   1.275130e+01              0             27              0              2   1.727556e+01   5.210606e-01   9.233229e-01
        263500   1.729899e+00   1.374304e+01              0             21              0              2   1.715501e+01   5.229742e-01   9.207737e-01
        264000   1.728594e+00   1.473848e+01              0             20              0              2   1.725456e+01   5.167516e-01   9.233750e-01
        264500   1.722547e+00   1.572249e+01              0             20              0              2   1.744653e+01   4.932276e-01   9.357787e-01
        265000   1.755975e+00   9.958512e+00              0             23              0              3   1.709138e+01   4.830619e-01   9.306186e-01
        265500   1.783729e+00   1.094904e+01              0             23              0              2   1.695854e+01   4.840627e-01   9.113686e-01
        266000   1.771444e+00   1.193933e+01              0             24              0              1   1.699366e+01   4.904729e-01   9.172357e-01
        266500   1.776849e+00   1.293607e+01              0             24              0              2   1.713246e+01   5.023586e-01   9.216866e-01
        267000   1.804636e+00   8.929152e+00              0             17              0              2   1.706223e+01   4.755019e-01   9.042951e-01
        267500   1.791854e+00   9.891137e+00              0             26              0              2   1.696274e+01   5.113353e-01   9.036071e-01
        268000   1.806744e+00   1.085914e+01              0             22              0              2   1.726684e+01   5.238891e-01   9.115340e-01
        268500   1.784066e+00   1.677222e+01              0             22              0              2   1.714641e+01   5.374038e-01   8.906276e-01
        269000   1.775225e+00   1.776886e+01              0             21              0              2   1.688248e+01   5.114735e-01   8.937351e-01
        269500   1.773581e+00   1.876675e+01              0             21              0              1   1.723400e+01   4.868816e-01   9.155015e-01
        270000   1.778249e+00   1.974684e+01              0             21              0              2   1.710572e+01   4.793993e-01   9.071473e-01
        270500   1.802969e+00   1.550936e+01              0             19              0              1   1.731123e+01   4.922810e-01   9.039212e-01
        271000   1.810383e+00   1.650675e+01              0             17              0              2   1.732584e+01   4.978211e-01   9.045117e-01
        271500   1.841266e+00   1.749551e+01              0             18              0              1   1.702833e+01   5.016055e-01   8.895015e-01
        272000   1.850886e+00   1.846701e+01              0             19              0              1   1.719225e+01   4.869059e-01   9.089087e-01
        272500   1.863529e+00   1.378242e+01              0             16              0              2   1.704261e+01   4.773836e-01   9.132887e-01
        273000   1.880250e+00   1.477922e+01              0             15              0              2   1.750803e+01   4.744810e-01   9.161517e-01
        273500   1.884346e+00   1.575922e+01              0             18              0              1   1.714581e+01   4.678627e-01   9.139784e-01
        274000   1.916641e+00   1.102062e+01              0             14              0              0   1.715943e+01   4.543715e-01   8.855701e-01
        274500   1.894440e+00   1.765942e+01              0             20              0              2   1.693913e+01   4.656749e-01   8.922567e-01
        275000   1.904750e+00   1.296942e+01              0             22              0              2   1.716957e+01   4.634954e-01   9.034220e-01
        275500   1.927872e+00   1.396015e+01              0             24              0              1   1.735911e+01   4.684432e-01   9.162832e-01
        276000   1.947372e+00   9.479132e+00              0             20              0              2   1.720857e+01   4.518704e-01   9.172970e-01
        276500   1.924645e+00   1.589307e+01              0             24              0              2   1.722963e+01   4.382523e-01   9.295914e-01
        277000   1.947687e+00   1.687394e+01              0             24              0              1   1.700917e+01   4.573775e-01   9.224456e-01
        277500   1.962031e+00   1.236052e+01              0             22              0              2   1.711689e+01   4.530745e-01   9.254169e-01
        278000   1.935037e+00   1.876366e+01              0             23              0              2   1.709429e+01   4.342245e-01   8.923171e-01
        278500   1.925373e+00   1.974871e+01              0             24              0              2   1.698150e+01   4.205159e-01   9.018069e-01
        279000   1.909024e+00   2.074690e+01              0             23              0              2   1.721951e+01   4.390478e-01   8.917463e-01
        279500   1.888090e+00   2.591270e+01              0             21              0              2   1.683153e+01   4.319690e-01   8.919859e-01
        280000   1.902496e+00   2.269414e+01              0             19              0              2   1.667142e+01   4.498036e-01   8.913891e-01
        280500   1.909015e+00   2.366459e+01              0             16              0              3   1.698357e+01   4.606960e-01   8.959476e-01
        281000   1.943421e+00   2.465741e+01              0             17              0              2   1.678377e+01   4.701504e-01   9.061031e-01
        281500   1.930317e+00   2.563422e+01              0             22              0              3   1.673373e+01   4.798120e-01   8.934273e-01
        282000   1.948227e+00   2.029172e+01              0             17              0              3   1.705318e+01   4.541787e-01   9.112922e-01
        282500   1.958297e+00   2.127832e+01              0             19              0              3   1.668497e+01   4.722609e-01   9.095245e-01
        283000   1.967788e+00   2.226992e+01              0             17              0              2   1.677963e+01   4.689261e-01   9.127217e-01
        283500   2.007406e+00   1.555233e+01              0             22              0              2   1.670076e+01   4.680506e-01   9.010258e-01
        284000   2.031077e+00   1.654890e+01              0             19              0              3   1.675661e+01   4.701764e-01   9.083886e-01
        284500   2.049435e+00   1.043180e+01              0             18              0              2   1.654520e+01   4.811837e-01   8.950833e-01
        285000   2.065648e+00   1.140676e+01              0             17              0              2   1.679061e+01   4.865665e-01   8.877438e-01
        285500   2.083704e+00   1.239852e+01              0             19              0              3   1.653931e+01   4.959447e-01   8.817316e-01
        286000   2.077579e+00   1.337915e+01              0             20              0              3   1.691404e+01   4.813783e-01   9.010442e-01
        286500   2.101861e+00   1.435181e+01              0             19              0              3   1.686538e+01   4.794567e-01   8.834462e-01
        287000   2.107049e+00   9.778164e+00              0             18              0              3   1.700689e+01   4.955074e-01   8.868670e-01
        287500   2.092278e+00   1.627671e+01              0             19              0              3   1.676909e+01   4.773532e-01   8.900129e-01
        288000   2.083560e+00   1.725776e+01              0             20              0              2   1.667528e+01   4.786648e-01   8.838483e-01
        288500   2.070152e+00   1.825434e+01              0             19              0              2   1.692354e+01   4.789150e-01   9.042378e-01
        289000   2.079341e+00   1.925166e+01              0             20              0              2   1.704719e+01   4.883552e-01   8.964296e-01
        289500   2.114187e+00   1.445206e+01              0             20              0              3   1.690287e+01   4.651845e-01   9.026024e-01
        290000   2.110313e+00   1.544540e+01              0             19              0              3   1.675452e+01   4.873297e-01   9.003521e-01
        290500   2.074809e+00   2.210532e+01              0             20              0              3   1.726789e+01   4.811966e-01   8.968281e-01
        291000   2.063175e+00   2.309938e+01              0             19              0              1   1.704447e+01   4.789072e-01   8.868001e-01
        291500   2.049432e+00   2.409320e+01              0             18              0              3   1.697844e+01   4.909001e-01   8.942252e-01
        292000   2.065850e+00   2.508517e+01              0             18              0              2   1.694134e+01   5.005168e-01   8.794258e-01
        292500   2.090795e+00   1.983960e+01              0             16              0              2   1.706867e+01   5.179963e-01   8.701943e-01
        293000   2.063840e+00   2.706902e+01              0             16              0              2   1.735699e+01   5.274361e-01   8.830836e-01
        293500   2.047077e+00   3.246974e+01              0             18              0              3   1.725844e+01   5.169718e-01   8.847888e-01
        294000   2.060589e+00   2.902055e+01              0             18              0              3   1.708691e+01   5.214125e-01   8.651720e-01
        294500   2.085937e+00   3.000713e+01              0             17              0              2   1.724706e+01   5.191063e-01   8.652559e-01
        295000   2.087768e+00   3.097987e+01              0             17              0              2   1.713449e+01   5.103375e-01   8.857838e-01
        295500   2.037368e+00   3.596755e+01              0             18              0              1   1.708541e+01   5.153450e-01   8.389448e-01
        296000   2.008312e+00   3.695416e+01              0             19              0              3   1.702564e+01   5.124030e-01   8.581266e-01
        296500   2.026613e+00   3.794425e+01              0             19              0              1   1.709248e+01   5.130556e-01   8.551306e-01
        297000   2.063792e+00   3.459489e+01              0             18              0              2   1.708996e+01   4.955502e-01   8.646869e-01
        297500   2.057565e+00   3.558961e+01              0             19              0              2   1.726325e+01   5.016193e-01   8.743043e-01
        298000   2.077517e+00   3.658129e+01              0             19              0              1   1.699509e+01   5.011686e-01   8.655303e-01
        298500   2.097803e+00   3.755060e+01              0             19              0              2   1.733894e+01   4.895818e-01   8.805688e-01
        299000   2.126473e+00   3.047401e+01              0             18              0              2   1.712257e+01   4.983827e-01   8.784121e-01
        299500   2.123455e+00   3.146507e+01              0             16              0              2   1.710699e+01   5.037631e-01   8.732856e-01
        300000   2.142511e+00   2.203905e+01              0             17              0              2   1.725432e+01   5.017068e-01   8.747521e-01
        300500   2.182542e+00   2.303013e+01              0             17              0              3   1.729643e+01   5.209020e-01   8.846873e-01
        301000   2.199350e+00   1.409308e+01              0             17              0              2   1.705050e+01   4.991044e-01   8.895389e-01
        301500   2.199323e+00   1.504810e+01              0             16              0              1   1.691484e+01   4.926504e-01   8.677239e-01
        302000   2.185441e+00   2.592833e+01              0             17              0              1   1.682286e+01   4.928677e-01   8.518709e-01
        302500   2.223124e+00   1.701041e+01              0             18              0              2   1.660556e+01   4.840840e-01   8.506235e-01
        303000   2.213019e+00   1.800149e+01              0             17              0              2   1.688575e+01   4.832867e-01   8.815675e-01
        303500   2.233712e+00   1.899339e+01              0             17              0              1   1.656245e+01   4.868067e-01   8.619757e-01
        304000   2.231938e+00   1.998653e+01              0             16              0              2   1.649866e+01   5.003219e-01   8.654699e-01
        304500   2.219947e+00   2.097898e+01              0             18              0              2   1.677387e+01   4.834242e-01   8.642368e-01
        305000   2.200252e+00   2.195943e+01              0             19              0              2   1.670106e+01   4.938238e-01   8.525520e-01
        305500   2.256918e+00   1.455196e+01              0             15              0              2   1.694167e+01   5.083348e-01   8.626704e-01
        306000   2.275763e+00   1.552881e+01              0             17              0              2   1.677171e+01   4.913574e-01   8.562707e-01
